0.9162489334326376
0.9136177135982042
0.8557708143650781
0.8053647270928896
0.05336641883911791
0.047520816171320396
0.03333335587150938
0.029591132697464446
0.27766215748981465
0.23754139084906295
0.21992392309138425
0.1097418151280773
0.027848507533333563
0.025338571844387453
0.0725649767702602
0.07120965588582871
0.005233190191984257
0.019611720540523223
0.05430035532247921
0.03004781746980527
0.09366244668957703
0.12431445607778935
0.013525718351873803
0.0058694218584167505
0.05206695797739917
0.038539375162533876
0.019327267969595694
0.03872394296151878
0.16308491215106513
0.11310411739063868
0.03304238677651937
0.046689236508050264
0.030375243740732548
0.06786402861128331
0.982250155755588
0.984114926903356
0.04661459344061919
0.05047886967324968
0.050095619691157646
0.1820025384539477
0.7830703218678342
0.7284040198321083
0.07133935367499353
0.027706346080789132
0.4245406561111252
0.3069088857770076
0.07662242765434299
0.06132408310398559
0.9834259896233137
0.9964000338522914
0.0005493208781152616
0.001315521859725292
0.7076052008281579
0.5714826589645806
0.006002442057061869
0.007137051127605761
0.09221468080869794
0.18027122603055554
0.28294829189588694
0.3334969878146258
0.8851522900970062
0.9390724419036611
0.24565993348251455
0.4435781495951264
0.02905500402743744
0.03970613203948076
0.25862705076172915
0.1973264746737048
0.039608294676275656
0.020099401859215337
0.28347015664464364
0.12810971584787645
0.15486163365783068
0.14459546677053547
0.34130075593724435
0.5500851546102073
0.04110136370539487
0.016493100500241
0.03867383260150941
0.07250636055343783
0.09902565662369693
0.12905309491106334
0.012131925436139912
0.03307019173112273
0.011138328977057535
0.052003786061282795
0.04842423121445563
0.06531986207338998
0.03378799194947543
0.04948911702922681
0.18167520360965797
0.06594630664132695
0.014049779029086737
0.023157414807658053
0.05476250202056691
0.03948651015033193
0.18632633168092233
0.24719577421510383
0.009349611543679174
0.006587893662701661
0.12462258728085138
0.1283940039498167
0.08474881606809363
0.07269187600089093
0.0219625742251735
0.03682626990819231
0.09068882310761815
0.1298251681697987
0.19424938375900894
0.08984068811595679
0.34381859319552127
0.42582848780068544
0.07770897583264977
0.12736054705253683
0.9946714862487986
0.9524131771514284
0.15158179124200513
0.3050610213852025
0.9757411746459455
0.9951961495199331
0.005136667151177547
0.047559275446284625
0.6710631989416733
0.4877171738013169
0.1074966381300467
0.020419621303997854
0.6011743618664128
0.7815456876806312
0.5061133640597252
0.5172131109693522
0.4703302824722694
0.3400757204948796
0.960337541528779
0.9517891024600901
0.417284114990161
0.40228742300077786
0.08981316829826037
0.10662012302941963
0.8636849394587417
0.9002502917465571
0.29827425563994553
0.39345314264462466
0.027555759867079765
0.1821133453946805
0.9762474010134807
0.9005529567163871
0.3984129538896765
0.2305732769743367
0.052984859695927033
0.08979262102493721
0.2738303513579646
0.3359813631120779
0.06504502572026599
0.08264744484511462
0.22013852118440533
0.12267542591634585
0.47081631147273983
0.2957492250908586
0.07131577743895696
0.2474191957440262
0.31890492583115887
0.43235592294582736
0.22188382947932436
0.1892785276200288
0.995769343933344
0.9763066055000243
0.24827972248436375
0.2478193520995583
0.25221042966672924
0.3507371631582492
0.01989232480022627
0.028924487071351593
0.11555654552310592
0.14647874028258634
0.9876012793348475
0.988887310124742
0.019341616038893075
0.017947750433555464
0.9763571939173732
0.9763571939173732
0.9672805711754819
0.8312028347103981
0.0778510258719424
0.13804635611977498
0.7979499103929442
0.7167073519475609
0.35145940071882625
0.2820472691084066
0.8604447036814358
0.8723282186305238
0.40883395374228776
0.4332772307086132
0.8569264143378782
0.8982522109155487
0.9879523047949499
0.9802971350165887
0.6448270413813393
0.5626454701761973
0.9834253513224497
0.9663521771723625
0.26976190212884443
0.11501222861892695
0.1387979703328231
0.5412684891686019
0.9984491027461375
0.9979922047498554
0.9918716430624279
0.9922316051904426
0.5323933350943212
0.4247015859350701
0.06079715000294878
0.04443734881135623
0.8810737776039572
0.8662518766394532
0.146775521493724
0.34750599371027174
0.02827945800895268
0.039346790085653824
0.10756103481054943
0.10191436511562248
0.033158292653889185
0.04188490154022571
0.9150317212307287
0.8618189197828329
0.8998563940093861
0.8025332109180946
0.6463058040051823
0.8146905395696067
0.18457657975921693
0.2578221790842421
0.04732699097778193
0.08410097228975093
0.03529827717088934
0.03529827717088934
0.7399944753764885
0.5413911736501036
0.06770313706643302
0.05921932028290351
0.030319909391367503
0.05171609971507657
0.7784357575784657
0.8365431263732248
0.009161323939687193
0.012531249779903438
0.20525248866470425
0.3050535690222353
0.9355285456589872
0.9892362189552804
0.6099346906542155
0.6204047424870061
0.837169067463368
0.9447301261303159
0.009231921355240117
0.039123941010992286
0.08705760814300367
0.12215372286101003
0.9784086417542703
0.9915579209060965
0.07956645998130507
0.10815041765874156
0.5423748678578669
0.6491073484407377
0.9915957443010284
0.9977783438385202
0.19581621669423455
0.18794399309686644
0.051544888245370575
0.05127777117786089
0.05681593560355938
0.1810786508968795
0.9548198298125066
0.9364585901519049
0.47190265915883745
0.19738848284682636
0.7774968513121898
0.8177127464206402
0.8722663952074843
0.8633579396023953
0.7036513609106645
0.7499360729423851
0.9768224335983258
0.9545608035562102
0.5186821430357038
0.353579411247072
0.3082429883409687
0.35616877822676535
0.9670265582887357
0.9890538510545157
0.41494885779631396
0.3349333761639181
0.03891018456865186
0.044466177412663434
0.28702697923139026
0.1821649768818405
0.10780126502612088
0.03439418547506846
0.2660421527960503
0.31580051298698414
0.40280934686249087
0.38259338504075446
0.6201745297258036
0.498317213453476
0.8598662532179933
0.76355878366685
0.3966513380144717
0.3968497553977238
0.9343038836022696
0.9453066384033078
0.025558395330585272
0.054039198479423074
0.9923036009913472
0.9929088294548677
0.40176652757470055
0.6607188927394059
0.9896125894147274
0.9851599175711792
0.832422742223644
0.8837738428708035
0.045821470902195065
0.043109187131723445
0.824829433382188
0.6293457539729537
0.014023870851705974
0.01629679236603948
0.013976251946968587
0.011435005990524176
0.9556967695570299
0.768717720515466
0.22598574900526378
0.24150126883859904
0.17465186454301018
0.07947122554984497
0.4045619419157557
0.4044082564878121
0.027053230806921034
0.037639664652151725
0.06502977538368217
0.04732609643295257
0.05751071452883165
0.06038781099894485
0.14666655104541643
0.11921755141128348
0.9904669288606812
0.9655963157747183
0.22394814825446585
0.07042822637195652
0.13060812826379084
0.18868479395875096
0.3739794251868831
0.4384891996271646
0.9811405971254926
0.9322536518245556
0.07630085155017756
0.07624627212913243
0.13373344769603315
0.14406791386071105
0.3622496095577853
0.3622496095577853
0.4519022415274477
0.46994561148891834
0.7871810766086274
0.822086286457523
0.9596398528433587
0.9650479823788443
0.9908347833630815
0.9955131545127176
0.3744495823687244
0.5250337427978331
0.11927425586011837
0.15538523753911254
0.02940936824660134
0.02847545756249218
0.9548578714534706
0.9149053548737146
0.501095752992077
0.2924636053026672
0.997327869114664
0.9958317526727056
0.36716743146793207
0.28425454732569244
0.01803113095325035
0.06515963819401803
0.9011708827674212
0.6122020064292348
0.8580967732723687
0.8055995871555443
0.3130537600928409
0.5601412341350963
0.6494502729603588
0.6698867813751934
0.12987616436737415
0.14367687674755203
0.019260095534986362
0.007561337550746861
0.4715050030551805
0.17127463707650425
0.9911592234366846
0.9949598938825428
0.49824002237055065
0.45175709492720445
0.05029156650977083
0.02500790254593017
0.6751907375043573
0.05476169490389078
0.13994594898078
0.1255096109418848
0.5333503893127974
0.5433172240076759
0.9956791229312911
0.9934304569478976
0.023249004300572078
0.01387647272359436
0.9925216618918179
0.9883816362963962
0.022798380021365968
0.016941811135347082
0.04138303153601825
0.035423867616598756
0.8385306455524898
0.04838371319775248
0.7015265978142448
0.6364370319179791
0.06049252721873087
0.023203345934940257
0.030868389857637485
0.2265933299462838
0.06491468017010321
0.0809647935714862
0.0033384530199993007
0.006039063424188146
0.03579387249810279
0.033402324496832975
0.917277904838166
0.9465190150141278
0.04698253563515877
0.12267831147214758
0.47707777447172894
0.40335244097472495
0.06040524789312825
0.08389755781020086
0.9713776488893904
0.9699740415502689
0.2921988671819303
0.21607839166301024
0.4975681025479637
0.4969532976583844
0.03254742818798499
0.07596951310578526
0.009900158730922442
0.005122441806551162
0.5455219795378563
0.5717151496070657
0.8833398726261288
0.9658246423068864
0.37158027234312996
0.39368224612305835
0.25881040085082196
0.19386574706802231
0.10823090619462877
0.10587730406101824
0.019892549908413593
0.02295250127887594
0.4757738701288461
0.35522723661967753
0.9811632517091727
0.9966379194408838
0.9708468660986183
0.9492628738633561
0.5244856055088956
0.34364067768758055
0.39256597828853573
0.39256597828853573
0.040145514226779866
0.10024241537035383
0.5614073800143898
0.41971980974489526
0.15340914833977137
0.12569256971300494
0.06547379695905203
0.06547379695905203
0.9958285377873073
0.9950989572254191
0.26984227878841277
0.23671949249928037
0.5276722276134755
0.4864457028633363
0.9934243055716248
0.9944444958828896
0.21759234058163504
0.3252796150462541
0.03233386582579397
0.09806020253566726
0.4055943764597607
0.24559350566693086
0.2016491162983348
0.1979354010163913
0.22743709973918985
0.22743709973918985
0.22743709973918985
0.22743709973918985
0.3083477862889873
0.14852107355913197
0.03516502896230927
0.07674138259423788
0.9973418911846765
0.9953743641572714
0.06835299176106507
0.02676852573927878
0.9847783526310152
0.9845881652642491
0.7901199566957606
0.8108175044368958
0.3453239429534516
0.333960825083921
0.5676632250962858
0.5813473174663704
0.4582161262798649
0.3896967400318695
0.498259962669525
0.6159407765941162
0.9971701444973148
0.9967025358384825
0.12238979258235484
0.23832652766595339
0.4033019218825107
0.41437427616912575
0.8784549660532787
0.9246965837212644
0.9893797454921605
0.9774848504824899
0.998650746249377
0.9969044885518291
0.8494283444331004
0.9012557291169074
0.36694808406797863
0.6760133405170261
0.5994975355284575
0.4258918287913981
0.9379938533835981
0.9713619004452989
0.11436337829406865
0.08324674947549779
0.9809814606266758
0.9687756929110076
0.3575534764414472
0.4136962362473521
0.4757276053482524
0.622242474212239
0.09221398055804383
0.14805839625323008
0.9651429437705273
0.9142993024782776
0.9847435234548384
0.9703128622278587
0.9826265169268528
0.9777136097504556
0.9866135054953391
0.9876686648006412
0.2934967393393968
0.5840323960089255
0.4824265713375412
0.6981871406189112
0.325079189147412
0.49942527814533416
0.41302859429042305
0.4760663088188881
0.35381046405819083
0.32184466673378453
0.3259338963511222
0.204374455924734
0.6508563507465132
0.5583719248315785
0.8533551861674585
0.7901019343182862
0.4055314530559119
0.31472152439997736
0.9925686238581115
0.9925686238581115
0.4886611519170708
0.6138239955373128
0.5534418000927293
0.48653648460050736
0.14839393351873842
0.16734374104521074
0.23036228975733689
0.1935414669019788
0.5057788017886817
0.5689211597110012
0.530444223172879
0.4238075418099538
0.31979846279719326
0.50465872494103
0.2446869658928148
0.4329644413755062
0.22744789881499447
0.06536162802967221
0.24387765374177525
0.24269630311904083
0.07061318773984243
0.14411220991966492
0.012155579927250701
0.0277444226732162
0.9361428318031747
0.9275499363885289
0.3100530653096737
0.17321221921189403
0.31846261796130143
0.22771746988929117
0.46010297345503204
0.46010297345503204
0.08650911121586406
0.037316143045958976
0.5193734617579863
0.4614812482050427
0.9976566797754115
0.994343703892031
0.24817874133565243
0.3267732344313667
0.8332196956860286
0.8634507798072879
0.41745466237048334
0.427988532596043
0.954688133785141
0.967725089316004
0.9436420571403098
0.9329606546841266
0.18238793161845135
0.1788213533271376
0.220904916789841
0.2101966201380672
0.9589102662240848
0.9574142800681009
0.9955400512895867
0.9945457251305874
0.94414943726692
0.9765297606180358
0.9927058438674451
0.9947962715856074
0.4773519186326046
0.5154275394252027
0.8262385574902691
0.8435820988973851
0.03654972441814986
0.14454877317318054
0.7773842392946614
0.8913874875171097
0.4477492399291059
0.5212147957193968
0.6223326460376631
0.6046186357075214
0.03206813689095346
0.26958666230363804
0.050360530936831474
0.09424440832661574
0.3617419879010876
0.20999558828366494
0.2653981337999317
0.24417201692622748
0.8579423914450741
0.86749436795242
0.6348590030683008
0.5847389903609127
0.24927303662353373
0.15895889722197573
0.38726510710671497
0.3161445793130602
0.5187643893959994
0.5618879049543819
0.4563834100164931
0.35315429078315697
0.6832892844379024
0.5477063004701446
0.5406482465302687
0.443080920143154
0.8368511957429183
0.8903384268274509
0.5574245946040223
0.6059536311578779
0.20161273554091344
0.26529787877562555
0.9901684135677001
0.9745390449510916
0.3009311414156463
0.2809653659591125
0.8448191614807053
0.6053488742411073
0.4889488611825789
0.484498026541945
0.37775292063743926
0.27214861187195294
0.523385961534982
0.6437797686523079
0.5043347580990466
0.4641887159140018
0.379802907639383
0.225217532319191
0.265888992879106
0.4722431038306073
0.9882560820612292
0.9862778975462742
0.6895803498671313
0.6434823839913288
0.9840856249634405
0.9860526667154966
0.4194917671546767
0.22217362842040048
0.9113871730108113
0.9913950181400623
0.017422847436294634
0.6354616314245932
0.14370227827074533
0.0996069816765921
0.8216490257548535
0.7690103999232164
0.9517852468882301
0.9667427133597709
0.3305543311371572
0.18378658570438514
0.9954947424359982
0.9872380763208477
0.4339362940073334
0.4229937732420747
0.9950131798816698
0.9393380311588816
0.725412763661829
0.6441768000767004
0.9859896426646433
0.9843614809422948
0.9177145501647772
0.9675048661625238
0.20371857346626446
0.16500825846504844
0.9335233949308682
0.8393941625045831
0.02478459005392047
0.015310454399496024
0.40873233548125043
0.34232479360488666
0.1758063741017634
0.18896251783195187
0.9883632040625975
0.950215202598228
0.4237208711375967
0.3621181114706763
0.03251541680232612
0.16293529622573277
0.4515312938112722
0.458470957187137
0.0960190139808401
0.14912165970307015
0.07416552849224295
0.06865664274119791
0.9113252661653721
0.885160634824048
0.995637806011418
0.9954617677022191
0.9714954474452066
0.9510117424457118
0.9780471812739714
0.9932376368001958
0.05676049126051464
0.19800542639973553
0.02398486285512161
0.06726464256660529
0.12017211532405392
0.09309882053374569
0.9399362322420823
0.9179328658172857
0.996651164405701
0.9976482405993026
0.31815108240005313
0.2658988589881397
0.7813380368694607
0.8476124816514379
0.89404588854023
0.8983088696370624
0.6059257062819217
0.47820104799068164
0.5227688541097711
0.3058223087101391
0.2311052985561753
0.5003356276951275
0.9986298621665826
0.9972663730082154
0.597715351391325
0.6195714018964995
0.8450099133308684
0.9334601038699418
0.3103765512593207
0.2587017601737196
0.994946486162989
0.992105160694285
0.9531782907236763
0.9654830694615558
0.9858028367514775
0.9833862505096703
0.9690301233460522
0.9881827701617734
0.10000565899437064
0.07477131560440738
0.09790623049490914
0.11196324085988132
0.22476235141946413
0.4247671780192926
0.9888933558576668
0.9811960557527821
0.9976730985889546
0.995593103136867
0.9793635560362612
0.9763293075472189
0.99537230106647
0.9964719100700009
0.5321418661688345
0.46577121160553986
0.2553096096919599
0.2561717522633322
0.9904108041560854
0.9883800200996966
0.9919712656020382
0.9891176687013916
0.8533905760815863
0.8179646376939578
0.9950379886616795
0.9951507365101511
0.9977891958979198
0.9968664331118161
0.9873250876019496
0.9714627546611303
0.9977180390258209
0.996843546460307
0.6778475754877519
0.6219700658736846
0.6151781299513703
0.5460473247058192
0.2747027905068912
0.517085101277319
0.33899930942512563
0.3742782628433443
0.4615522464807303
0.4205678540874384
0.4539245852632519
0.26173537883762277
0.9836277721557002
0.9835477111175129
0.17462678416480756
0.2558250448227866
0.9902559210735745
0.9874040353375445
0.9135432409179626
0.9434930137638607
0.9931281734225614
0.9886057961621496
0.7064050058577184
0.5479788792730922
0.3396927229570688
0.30961958138129925
0.8959368138688807
0.9123128928783295
0.9872456384042437
0.9843556707884116
0.9794676323350001
0.9793864175826863
0.9335900234071207
0.9305177646861851
0.06287581719201853
0.01661367615142542
0.5315616956109478
0.3313361298587865
0.930960383256662
0.9222126961692796
0.30747956924122694
0.38050933332719006
0.9900823081385354
0.9855101620599239
0.3789262120023856
0.3673313681150751
0.34012070448995685
0.18794483569853745
0.4690196924644607
0.5801175326049957
0.988004122821884
0.9941955372898755
0.9941873508789557
0.9942821822822038
0.180907593206375
0.12428655565062122
