0.0034408848017964543
0.006375113130619826
0.9995490858688668
0.9996303583330545
0.9991352010138598
0.9994638295320258
0.9996171902540179
0.9996923865986932
0.10399727794181592
0.09892938658077202
0.9967194789374558
0.9956632216832243
0.0429618435785701
0.03194189445729294
0.996578001235589
0.9982215524854976
0.999416578253165
0.9995187747345783
0.9495260474680691
0.9545055360512779
0.7816287797687755
0.27074926492348644
0.9862098223753721
0.9746151981531033
0.19341024067065538
0.16601003548680837
0.9988767912648945
0.9974326958224993
0.9957947910121087
0.9956038904177523
0.9954567822149876
0.9989424190684435
0.9821659923932063
0.9892235975409434
0.009227946109327234
0.01772850347937261
0.9958038576182091
0.9927219499957023
0.3082635398175997
0.09693902742660179
0.07180935556331833
0.11898274536760467
0.9973882782942789
0.996408518842927
