0.7228465584652841
0.6928588618879203
0.6495012758969768
0.757818160252958
0.16994253074091983
0.2147868124370601
0.3106887209956079
0.30025221237320016
0.0930798453143279
0.08539349302891222
0.2180601093440673
0.22987121098873908
0.1845194556296833
0.15313193916683804
0.27968137839019297
0.213250455411523
0.9854370880438075
0.984661178262402
0.7436785047607826
0.8155675731507945
0.29009395991469245
0.22378764083170158
0.9655226732006214
0.9608237465157173
0.435563727912036
0.5262651625432639
0.8684648487498328
0.8759810052514124
0.2221350202657579
0.26626972627886475
0.13979540831726833
0.05447242454699939
0.8889407713888322
0.9312545140148688
0.027527870931606423
0.07991973819406838
0.9667973639876022
0.44967558027132215
0.9788857740823166
0.9853826523181393
0.7686360033023886
0.6691277994821238
0.8952198992336264
0.8510696393463337
0.9223736146216247
0.6783234548420218
0.8607993880612644
0.668452567285959
0.4888593156111873
0.7741333303104124
0.36598507273285635
0.33920508487287476
0.9208270379167524
0.8911419867517645
0.9685836054335343
0.9839747813712579
