0.04063
0.02822
0.99079
0.99166
0.67207
0.23471
0.00021
0.00061
0.40685
0.24629
0.79855
0.7253
0.99719
0.99573
0.66898
0.74494
0.00317
0.01169
0.00119
0.00187
0.00313
0.00176
0.28865
0.40593
0.02918
0.02612
0.00361
0.00294
0.02679
0.06818
0.28727
0.10616
0.28319
0.08703
0.00134
0.00491
0.98768
0.98833
0.09184
0.07675
0.07488
0.03379
0.43498
0.20717
0.05622
0.02407
0.79935
0.87465
0.1719
0.24299
0.48086
0.48405
0.01724
0.00911
0.00173
0.00215
0.00369
0.00436
0.11752
0.15524
0.13138
0.0187
0.00635
0.00947
0.02198
0.03841
0.17311
0.59338
0.43871
0.75785
0.99977
0.99988
0.29436
0.5309
0.00014
5e-05
0.00887
0.01026
0.00179
0.00182