0.32925
0.34748
0.36583
0.52598
0.05902
0.03567
0.23438
0.27582
0.00832
0.00645
0.41262
0.36276
0.39274
0.43007
0.08215
0.05527
0.62188
0.64089
0.4631
0.42483
0.33748
0.22149
0.64663
0.81493
0.14815
0.19205
0.6251
0.5497
0.01977
0.02173
0.5124
0.53694
0.86012
0.91248
0.04101
0.0154
0.66937
0.71472
0.75191
0.68892
0.29882
0.24978
0.49909
0.4262
0.14193
0.10633
0.0302
0.02922
0.16962
0.41695
0.46899
0.70243
0.32729
0.42089
0.51459
0.56071
0.43272
0.59594
0.20105
0.32819
0.29788
0.36586
0.85956
0.92836
0.51403
0.63187
0.41038
0.51091
0.76073
0.71896
0.43671
0.80358
0.54874
0.21844
0.29564
0.46484
0.1984
0.19195
0.3682
0.28151
0.40298
0.53029
0.84187
0.8492
0.46651
0.3873
0.1659
0.37394
0.37148
0.14352
0.1063
0.03409
0.77645
0.52808
0.70682
0.56181
0.54532
0.49512
0.7054
0.42749
0.89563
0.90974
0.95852
0.91612
0.32673
0.11165
0.78552
0.73311
0.37816
0.18379
0.01465
0.00172
0.85418
0.89768
0.35993
0.38167
0.72728
0.62136
0.99717
0.99791
0.21791
0.58617
0.97331
0.92429
0.92496
0.32485
0.66259
0.55613
0.028
0.04079
0.03851
0.02891
0.98058
0.98517
0.88681
0.11579
0.81964
0.6988
0.14486
0.07403
0.58542
0.18604
0.00992
0.06733
0.51153
0.37698
0.97406
0.90482
0.00581
0.01234
0.80477
0.86744