0.26643
0.54602
0.05231
0.04272
0.03347
0.04189
0.7469
0.87218
0.03635
0.03115
0.96093
0.97742
0.67298
0.6834
0.03151
0.04154
0.08334
0.04325
0.86173
0.8926
0.20819
0.14986
0.32337
0.35468
0.2064
0.1188
0.99249
0.95666
0.01462
0.02432
0.20931
0.35361
0.71084
0.71192
0.25839
0.59712
0.38289
0.57199
0.35175
0.54222
0.93845
0.94056
0.07384
0.08718
0.06179
0.01273
0.38968
0.44391
0.32177
0.22328
0.93399
0.75934
0.9946
0.99614
0.04886
0.10175
0.53827
0.35718
0.79729
0.79625
0.5134
0.58398
0.62607
0.52582
0.40758
0.68645
0.42764
0.35383
0.12244
0.0699
0.9122
0.67435
0.06477
0.05484
0.5855
0.85999
0.78313
0.76945
0.93064
0.98562
0.95601
0.89536
0.29934
0.7186
0.12998
0.3294
0.9519
0.95029
0.87623
0.55646
0.22653
0.09946
0.8147
0.89187
0.97748
0.98143
0.4565
0.24139
0.0482
0.06591
0.01755
0.02275
0.80265
0.80226
0.46364
0.6015
0.23919
0.61622
0.13834
0.09434
0.58487
0.65164
0.22919
0.06937
0.68243
0.37472
0.13138
0.06493
0.22796
0.12021
0.05447
0.13199
0.21221
0.14858
0.20974
0.21435
0.28041
0.16129
0.14103
0.13239
0.72266
0.92823
0.00755
0.00767
0.90615
0.83276
0.06309
0.02955
0.99874
0.99873
0.35051
0.16941
0.96745
0.97645
0.36654
0.31621
0.41778
0.54049
0.81515
0.60986
0.43522
0.46112
0.87798
0.92035
0.70402
0.64292
0.63926
0.6767
0.11836
0.12312
0.70132
0.48618
0.70926
0.46332
0.30629
0.22777
0.1488
0.22671
0.12731
0.22707
0.02487
0.03877
0.07277
0.19945
0.73793
0.79843
0.32339
0.27204
0.98449
0.9749
0.71965
0.73512
0.00942
0.01874
0.59587
0.68298
0.68039
0.93142
0.05805
0.03533
0.08699
0.14126
0.04421
0.10212
0.37387
0.32814
0.62393
0.87248
0.81729
0.89079
0.54278
0.47053
0.09303
0.1633
0.02773
0.0306
0.01226
0.06696
0.555
0.52415
0.13549
0.21801
0.02911
0.0094
0.32575
0.38507
0.51122
0.70976
0.25951
0.17119
0.03762
0.07632
0.03217
0.10551
0.09677
0.03214
0.0338
0.03341
0.24516
0.40075
0.08847
0.04363
0.07497
0.0502
0.73153
0.42566
0.02729
0.02565
0.23462
0.14482
0.18097
0.16326
0.06013
0.03109
0.26841
0.25014
0.72668
0.7209
0.57453
0.50583
0.44538
0.57869
0.01282
0.00798
0.01804
0.03541
0.5434
0.50386
0.25004
0.24683
0.18337
0.26039
0.07311
0.06242
0.2762
0.54026
0.02997
0.05927
0.7903
0.79434
0.03794
0.05598
0.02358
0.02891
0.00638
0.00979
0.39024
0.55862
0.07059
0.03117
0.81282
0.59847
0.49657
0.69803
0.02559
0.01049
0.39791
0.36956
0.06714
0.07546
0.7243
0.38536
0.36349
0.26986
0.8534
0.84148
0.22144
0.14621
0.43771
0.40631
0.21375
0.2105
0.43114
0.34021
0.06446
0.27263
0.12983
0.54149
0.3211
0.07896
0.04821
0.02085
0.81353
0.85699
0.01307
0.0019
0.34734
0.22363
0.49586
0.59513
0.33486
0.72551
0.40714
0.38042
0.55482
0.64829
0.03118
0.05204
0.05428
0.06744
0.99189
0.98466
0.51715
0.22473
0.38572
0.72167
0.44436
0.55913
0.5558
0.34123
0.77434
0.65581
0.54682
0.22629
0.04107
0.02276
0.09894
0.09596
0.78431
0.56829
0.65038
0.86455
0.7428
0.76105
0.04351
0.05202
0.9559
0.95402
0.65104
0.6949
0.20913
0.36977
0.12837
0.19205
0.10082
0.03208
0.03212
0.10261
0.18585
0.10169
0.49449
0.54497
0.41152
0.16844
0.45507
0.76188
0.17108
0.12606
0.19321
0.24023
0.04665
0.02862
0.30261
0.37286
0.24503
0.31866
0.01302
0.05707
0.20487
0.37906
0.54353
0.48465
0.30635
0.29637
0.27101
0.24475
0.47706
0.38968
0.22127
0.58833
0.5727
0.54404
0.02736
0.01289
0.504
0.3439
0.68325
0.3853
0.82498
0.52521
0.91158
0.81261
0.00881
0.01435
0.87211
0.83259
0.09572
0.14007
0.11419
0.11214
0.23728
0.26584
0.15386
0.19279
0.12021
0.1085
0.04664
0.075
0.16925
0.28299
0.12512
0.07504
0.03502
0.09763
0.72917
0.44375
0.04339
0.05494
0.0285
0.05219
0.14134
0.03817
0.60231
0.4907
0.05385
0.08638
0.04888
0.03748
0.82559
0.85366
0.21235
0.14642
0.00244
0.01043
0.00299
0.015
0.94518
0.93289
0.71902
0.21544
0.66828
0.7162
0.04186
0.05208
0.69629
0.67045
0.75251
0.4611
0.2168
0.18125
0.1461
0.32897
0.21817
0.11675
0.62861
0.82522
0.83265
0.88237
0.26866
0.05137
0.52052
0.77972
0.65438
0.80107
0.53457
0.43369
0.34309
0.30606
0.01847
0.0111
0.70714
0.68013
0.10597
0.1922
0.12274
0.08817
0.1078
0.15736
0.02621
0.01392
0.00899
0.03113
0.69524
0.851
0.10106
0.18188
0.0439
0.05356
0.43517
0.61659
0.02557
0.06444
0.28887
0.09949
0.19952
0.1077
0.36972
0.14828
0.00868
0.03672
0.00121
0.00374
0.14029
0.04211
0.137
0.23691
0.5826
0.62899
0.2641
0.15561
0.01939
0.04216
0.03581
0.05488
0.2329
0.44582
0.19261
0.38852
0.54451
0.53144
0.03868
0.03261
0.08372
0.12915
0.68067
0.49872
0.82855
0.83377
0.22089
0.15249
0.48193
0.79679
0.14053
0.11065
0.55532
0.55356
0.64114
0.61672
0.16243
0.17945
0.47151
0.34017
0.17679
0.16325
0.25914
0.4214
0.65426
0.52327
0.46958
0.63435
0.6125
0.49351
0.53716
0.41909
0.01542
0.00442
0.18099
0.07592
0.24664
0.51653
0.27221
0.26089
0.42404
0.1915
0.18001
0.25905
0.93628
0.86121
0.05621
0.0866
0.33668
0.52825
0.44088
0.16694
0.02644
0.01471
0.04137
0.02558
0.31175
0.38872
0.79067
0.81869
0.0277
0.03367
0.00916
0.01843
0.3994
0.30845
0.07688
0.11982
0.01255
0.0077
0.07305
0.0734
0.17038
0.1625
0.04565
0.09147
0.10654
0.2221
0.38644
0.29043
0.19503
0.14145
0.28001
0.28033
0.76878
0.53061
0.8891
0.85601
0.08395
0.18869
0.0832
0.09216
0.83951
0.86384
0.40304
0.59339
0.66264
0.42311
0.30645
0.18764
0.08912
0.20111
0.5114
0.49185
0.51367
0.49646
0.96857
0.95394
0.83143
0.9048
0.52679
0.79937
0.36685
0.42907
0.08634
0.06687
0.04789
0.06917
0.94368
0.89932
0.2685
0.62223
0.77799
0.86828
0.15392
0.17557
0.21558
0.39381
0.65852
0.50866
0.26389
0.08524
0.00317
0.01595
0.71646
0.72016
0.01664
0.01666
0.55509
0.73835
0.07901
0.03408
0.72593
0.72759
0.77956
0.57625
0.12226
0.08547
0.19178
0.17774
0.26017
0.12995
0.31424
0.17997
0.42519
0.654
0.1244
0.16189
0.11989
0.01984
0.97555
0.97792
0.69895
0.8724
0.18693
0.33078
0.0347
0.10227
0.18231
0.65551
0.02356
0.04541
0.13099
0.1178
0.46643
0.42578
0.23894
0.54306
0.13401
0.17428
0.01355
0.00705
0.07672
0.11151
0.48474
0.15682
0.11422
0.21572
0.49138
0.39613
0.91473
0.66077
0.29571
0.20518
0.09548
0.20238
0.47133
0.20198
0.04311
0.06574
0.80334
0.65781
0.72251
0.55838
0.08659
0.06741
0.13654
0.10025
0.35139
0.19977
0.7297
0.70905
0.03866
0.06104
0.02136
0.07561
0.12983
0.43967
0.02505
0.01135
0.18247
0.36516
0.68811
0.71759
0.9363
0.92571
0.28663
0.61905
0.90131
0.9286
0.91217
0.81346
0.26234
0.23575
0.66511
0.81036
0.49572
0.4049
0.07377
0.03585
0.20972
0.10197
0.64438
0.49252
0.0354
0.11034
0.15724
0.21976
0.04202
0.01891
0.07039
0.03312
0.00416
0.0138
0.36466
0.55529
0.74326
0.75961
0.15499
0.15828
0.09302
0.09689
0.02741
0.04609
0.52232
0.70016
0.1079
0.10052
0.44015
0.42285
0.99479
0.98844
0.27052
0.19317
0.02892
0.02836
0.03263
0.18164
0.25128
0.2501
0.41057
0.28874
0.19148
0.15371
0.04462
0.05399
0.00697
0.02102
0.89042
0.82225
0.70858
0.57604
0.20124
0.38889
0.72594
0.84918
0.65319
0.5244
0.11615
0.12372
0.00285
0.00323
0.51351
0.29552
0.89684
0.93618
0.96468
0.95185
0.24117
0.20525
0.04558
0.10868
0.09472
0.20738
0.12761
0.21255
0.21893
0.60388
0.9072
0.90045
0.23718
0.36241
0.09853
0.10751
0.04887
0.02437
0.29884
0.27206
0.26174
0.33059
0.21957
0.2486
0.00067
0.00173
0.22852
0.55055
0.04416
0.06135
0.10086
0.0518
0.77669
0.64083
0.08088
0.16257
0.13709
0.17414
0.18792
0.10632
0.02675
0.02358
0.03922
0.03248
0.33634
0.31642
0.11376
0.21485
0.4952
0.56656
0.27548
0.28347
0.5268
0.60244
0.89912
0.91554
0.1015
0.03199
0.17113
0.12519
0.02516
0.02941
0.11419
0.0696
0.57711
0.32389
0.27398
0.42811
0.05789
0.07525
0.7231
0.85495
0.02818
0.0387
0.16454
0.32697
0.01748
0.02985
0.69954
0.70552
0.27238
0.2068
0.35432
0.54492
0.75821
0.64602
0.21788
0.17275
0.94738
0.94737
0.98223
0.99289
0.20313
0.19325
0.05035
0.0256
0.27109
0.53352
0.51461
0.72286
0.2314
0.20892
0.73518
0.69181
0.2241
0.17745
0.77887
0.40135
0.18689
0.23447
0.0343
0.03698
0.93688
0.85918
0.91095
0.85889
0.60819
0.62698
0.20118
0.26867
0.16401
0.22745
0.08091
0.07881
0.04856
0.03271
0.06649
0.02779
0.44015
0.77137
0.27049
0.35397
0.74621
0.66829
0.07619
0.03877
0.01988
0.03015
0.17018
0.12578
0.00891
0.02195
0.95392
0.65003
0.35369
0.41736
0.08684
0.1284
0.02482
0.02114
0.17982
0.22608
0.38054
0.58161
0.70333
0.64762
0.00794
0.0118
0.70803
0.83291
0.38558
0.51057
0.60699
0.74961
0.28431
0.25679
0.01808
0.02359
0.2473
0.43927
0.13731
0.18059
0.19428
0.26095
0.26103
0.26652
0.01243
0.02147
0.00887
0.0192
0.95924
0.85796
0.0232
0.0097
0.26403
0.6426
0.17169
0.25229
0.60516
0.71746
0.30143
0.44069
0.8285
0.84584
0.02805
0.0155
0.00104
0.00103
0.0731
0.05928
0.22652
0.13073
0.16464
0.3014
0.15925
0.12924
0.12786
0.09701
0.10725
0.319
0.28887
0.39102
0.64285
0.83644
0.4027
0.33012
0.56137
0.8225
0.08891
0.0554
0.01454
0.08049
0.79702
0.77291
0.43714
0.28979
0.10079
0.09271
0.70078
0.59853
0.35746
0.49094
0.4035
0.50984
0.03275
0.16954
0.06015
0.03775
0.88017
0.87016
0.70719
0.53164
0.44674
0.61185
0.40789
0.47658
0.0474
0.05363
0.03507
0.08592
0.05414
0.0772
0.15225
0.10045
0.51151
0.49657
0.58589
0.59522
0.45918
0.55855
0.06553
0.14804
0.1957
0.12801
0.90919
0.94731
0.67821
0.90462
0.04642
0.02229
0.3732
0.73278
0.73789
0.52692
0.06665
0.08674
0.00672
0.01757
0.8971
0.93558
0.76329
0.87335
0.117
0.09917
0.77454
0.67024
0.87597
0.85057
0.05917
0.19678
0.28453
0.227
0.1553
0.0768
0.15584
0.08853
0.07801
0.06453
0.22767
0.10971
0.83233
0.87738
0.50625
0.57663
0.37713
0.3736
0.0094
0.01334
0.22523
0.21906
0.50616
0.43463
0.28101
0.31475
0.36486
0.39461
0.17851
0.19773
0.81152
0.75926
0.13193
0.18684
0.70918
0.85593
0.01729
0.01497
0.00603
0.00652
0.21115
0.3215
0.49604
0.69811
0.31014
0.01901
0.97715
0.93016
0.16947
0.19233
0.05283
0.05079
0.78102
0.61597
0.04399
0.059
0.98583
0.97411
0.00517
0.01111
0.30196
0.34718
0.87287
0.88777
0.59496
0.67153
0.54345
0.39051
0.10147
0.05783
0.05745
0.11809
0.7109
0.34933
0.07207
0.07521
0.74819
0.79183
0.35935
0.35259
0.04115
0.05787
0.08426
0.09818
0.13342
0.1076
0.87345
0.61692
0.31335
0.25375
0.53753
0.49762
0.27454
0.27041
0.99763
0.98757
0.73043
0.55241
0.97107
0.98406
0.95846
0.88182
0.29457
0.19626
0.10119
0.0956
0.88697
0.94678
0.04041
0.01357
0.79581
0.72311
0.16746
0.19257
0.1955
0.30869
0.62776
0.32465
0.64956
0.83698
0.14566
0.08478
0.34212
0.211
0.1235
0.01508
0.61938
0.66155
0.48837
0.51139
0.46696
0.49897
0.16916
0.57246
0.26517
0.0629
0.27815
0.12241
0.25319
0.53949
0.48196
0.22871
0.42012
0.28922
0.08239
0.05751
0.38693
0.30352
0.7385
0.67467
0.88449
0.93929
0.42434
0.51733
0.46406
0.76601
0.04793
0.0094
0.15752
0.15847
0.02312
0.02354
0.61127
0.27214
0.17648
0.13645
0.87079
0.96234
0.25861
0.35225
0.13752
0.16603
0.53643
0.63823
0.08715
0.05324
0.83311
0.72327
0.86387
0.68728
0.82659
0.89972
0.2366
0.2737
0.0619
0.27764
0.46205
0.38795
0.53129
0.56601
0.20204
0.37324
0.69528
0.62398
0.3147
0.20622
0.02016
0.01546
0.08937
0.05117
0.70246
0.83258
0.00073
0.00096
0.42213
0.51584
0.3692
0.33426
0.47745
0.77828
0.05421
0.02932
0.58843
0.65808
0.65107
0.55219
0.26646
0.21447
0.24707
0.32864
0.08386
0.03157
0.19001
0.10779
0.02662
0.09328
0.10391
0.33605
0.20372
0.23708
0.24568
0.12874
0.71239
0.69642
0.49906
0.80566
0.96836
0.95129
0.19129
0.16317
0.61547
0.51484
0.49064
0.43576
0.22156
0.09303
0.07635
0.03348
0.18751
0.3227
0.83923
0.90585
0.86308
0.94559
0.69607
0.5626
0.14621
0.26808
0.40682
0.53856
0.05167
0.08856
0.48028
0.4342
0.04409
0.04243
0.80632
0.86832
0.41139
0.43323
0.6251
0.53233
0.97908
0.95089
0.00573
0.01348
0.09056
0.09002
0.99845
0.99835
0.04216
0.03053
0.16659
0.2533
0.30323
0.13046
0.20551
0.1335
0.22298
0.54333
0.00055
0.00045
0.16489
0.18991
0.89679
0.8889
0.19461
0.45256
0.31503
0.15761
0.2953
0.36036
0.5081
0.17411
0.9356
0.95635
0.64119
0.24849
0.2606
0.44762
0.12848
0.06068
0.10228
0.05017
0.52836
0.60916
0.72774
0.79906
0.47941
0.72346
0.22762
0.11391
0.44382
0.75765
0.37615
0.38392
0.49276
0.50374
0.62905
0.6344
0.28294
0.24495
0.0729
0.16097
0.75644
0.93567
0.42109
0.45385
0.05751
0.08879
0.00213
0.00693
0.99135
0.99264
0.07168
0.11447
0.06922
0.04883
0.76276
0.74175
0.93507
0.95001
0.75401
0.52077
0.00445
0.01159
0.18373
0.12674
0.01486
0.01976
0.18552
0.27102
0.29765
0.20195
0.04226
0.05103
0.79224
0.60938
0.63068
0.61656
0.32707
0.09276
0.56162
0.38862
0.61814
0.78206
0.70609
0.45458
0.1837
0.12645
0.9428
0.85803
0.31714
0.28229
0.01342
0.05155
0.74465
0.77356
0.17591
0.18134
0.0492
0.02741
0.34656
0.22252
0.09273
0.07015
0.29671
0.60365
0.55573
0.66763
0.08956
0.17481
0.2421
0.37582
0.50961
0.45078
0.00544
0.01079
0.47324
0.3746
0.5248
0.59404
0.84785
0.50435
0.29599
0.44034
0.00904
0.03206
0.19316
0.20931
0.11736
0.18149
0.51136
0.54632
0.37528
0.7582
0.10061
0.07563
0.01411
0.05377
0.52321
0.60021
0.0753
0.04118
0.00381
0.00166
0.24576
0.13167
0.66939
0.40206
0.13072
0.17856
0.32623
0.16456
0.04596
0.04616
0.68565
0.23299
0.0208
0.03394
0.21226
0.1264
0.5836
0.54034
0.0313
0.02127
0.84174
0.71199
0.0565
0.10551
0.05264
0.04861
0.01289
0.00716
0.58838
0.55089
0.02969
0.02541
0.71523
0.85949
0.39335
0.20913
0.17345
0.12468
0.48455
0.50495
0.06995
0.00505
0.70957
0.58113
0.04678
0.05182
0.16697
0.32028
0.33679
0.43408
0.04878
0.0495
0.86963
0.88539
0.15372
0.36179
0.01467
0.01357
0.46957
0.64603
0.97118
0.91789
0.20969
0.11432
0.04447
0.08264
0.23265
0.52678
0.6685
0.64991
0.64628
0.11378
0.53783
0.7693
0.70491
0.84502
0.26626
0.32346
0.17255
0.13295
0.57607
0.45586
0.12656
0.16719
0.08499
0.22981
0.38079
0.38224
0.39064
0.32524
0.45529
0.52424
0.16168
0.1257
0.09885
0.09396
0.39941
0.15573
0.6568
0.79939
0.43273
0.62698
0.27628
0.20558
0.95438
0.94133
0.0236
0.07304
0.97265
0.8939
0.0247
0.08918
0.00477
0.00614
0.38575
0.65957
0.40473
0.38778
0.2889
0.12695
0.00486
0.00676
0.2386
0.1594
0.9758
0.97979
0.00384
0.0009
0.93237
0.96027
0.57007
0.34667
0.37859
0.47408
0.33018
0.61514
0.01026
0.0107
0.01776
0.02125
0.12866
0.0165
0.78293
0.67058
0.17912
0.1272
0.12155
0.06771
0.94481
0.96653
0.49046
0.46247
0.44451
0.36034
0.56644
0.71293
0.01972
0.0464
0.93537
0.91298
0.10067
0.03425
0.89809
0.95566
0.50742
0.32775
0.54987
0.49887
0.45624
0.50998
0.95181
0.98257
0.79592
0.7783
0.10501
0.13592
0.31333
0.26964
0.16634
0.13564
0.06853
0.19369
0.1338
0.0944
0.54626
0.54259
0.96747
0.91326
0.23149
0.17948
0.42732
0.54619
0.02883
0.09215
0.90386
0.91153
0.01311
0.0034
0.1699
0.12333
0.14562
0.09112
0.24551
0.53613
0.88071
0.5699
0.53964
0.73893
0.52993
0.59057
0.03817
0.00957
0.19527
0.08865
0.94682
0.92944
0.31713
0.29143
0.80051
0.52363
0.33687
0.33184
0.09261
0.20072
0.16884
0.31885
0.28366
0.57298
0.297
0.55422
0.6455
0.69927
0.34182
0.36048
0.12987
0.11279
0.03789
0.02056
0.11349
0.09028
0.02843
0.06743
0.18165
0.09143
0.06998
0.04611
0.10163
0.1334
0.24164
0.28862
0.64728
0.63447
0.2013
0.16192
0.00054
0.00101
0.18499
0.07812
0.98578
0.94109
0.06589
0.03071
0.12313
0.15904
0.10902
0.12378
0.41985
0.27738
0.01495
0.01101
0.19184
0.15748
0.20443
0.14025
0.08853
0.09098
0.93276
0.94599
0.00302
0.00188
0.07928
0.08265
0.85134
0.90499
0.48874
0.56412
0.08755
0.09454
0.23693
0.27485
0.65614
0.46634
0.16114
0.25165
0.28855
0.06445
0.43707
0.61873
0.17541
0.16975
0.06238
0.03051
0.12448
0.15901
0.25024
0.1118
0.70875
0.67124
0.11267
0.09227
0.40402
0.41609
0.06294
0.06071
0.54602
0.6853
0.08163
0.1764
0.04795
0.02693
0.78668
0.57471
0.18215
0.23737
0.65658
0.56647
0.10856
0.04295
0.09741
0.06815
0.73003
0.39308
0.20634
0.25488
0.04554
0.10225
0.11916
0.04516
0.66093
0.69588
0.68747
0.77477
0.82658
0.75506
0.29009
0.39358
0.18354
0.07858
0.36783
0.27467
0.02227
0.02501
0.41093
0.13138
0.13109
0.23523
0.99548
0.9955
0.52763
0.29628
0.04375
0.0387
0.76098
0.51803
0.02416
0.00999
0.75353
0.56511
0.87073
0.9628
0.7601
0.81436
0.02734
0.02339
0.06327
0.03043
0.40875
0.75556
0.17203
0.29913
0.49082
0.67289
0.45247
0.58595
0.11444
0.22637
0.50357
0.43491
0.5139
0.52879
0.86593
0.8257
0.59864
0.79702
0.68606
0.62202
0.31978
0.27838
0.0136
0.07068
0.81756
0.57369
0.11595
0.07223
0.28495
0.37322
0.14272
0.32026
0.15597
0.15415
0.01073
0.02413
0.82574
0.72069
0.0965
0.10342
0.12626
0.18805
0.44342
0.38253
0.21059
0.05081
0.54694
0.62104
0.51591
0.68554
0.86814
0.89152
0.96038
0.96429
0.07163
0.11668
0.54593
0.64084
0.02285
0.02223
0.30159
0.3871
0.80207
0.92669
0.32249
0.34933
0.02229
0.02135
0.64521
0.94901
0.18339
0.0776
0.43588
0.54732
0.00128
0.00641
0.36471
0.58694
0.22524
0.20208
0.09166
0.04371
0.37532
0.46823
0.01138
0.01997
0.25557
0.27365
0.65999
0.82654
0.2026
0.29784
0.13296
0.02443
0.26428
0.41529
0.50574
0.46348
0.45066
0.46615
0.11525
0.14701
0.44024
0.54819
0.0166
0.01286
0.89739
0.84365
0.66015
0.8779
0.09417
0.17567
0.70814
0.72613
0.48736
0.45857
0.92335
0.82344
0.54342
0.5083
0.016
0.07389
0.67035
0.64678
0.36772
0.30403
0.47947
0.42917
0.44968
0.49792
0.02592
0.01727
0.26
0.68953
0.09276
0.07341
0.98992
0.98511
0.25403
0.31981
0.55727
0.64506
0.15772
0.16607
0.08994
0.03893
0.01134
0.00485
0.01565
0.04766
0.04755
0.04541
0.97584
0.93845
0.32313
0.26792
0.17004
0.38571
0.10004
0.05332
0.66507
0.35115
0.83073
0.85605
0.92073
0.89084
0.58201
0.6024
0.03446
0.03481
0.63722
0.60888
0.14832
0.4515
0.00099
0.00159
0.25238
0.30233
0.80072
0.7234
0.02949
0.02086
0.09174
0.06308
0.00836
0.00712
0.91217
0.61898
0.9629
0.987
0.76894
0.84441
0.32969
0.15342
0.07227
0.21942
0.59492
0.61171
0.68378
0.86996
0.73499
0.63382
0.17294
0.07619
0.17322
0.22342
0.36028
0.60224
0.80039
0.71505
0.08963
0.29847
0.16399
0.07202
0.51045
0.34972
0.02311
0.00701
0.23082
0.33666
0.33102
0.3536
0.16398
0.18594
0.342
0.34031
0.83671
0.95833
0.18534
0.25823
0.09897
0.10991
0.77394
0.92026
0.01416
0.02034
0.04539
0.08331
0.45062
0.44569
0.09091
0.08872
0.03899
0.07541
0.09511
0.07555
0.47099
0.42657
0.30835
0.24146
0.10352
0.10565
0.22512
0.20985
0.11438
0.22741
0.07672
0.16556
0.99678
0.98497
0.05572
0.09431
0.25437
0.16934
0.44711
0.22231
0.28206
0.36615
0.2968
0.33269
0.23196
0.39497
0.41519
0.39072
0.15355
0.22436
0.054
0.1489
0.71063
0.85747
0.1723
0.11621
0.42695
0.34016
0.17484
0.13837
0.17544
0.10799
0.68903
0.53905
0.58867
0.1744
0.63051
0.60332
0.8118
0.93899
0.28298
0.22587
0.15039
0.27829
0.82797
0.55193
0.01136
0.01444
0.80957
0.7136
0.83839
0.65353
0.10185
0.06863
0.11127
0.15725
0.1657
0.09993
0.33455
0.45774
0.12758
0.08118
0.60885
0.41435
0.06579
0.12513
0.90237
0.81713
0.26819
0.20515
0.09624
0.51038
0.47919
0.77187
0.86501
0.86246
0.08535
0.23033
0.50126
0.37567
0.07211
0.04882
0.01351
0.04072
0.01197
0.03812
0.92476
0.70792
0.27245
0.05963
0.16163
0.18815
0.09446
0.0728
0.80897
0.9536
0.20621
0.23022
0.93738
0.93159
0.60188
0.52378
0.20758
0.30102
0.1417
0.20621
0.78898
0.73575
0.23078
0.12938
0.81683
0.91456
0.17169
0.28825
0.27005
0.55329
0.33732
0.62753
0.98409
0.97913
0.72677
0.41456
0.00417
0.01937
0.7448
0.74451
0.55411
0.85422
0.87199
0.89264
0.08476
0.09852
0.13477
0.13464
0.09261
0.10893
0.34217
0.29266
0.0501
0.09005
0.35486
0.60023
0.74363
0.68524
0.05458
0.09666
0.09703
0.10025
0.05792
0.07082
0.75822
0.59248
0.05318
0.01887
0.65954
0.66515
0.20234
0.27982
0.71281
0.59414
0.4334
0.29738
0.00231
0.00418
0.12517
0.07538
0.04151
0.05493
0.13126
0.08428
0.09711
0.06815
0.14346
0.176
0.37914
0.46163
0.48271
0.32009
0.86676
0.742
0.91795
0.7593
0.21731
0.29095
0.21272
0.16757
0.46845
0.50262
0.72056
0.91259
0.16806
0.24346
0.59915
0.65162
0.86501
0.95108
0.55024
0.52853
0.88849
0.94658
0.33373
0.24338
0.31217
0.11725
0.023
0.08715
0.61977
0.88963
0.05303
0.05717
0.90948
0.79132
0.00531
0.00064
0.62554
0.25004
0.25151
0.52833
0.64626
0.73776
0.34609
0.73164
0.32162
0.1931
0.328
0.43577
0.40973
0.34065
0.01275
0.02964
0.61944
0.78797
0.0819
0.05903
0.59493
0.59729
0.40661
0.46515
0.18824
0.2424
0.01397
0.01652
0.12566
0.11894
0.88853
0.92999
0.17452
0.131
0.05954
0.04959
0.71112
0.71669
0.53316
0.22111
0.82703
0.79321
0.89471
0.72098
0.21149
0.13394
0.67598
0.64175
0.12715
0.14614
0.24907
0.32689
0.24762
0.29218
0.55198
0.53169
0.00218
0.0012
0.39186
0.27289
0.0601
0.13224
0.18612
0.30096
0.33398
0.41892
0.13031
0.0951
0.90283
0.86566
0.15121
0.05254
0.86447
0.83398
0.51204
0.37953
0.02671
0.03062
0.02175
0.07088
0.21135
0.12236
0.51419
0.46373
0.06992
0.04828
0.11101
0.25289
0.26485
0.06788
0.07285
0.12779
0.54749
0.71828
0.38075
0.23658
0.2302
0.11632
0.92473
0.82599
0.09087
0.03336
0.33685
0.09173
0.43674
0.63185
0.07169
0.07329
0.47044
0.55714
0.05303
0.04705
0.19788
0.42826
0.01227
0.01158
0.38899
0.3516
0.207
0.20566
0.37596
0.30251
0.37746
0.47148
0.16519
0.22361
0.13467
0.13144
0.39686
0.12942
0.72843
0.89905
0.15182
0.12155
0.03059
0.01093
0.35386
0.34038
0.14024
0.11391
0.06309
0.11572
0.19509
0.2662
0.0248
0.0678
0.02165
0.01807
0.1135
0.20106
0.53069
0.59661
0.31811
0.33981
0.98599
0.95276
0.86444
0.93697
0.65462
0.63731
0.28904
0.40058
0.88904
0.81076
0.06809
0.10642
0.97527
0.96929
0.72355
0.52373
0.26806
0.53325
0.02789
0.02702
0.43841
0.33431
0.5165
0.40294
0.38393
0.14372
0.15443
0.0621
0.96034
0.98196
0.00875
0.01029
0.81146
0.28759
0.03586
0.03912
0.46544
0.52038
0.11101
0.15134
0.0607
0.0906
0.13879
0.12343
0.91331
0.87435
0.26662
0.57975
0.9921
0.98792
0.02359
0.07653
0.69502
0.21672
0.14788
0.08503
0.54564
0.65881
0.02822
0.06838
0.31452
0.31315
0.1532
0.193
0.18117
0.16148
0.16838
0.19682
0.60415
0.16356
0.0118
0.01172
0.88512
0.97731
0.16322
0.18721
0.31943
0.14066
0.09341
0.16624
0.21699
0.10416
0.02599
0.03359
0.00719
0.00661
0.41278
0.20002
0.02979
0.01754
0.19321
0.1245
0.7212
0.87179
0.01327
0.00404
0.29085
0.62132
0.76652
0.47402
0.06174
0.05659
0.03315
0.04692
0.02861
0.04242
0.49196
0.60977
0.04076
0.08161
0.2823
0.48636
0.00816
0.00601
0.1231
0.0771
0.93516
0.86641
0.11708
0.1854
0.07701
0.07599
0.16394
0.09937
0.85268
0.85115
0.13916
0.23689
0.75708
0.90608
0.26526
0.12925
0.36836
0.57995
0.72123
0.60244
0.27515
0.38189
0.2198
0.18121
0.95083
0.88451
0.17797
0.03578
0.99696
0.9973
0.10922
0.03336
0.02788
0.06761
0.98709
0.96278
0.74063
0.76443
0.25877
0.25541
0.51121
0.66221
0.45394
0.19925
0.06677
0.01494
0.66403
0.7752
0.24524
0.05084
0.07123
0.16482
0.19382
0.28263
0.11078
0.09594
0.1035
0.17619
0.35326
0.36423
0.35911
0.35712
0.86269
0.89072
0.15926
0.24331
0.55962
0.40906
0.15393
0.20683
0.00165
0.00186
0.70309
0.67239
0.21514
0.18068
0.33854
0.55863
0.56075
0.7018
0.73716
0.56058
0.01411
0.0134
0.57786
0.60608
0.11306
0.21826
0.42538
0.51548
0.55794
0.574
0.63186
0.61694
0.01171
0.07309
0.03991
0.04174
0.13878
0.20311
0.1213
0.01205
0.52602
0.56251
0.15139
0.19833
0.37323
0.22663
0.37408
0.38773
0.58263
0.60695
0.08887
0.06888
0.92056
0.85439
0.02637
0.06983
0.03291
0.04623
0.36875
0.19261
0.40785
0.21098
0.44427
0.15959
0.44997
0.37646
0.39898
0.67756
0.4379
0.4311
0.20409
0.07547
0.22695
0.20334
0.32037
0.37128
0.94811
0.94366
0.11777
0.30509
0.63374
0.43324
0.94439
0.97569
0.21938
0.29995
0.0122
0.02196
0.88197
0.96333
0.86031
0.8065
0.24978
0.2802
0.17838
0.11833
0.06393
0.06863
0.00356
0.00691
0.15044
0.20548
0.07536
0.14223
0.0116
0.09723
0.02885
0.13662
0.17524
0.25921
0.5798
0.89502
0.51496
0.60994
0.3925
0.66762
0.16373
0.27549
0.35945
0.47902
0.7703
0.78041
0.73845
0.4847
0.48948
0.60697
0.71823
0.35696
0.16349
0.10895
0.00629
0.0042
0.99677
0.99857
0.00588
0.00439
0.09872
0.15513
0.31455
0.37894
0.31174
0.31799
0.88864
0.4993
0.00395
0.0506
0.40228
0.54207
0.0573
0.02567
0.38402
0.32286
0.7768
0.82763
0.47371
0.24357
0.05161
0.06677
0.68328
0.7418
0.1459
0.18052
0.09321
0.15361
0.86911
0.95167
0.05046
0.05694
0.01886
0.03476
0.26067
0.43232
0.81781
0.81794
0.90951
0.86813
0.91008
0.93555
0.89298
0.96858
0.28728
0.44062
0.09833
0.1225
0.35551
0.35896
0.6562
0.82071
0.83161
0.76664
0.46081
0.46179
0.88926
0.94433
0.30923
0.54533
0.10043
0.37545
0.91439
0.7527
0.66407
0.63528
0.3798
0.42771
0.05026
0.04804
0.07102
0.10946
0.01112
0.03745
0.79631
0.86442
0.52597
0.7545
0.45107
0.49717
0.12387
0.33052
0.02103
0.08716
0.08647
0.11227
0.7175
0.68147
0.16621
0.14471
0.81262
0.82846
0.65255
0.43063
0.58004
0.28911
0.18636
0.18471
0.7519
0.77168
0.24415
0.47481
0.71828
0.63523
0.45848
0.57324
0.0257
0.02116
0.30529
0.18756
0.06495
0.03579
0.49939
0.59002
0.7055
0.38369
0.41489
0.64329
0.955
0.96369
0.24934
0.3566
0.23668
0.29905
0.6068
0.22045
0.09001
0.15214
0.14473
0.05328
0.8992
0.81585
0.46241
0.09841
0.31386
0.19111
0.11168
0.03049
0.39978
0.31613
0.81425
0.62664
0.36592
0.87059
0.24689
0.33008
0.62444
0.28088
0.47713
0.54768
0.20188
0.46443
0.88865
0.89587
0.38479
0.69344
0.16062
0.05755
0.0529
0.07874
0.01657
0.039
0.53071
0.46524
0.00645
0.01323
0.00781
0.0091
0.98714
0.98364
0.46539
0.50782
0.06812
0.04625
0.41743
0.47196
0.75524
0.85506
0.23331
0.19782
0.57689
0.53458
0.13809
0.14038
0.62187
0.85519
0.26737
0.21498
0.60742
0.5163
0.13522
0.06478
0.22679
0.14554
0.08114
0.08691
0.88725
0.89206
0.33877
0.43012
0.24728
0.24615
0.00461
0.00658
0.50535
0.62758
0.04431
0.13353
0.87494
0.76236
0.65954
0.78194
0.0957
0.06004
0.13112
0.11632
0.14073
0.04862
0.11369
0.2273
0.31226
0.28896
0.0497
0.01628
0.36612
0.39217
0.05704
0.06538
0.43831
0.55453
0.3438
0.35967
0.78395
0.62285
0.43259
0.32517
0.13953
0.06863
0.77103
0.52137
0.14536
0.0719
0.54412
0.85403
0.89843
0.91087
0.10867
0.26243
0.78735
0.88784
0.05086
0.04583
0.89661
0.88133
0.12202
0.42023
0.79623
0.71767
0.14961
0.19795
0.62972
0.70644
0.81721
0.84337
0.77053
0.80197
0.10946
0.20836
0.05197
0.11578
0.4114
0.50731
0.23652
0.08719
0.11392
0.09949
0.77966
0.56715
0.81566
0.77337
0.1529
0.10507
0.22471
0.31842
0.37006
0.63432
0.80701
0.75846
0.98885
0.99007
0.058
0.0447
0.0286
0.04453
0.79972
0.77143
0.62875
0.69619
0.10585
0.11395
0.00936
0.0843
0.04598
0.28286
0.67965
0.38077
0.25627
0.26642
0.01483
0.03833
0.16735
0.09117
0.09431
0.0836
0.4448
0.4114
0.03303
0.06153
0.57999
0.59324
0.86662
0.95265
0.10965
0.05245
0.27123
0.67059
0.70785
0.80136
0.12925
0.20593
0.2059
0.24649
0.67694
0.41319
0.39503
0.25277
0.03096
0.01701
0.60595
0.84054
0.16018
0.29077
0.04322
0.03657
0.01188
0.00698
0.12649
0.12231
0.07843
0.0347
0.2209
0.07781
0.81662
0.75863
0.49199
0.13955
0.52974
0.22029
0.08776
0.13671
0.98151
0.98735
0.46319
0.55336
0.84081
0.94367
0.13443
0.28296
0.15668
0.36913
0.08691
0.11641
0.35907
0.77201
0.11619
0.29991
0.07527
0.18715
0.17517
0.12093
0.1785
0.22534
0.04307
0.00935
0.00589
0.00415
0.05731
0.04282
0.14927
0.28371
0.74974
0.4337
0.83112
0.79682
0.14325
0.28365
0.05376
0.25255
0.87358
0.87111
0.60818
0.63589
0.26973
0.49755
0.31108
0.42736
0.89914
0.95923
0.30199
0.50236
0.1942
0.26538
0.32131
0.28551
0.25621
0.50301
0.69989
0.57552
0.65945
0.30372
0.39179
0.74189
0.09211
0.081
0.33928
0.13294
0.50359
0.6992
0.20094
0.25243
0.85616
0.78439
0.26061
0.23862
0.9756
0.96858
0.01024
0.02355
0.63239
0.37637
0.11593
0.33827
0.19293
0.11532
0.18158
0.4287
0.58881
0.69451
0.81631
0.55516
0.44602
0.66002
0.26859
0.43276
0.07629
0.08401
0.53282
0.38027
0.81273
0.73349
0.14188
0.38414
0.65471
0.60072
0.45579
0.29846
0.801
0.90527
0.20146
0.12243
0.28761
0.68048
0.92788
0.82801
0.04622
0.05807
0.05739
0.08551
0.16064
0.35228
0.13867
0.3053
0.96884
0.84439
0.57673
0.4409
0.36348
0.49094
0.71807
0.85794
0.76641
0.84945
0.12951
0.1283
0.10863
0.11606
0.52261
0.75704
0.37768
0.59414
0.09682
0.15323
0.2773
0.28415
0.05877
0.07786
0.01285
0.02257
0.22998
0.2777
0.34119
0.50924
0.18275
0.2893
0.61743
0.7145
0.23793
0.13242
0.8252
0.32324
0.42925
0.75523
0.52125
0.28351
0.0963
0.36941
0.42011
0.31697
0.21737
0.41806
0.03375
0.06559
0.8607
0.68729
0.05399
0.06145
0.04525
0.05428
0.39787
0.36485
0.74746
0.67983
0.14614
0.1991
0.02605
0.06549
0.51595
0.67262
0.65514
0.38418
0.08949
0.10765
0.0275
0.08083
0.87082
0.79958
0.04875
0.06327
0.06944
0.20501
0.10801
0.06832
0.01662
0.02834
0.01189
0.04931
0.48772
0.28178
0.15091
0.07663
0.10455
0.14544
0.12272
0.14935
0.41309
0.4149
0.14203
0.16031
0.19836
0.47949
0.82473
0.60255
0.53037
0.7338
0.01595
0.01687
0.36241
0.41996
0.83258
0.83915
0.68952
0.65981
0.17572
0.14728
0.06297
0.05242
0.12532
0.19933
0.02021
0.02197
0.4391
0.73364
0.94744
0.90501
0.94775
0.98755
0.16114
0.09499
0.22114
0.21868
0.06405
0.04846
0.09815
0.21443
0.87797
0.93295
0.00659
0.00958
0.90797
0.89878
0.02075
0.01832
0.00627
0.00631
0.98169
0.95466
0.0385
0.02381
0.01239
0.00589
0.09783
0.15898
0.53011
0.59012
0.45017
0.641
0.78144
0.82249
0.01852
0.00898
0.55308
0.43418
0.2667
0.12503
0.30224
0.37881
0.37453
0.24621
0.56659
0.67787
0.01818
0.03114
0.16544
0.04565
0.27301
0.12157
0.0938
0.08499
0.03859
0.0603
0.04479
0.07381
0.06198
0.07411
0.90197
0.7572
0.43858
0.66577
0.42688
0.80378
0.01854
0.01468
0.67849
0.90623
0.89015
0.76266
0.67336
0.58517
0.15823
0.09907
0.0616
0.0504
0.08715
0.02516
0.07757
0.15296
0.85353
0.56248
0.00812
0.0141
0.76258
0.83847
0.62527
0.87454
0.01329
0.04383
0.39226
0.7261
0.20608
0.34919
0.75146
0.8864
0.23806
0.19323
0.1922
0.39128
0.21476
0.42702
0.45283
0.5745
0.03684
0.03747
0.7863
0.86291
0.13297
0.07635
0.65621
0.74682
0.02853
0.01208
0.96386
0.98011
0.32058
0.26916
0.44399
0.45411
0.52078
0.21559
0.96048
0.83037
0.40471
0.5865
0.03665
0.01828
0.33627
0.25069
0.40961
0.13844
0.33909
0.2369
0.90074
0.67828
0.18778
0.2028
0.50211
0.54234
0.05306
0.06591
0.81476
0.7968
0.02334
0.05765
0.65137
0.64385
0.23206
0.29799
0.46104
0.39298
0.0686
0.0593
0.49912
0.41562
0.28316
0.55553
0.0734
0.06939
0.42156
0.49077
0.03446
0.24328
0.07177
0.0575
0.01357
0.01768
0.48507
0.72052
0.02675
0.09754
0.0446
0.06696
0.0715
0.09052
0.22242
0.26384
0.07215
0.09364
0.10611
0.10954
0.49689
0.34551
0.01666
0.02339
0.98881
0.98539
0.55283
0.58355
0.00337
0.01334
0.80812
0.78023
0.01355
0.12435
0.11427
0.15649
0.49508
0.31316
0.05765
0.19891
0.16577
0.03305
0.33258
0.4534
0.66486
0.38033
0.42635
0.43369
0.38399
0.19072
0.03784
0.08051
0.87435
0.69641
0.08257
0.19743
0.24898
0.07089
0.82603
0.94099
0.10186
0.02822
0.07987
0.23342
0.74956
0.72951
0.06062
0.12588
0.13931
0.06662
0.51993
0.74865
0.03079
0.04836
0.1315
0.12017
0.01998
0.02147
0.42228
0.37187
0.66624
0.89516
0.94211
0.96979
0.15882
0.08719
0.58063
0.29561
0.13401
0.1926
0.77721
0.29831
0.32554
0.46546
0.10805
0.29159
0.83097
0.70476
0.14519
0.53349
0.01481
0.02451
0.33316
0.58188
0.59155
0.62889
0.95129
0.95394
0.57598
0.7444
0.81548
0.74014
0.74105
0.4572
0.34918
0.2892
0.35273
0.58239
0.05445
0.04658
0.4898
0.23137
0.1027
0.03577
0.16787
0.17503
0.10532
0.13033
0.28225
0.71385
0.07475
0.23217
0.15558
0.05658
0.2951
0.18928
0.04441
0.00923
0.21324
0.20201
0.81513
0.82983
0.04381
0.1051
0.38203
0.26233
0.35002
0.42654
0.10479
0.06624
0.76528
0.73159
0.57959
0.327
0.0606
0.13947
0.83282
0.74494
0.99771
0.99222
0.1871
0.2704
0.01563
0.02535
0.64816
0.60428
0.29724
0.32155
0.00134
0.00322
0.36598
0.10429
0.25145
0.32324
0.7078
0.90243
0.39044
0.31108
0.70697
0.5913
0.17613
0.30276
0.55074
0.87749
0.40059
0.23661
0.61449
0.57991
0.09181
0.26309
0.24568
0.18252
0.86981
0.82803
0.52238
0.77832
0.04534
0.0451
0.22188
0.3839
0.09356
0.16612
0.01394
0.01229
0.0494
0.04265
0.99923
0.9985
0.54907
0.39916
0.11539
0.15258
0.07522
0.22565
0.00245
0.00349
0.01527
0.01187
0.3002
0.64436
0.66404
0.81317
0.78972
0.65982
0.21963
0.45198
0.22323
0.51461
0.56328
0.29622
0.11604
0.23361
0.44242
0.23922
0.34308
0.65894
0.72878
0.79582
0.33104
0.45765
0.02223
0.07425
0.07112
0.22082
0.87843
0.86564
0.43994
0.3972
0.87213
0.89326
0.13858
0.28226
0.01322
0.04263
0.98349
0.99503
0.64996
0.57507
0.73678
0.759
0.00805
0.00188
0.9291
0.9854
0.12039
0.05857
0.00735
0.00753
0.00484
0.005
0.61798
0.7608
0.06872
0.03481
0.2391
0.37838
0.12272
0.15871
0.00154
0.01657
0.98379
0.93702
0.25679
0.18364
0.00285
0.00164
0.40411
0.24283
0.00094
0.00065
0.94383
0.89318
0.01087
0.00716
0.24236
0.6341
0.03307
0.0093
0.15284
0.4613
0.03863
0.07688
0.1644
0.08366
0.92674
0.72767
0.24611
0.29872
0.37623
0.21747
0.33366
0.33368
0.8828
0.94335
0.22436
0.15506
0.46605
0.24481
0.2776
0.29045
0.13739
0.30106
0.32406
0.35996
0.50909
0.55144
0.76186
0.38823
0.19311
0.39587
0.06809
0.08098
0.00196
0.01282
0.79425
0.92573
0.611
0.27724
0.24199
0.23049
0.68837
0.36769
0.76382
0.38057
0.07296
0.15577
0.70116
0.89696
0.09956
0.36639
0.07506
0.07635
0.04912
0.01504
0.51328
0.6332
0.51857
0.37453
0.29141
0.27912
0.84637
0.64913
0.98079
0.99283
0.87915
0.88395
0.04414
0.05562
0.3679
0.56285
0.00181
0.01261
0.82759
0.61863
0.79097
0.89862
0.01519
0.01591
0.89586
0.87577
0.27425
0.46375
0.56503
0.15085
0.11581
0.0933
0.13266
0.11788
0.06791
0.01643
0.47103
0.74314
0.09069
0.15261
0.99731
0.99
0.72629
0.61315
0.29872
0.16499
0.9417
0.85774
0.99149
0.97861
0.9132
0.80798
0.03808
0.06138
0.96066
0.96279
0.10018
0.10577
0.12182
0.08227
0.27532
0.39597
0.06441
0.21462
0.01256
0.03706
0.58802
0.76763
0.8473
0.72498
0.30695
0.72034
0.30605
0.23351
0.90154
0.89199
0.32069
0.41809
0.09987
0.26503
0.1839
0.26166
0.02879
0.04527
0.71187
0.24233
0.60794
0.74598
0.4192
0.33845
0.17385
0.25681
0.55967
0.61983
0.11602
0.08267
0.21436
0.1737
0.04312
0.14261
0.0737
0.04201
0.15113
0.07335
0.94108
0.84037
0.96674
0.8992
0.17147
0.16066
0.12763
0.03494
0.30641
0.08652
0.06582
0.05341
0.28212
0.35795
0.86676
0.92533
0.08789
0.11909
0.0202
0.02035
0.23911
0.14528
0.97569
0.99302
0.17245
0.08735
0.17503
0.14164
0.08218
0.17225
0.07535
0.06957
0.5479
0.55049
0.31342
0.11632
0.1606
0.31116
0.61848
0.75381
0.83857
0.90951
0.01303
0.04951
0.31435
0.25543
0.95292
0.97601
0.93233
0.97363
0.0294
0.01672
0.18608
0.2467
0.14526
0.24407
0.83603
0.89665
0.77824
0.61736
0.50032
0.34245
0.08074
0.2003
0.00583
0.00192
0.58073
0.83734
0.27844
0.10879
0.53736
0.23341
0.65761
0.49802
0.11755
0.0259
0.25188
0.21209
0.38538
0.36662
0.52303
0.49736
0.03914
0.07323
0.18079
0.53398
0.31193
0.19596
0.02764
0.05303
0.9
0.97235
0.82394
0.88767
0.80771
0.2181
0.02269
0.09677
0.36788
0.26329
0.1486
0.1131
0.171
0.47444
0.20869
0.44529
0.35229
0.6938
0.52237
0.67445
0.0541
0.08445
0.0066
0.02241
0.22435
0.3656
0.17148
0.37585
0.05507
0.06279
0.18903
0.27038
0.80007
0.76003
0.81185
0.79926
0.74221
0.59862
0.65301
0.60098
0.06028
0.0343
0.30938
0.28068
0.03257
0.01685
0.7811
0.86219
0.56216
0.50215
0.23363
0.52886
0.2897
0.18607
0.20423
0.14715
0.01877
0.03004
0.01371
0.009
0.3371
0.39815
0.97035
0.97534
0.95396
0.87036
0.91895
0.87466
0.23529
0.24147
0.14447
0.14492
0.06763
0.08267
0.06633
0.05489
0.7345
0.63853
0.05123
0.15872
0.02564
0.01601
0.16527
0.22251
0.73711
0.59022
0.339
0.37399
0.18678
0.03294
0.7304
0.89827
0.81406
0.73642
0.52532
0.47993
0.82879
0.59136
0.08751
0.24016
0.80878
0.63323
0.09443
0.07889
0.43982
0.22151
0.28612
0.12146
0.09649
0.11018
0.72147
0.53486
0.1665
0.06261
0.54854
0.66778
0.20017
0.20234
0.37744
0.56388
0.79946
0.72622
0.05126
0.08643
0.53121
0.31856
0.34893
0.23132
0.26586
0.24167
0.09779
0.14228
0.42529
0.37062
0.00766
0.01844
0.1008
0.1418
0.89392
0.81248
0.98819
0.9797
0.14128
0.30214
0.14169
0.0761
0.03792
0.0635
0.02461
0.0355
0.00031
0.00101
0.45608
0.29524
0.18796
0.20794
0.32543
0.33059
0.01972
0.08388
0.06192
0.07724
0.53384
0.57018
0.24327
0.08501
0.31523
0.2892
0.01389
0.00841
0.12145
0.01231
0.16227
0.0761
0.10778
0.09686
0.88194
0.93733
0.05691
0.01133
0.7734
0.75554
0.13635
0.12896
0.24913
0.17233
0.07569
0.03245
0.03948
0.05523
0.0227
0.00273
0.77265
0.43493
0.68524
0.45186
0.04697
0.08321
0.24262
0.11673
0.05967
0.04593
0.32138
0.28912
0.09794
0.1442
0.07208
0.10046
0.01241
0.04145
0.30646
0.22741
0.16988
0.38782
0.29096
0.40135
0.41065
0.11731
0.93691
0.9547
0.0985
0.29633
0.6226
0.77294
0.00616
0.00315
0.88849
0.87465
0.16784
0.45232
0.28798
0.40392
0.03608
0.0616
0.19878
0.27217
0.02982
0.01147
0.70964
0.77228
0.10598
0.20827
0.82832
0.83404
0.37899
0.32
0.06901
0.03517
0.70931
0.39719
0.93631
0.90693
0.92838
0.89985
0.39607
0.39088
0.7999
0.77881
0.13914
0.19486
0.38044
0.40358
0.14164
0.19643
0.04801
0.02243
0.37261
0.32169
0.26073
0.29153
0.83113
0.90272
0.11798
0.20479
0.01957
0.01981
0.0402
0.14354
0.24389
0.1217
0.86816
0.83216
0.37748
0.07982
0.67391
0.44924
0.00641
0.00896
0.10767
0.09017
0.72998
0.8635
0.37894
0.32108
0.07367
0.08948
0.41688
0.38945
0.08796
0.26442
0.30857
0.47498
0.26877
0.47748
0.6195
0.67529
0.54871
0.6288
0.15707
0.10642
0.68458
0.76629
0.08412
0.09557
0.11664
0.12631
0.51045
0.78594
0.96929
0.92693
0.42415
0.37412
0.3038
0.13852
0.09298
0.21999
0.87165
0.87484
0.03894
0.01539
0.1523
0.60642
0.05827
0.05346
0.96451
0.93717
0.76539
0.69265
0.92341
0.93689
0.24341
0.53916
0.02219
0.0199
0.013
0.00554
0.40229
0.22484
0.28039
0.23016
0.38116
0.59396
7e-05
0.00012
0.6721
0.79286
0.15289
0.32487
0.03342
0.02683
0.17608
0.11381
0.97556
0.98385
0.19444
0.07093
0.34324
0.21998
0.59453
0.84683
0.92998
0.79332
0.16582
0.05734
0.11375
0.34558
0.17771
0.14936
0.94962
0.92812
0.25317
0.25561
0.59759
0.78589
0.01142
0.01612
0.00578
0.00365
0.04775
0.10502
0.52078
0.20648
0.15247
0.11059
0.08486
0.30262
0.47051
0.71917
0.01366
0.01756
0.01565
0.00743
0.57478
0.42862
0.04265
0.12006
0.63889
0.67097
0.96962
0.93856
0.27011
0.76403
0.05829
0.0265
0.96376
0.93145
0.04008
0.08462
0.84267
0.96835
0.11712
0.0628
0.68459
0.56457
0.35683
0.64056
0.259
0.34779
0.14655
0.29888
0.04958
0.47122
0.01088
0.0196
0.01019
0.00418
0.24762
0.55382
0.61223
0.53981
0.10153
0.08294
0.28865
0.17359
0.07754
0.07257
0.21033
0.17066
0.13895
0.13949
0.79576
0.61208
0.86452
0.83596
0.90766
0.85822
0.47385
0.60998
0.30113
0.25319
0.50176
0.63026
0.14028
0.48154
0.5937
0.18725
0.29597
0.46562
0.27372
0.22245
0.09445
0.09915
0.81631
0.46175
0.71108
0.8876
0.07451
0.26862
0.19325
0.24573
0.0186
0.07414
0.37204
0.33207
0.75005
0.55951
0.58777
0.50537
0.97038
0.93418
0.60892
0.38782
0.31321
0.21758
0.01504
0.04535
0.76762
0.8599
0.33566
0.16013
0.87063
0.87668
0.0088
0.01573
0.18374
0.09616
0.55445
0.52647
0.17424
0.11658
0.06906
0.0425
0.85771
0.73384
0.48881
0.87776
0.27592
0.12098
0.14657
0.17307
0.44521
0.6122
0.28836
0.43185
0.19497
0.44227
0.03548
0.03341
0.16053
0.1725
0.80212
0.84494
0.15166
0.32201
0.0418
0.152
0.00552
0.01029
0.8528
0.53391
0.65904
0.43327
0.38678
0.34581
0.54871
0.78222
0.23897
0.1569
0.50087
0.7083
0.04729
0.072
0.7141
0.87371
0.4196
0.14746
0.24623
0.21487
0.17635
0.07357
0.2718
0.16508
0.60926
0.6054
0.06273
0.14329
0.06502
0.07574
0.99846
0.98954
0.04641
0.1034
0.05181
0.01005
0.15412
0.19685
0.50943
0.43205
0.37494
0.3268
0.78613
0.3557
0.85314
0.88569
0.52327
0.85665
0.43075
0.3184
0.15069
0.24239
0.58086
0.64335
0.53549
0.82224
0.72856
0.836
0.10888
0.10305
0.96509
0.84069
0.58853
0.69701
0.41617
0.46821
0.87296
0.95852
0.85444
0.57951
0.11217
0.01109
0.87624
0.90475
0.52245
0.54826
0.22117
0.15318
0.89118
0.8913
0.25147
0.63549
0.75159
0.42854
0.08177
0.11287
0.04187
0.02178
0.13449
0.15386
0.06179
0.0281
0.77152
0.76648
0.7798
0.75126
0.11289
0.20645
0.00136
0.00468
0.59042
0.56677
0.62108
0.65372
0.07322
0.09909
0.95999
0.8755
0.76952
0.81253
0.02202
0.0249
0.6679
0.79869
0.2174
0.22634
0.09904
0.11793
0.19214
0.17388
0.04096
0.05007
0.37363
0.28949
0.04645
0.14306
0.05986
0.07084
0.12195
0.06997
0.74997
0.8555
0.4006
0.51548
0.92912
0.76991
0.35806
0.31219
0.34759
0.18456
0.57676
0.33027
0.979
0.96397
0.41567
0.32183
0.05883
0.19377
0.69987
0.7358
0.10958
0.05243
0.00462
0.01593
0.88029
0.92163
0.1475
0.26093
0.88439
0.94234
0.69037
0.57642
0.01558
0.0288
0.3574
0.26898
0.12989
0.29593
0.00227
0.1217
0.42138
0.61667
0.23192
0.33797
0.06692
0.05722
0.35315
0.25161
0.26688
0.51411
0.14902
0.09339
0.94663
0.91613
0.08662
0.10287
0.46237
0.54931
0.32743
0.68799
0.132
0.10377
0.34761
0.45749
0.96573
0.89601
0.48153
0.33653
0.19311
0.24868
0.45687
0.62209
0.48546
0.43868
0.08317
0.03398
0.04281
0.03495
0.00805
0.00825
0.68776
0.32685
0.17575
0.13065
0.16066
0.11483
0.86979
0.88581
0.30794
0.23136
0.4227
0.53113
0.8752
0.80669
0.21473
0.12929
0.12835
0.19935
0.06367
0.0172
0.35759
0.21513
0.78496
0.71249
0.88553
0.94848
0.45936
0.38482
0.00638
0.0184
0.62046
0.55925
0.01665
0.03378
0.32143
0.26438
0.04689
0.0468
0.80651
0.75767
0.02589
0.027
0.32277
0.5315
0.67613
0.77441
0.15218
0.09527
0.20339
0.2648
0.00716
0.01131
0.72381
0.702
0.70327
0.6167
0.14102
0.5085
0.80727
0.46047
0.03912
0.02477
0.98086
0.9292
0.105
0.24474
0.12986
0.15665
0.33758
0.47207
0.02148
0.02541
0.30612
0.24901
0.37297
0.3137
0.00606
0.0129
0.37221
0.1894
0.71868
0.50594
0.7841
0.4995
4e-05
0.00042
0.46892
0.30882
0.81752
0.905
0.54424
0.58682
0.12285
0.21473
0.07858
0.02814
0.02675
0.09948
0.91959
0.83559
0.68873
0.58451
0.21825
0.07839
0.0332
0.07859
0.18767
0.36531
0.0055
0.07148
0.73259
0.78482
0.45445
0.55998
0.61448
0.56391
0.26515
0.42816
0.94061
0.9173
0.36259
0.21678
0.02777
0.0112
0.35839
0.19862
0.18767
0.35863
0.92181
0.90647
0.93548
0.96196
0.0805
0.32696
0.44452
0.618
0.32463
0.35885
0.65797
0.59737
0.27365
0.32651
0.89961
0.95226
0.88537
0.87752
0.84439
0.73205
0.09403
0.13422
0.93961
0.93579
0.01846
0.12376
0.72733
0.90927
0.05936
0.04602
0.47255
0.48937
0.63163
0.29208
0.03125
0.0511
0.23326
0.15363
0.18607
0.54024
0.44117
0.65582
0.96821
0.99128
0.39601
0.21562
0.00526
0.01338
0.26854
0.11867
0.13952
0.12317
0.08218
0.17608
0.84068
0.70322
0.0286
0.02202
0.23657
0.29213
0.35753
0.21817
0.2805
0.54386
0.83259
0.545
0.52381
0.29297
0.21633
0.42493
0.1088
0.21829
0.03537
0.03583
0.30915
0.35692
0.15195
0.15557
0.04792
0.06069
0.09718
0.04276
0.34861
0.53148
0.56407
0.60021
0.16601
0.07618
0.41377
0.51638
0.09963
0.45706
0.00459
0.00691
0.07785
0.149
0.49799
0.55443
0.1304
0.31058
0.03565
0.0227
0.23682
0.17019
0.48069
0.54211
0.06595
0.11522
0.89635
0.9591
0.64046
0.50828
0.72472
0.69097
0.32965
0.31634
0.54964
0.60583
0.84409
0.9184
0.19708
0.38261
0.16139
0.11002
0.58103
0.79986
0.01455
0.00369
0.62683
0.67974
0.4297
0.31923
0.08946
0.0593
0.84783
0.83276
0.01006
0.01845
0.05422
0.04194
4e-05
9e-05
0.57325
0.81611
0.06589
0.028
0.09617
0.09232
0.38428
0.17822
0.12552
0.11946
0.87226
0.77157
0.7805
0.5172
0.3239
0.69137
0.26114
0.47839
0.18535
0.20663
0.07235
0.0247
0.7889
0.92519
0.44692
0.28638
0.14124
0.34707
0.3149
0.34426
0.93611
0.81029
0.8092
0.92025
0.85987
0.81942
0.72859
0.83476
0.42626
0.21493
0.226
0.2577
0.08481
0.07257
0.13577
0.23833
0.72576
0.74261
0.00013
0.00041
0.51493
0.59048
0.09263
0.10633
0.25357
0.19061
0.34521
0.6257
0.32547
0.32669
0.01888
0.00729
0.94193
0.94869
0.93323
0.96097
0.33871
0.46804
0.03746
0.01568
0.26456
0.30995
0.2066
0.08446
0.31777
0.28298
0.75041
0.76791
0.38595
0.19465
0.42794
0.4933
0.90313
0.88116
0.97702
0.96839
0.00989
0.02299
0.20046
0.06172
0.37731
0.68322
0.43867
0.19672
0.84115
0.87454
0.25194
0.31443
0.32621
0.38345
0.06859
0.16744
0.33486
0.13032
0.30281
0.08443
0.03643
0.02605
0.0946
0.06292
0.04257
0.06572
0.02166
0.06589
0.17081
0.18446
0.2256
0.36381
0.77177
0.89326
0.4633
0.48078
0.16053
0.17389
0.49508
0.2211
0.03106
0.15987
0.74852
0.53592
0.68284
0.6369
0.47497
0.61422
0.95884
0.7777
0.10751
0.29582
0.15112
0.03992
0.00382
0.00507
0.07704
0.05012
0.92764
0.96976
0.62698
0.82383
0.04717
0.0407
0.14953
0.05414
0.07771
0.16434
0.1533
0.39179
0.28411
0.16186
0.06074
0.10431
0.28481
0.53561
0.40956
0.32745
0.00914
0.00926
0.61961
0.39855
0.6408
0.5983
0.30613
0.21214
0.05071
0.01094
0.91956
0.88411
0.50156
0.42042
0.45452
0.32895
0.65514
0.5645
0.23556
0.49027
0.51261
0.67838
0.04526
0.05679
0.52583
0.75432
0.1162
0.07276
0.36058
0.39847
0.7771
0.83786
0.84559
0.69361
0.09458
0.10596
0.1405
0.14999
0.08494
0.09083
0.96835
0.99419
0.03146
0.129
0.51436
0.50461
0.2703
0.15877
0.08011
0.37488
0.01277
0.00759
0.19333
0.22693
0.97428
0.95148
0.12278
0.16944
0.6764
0.64891
0.22365
0.30056
0.33336
0.22697
0.68234
0.51868
0.46037
0.29727
0.58557
0.92484
0.39916
0.41194
0.63594
0.29555
0.86486
0.56802
0.27328
0.27074
0.22101
0.44755
0.54752
0.84597
0.63136
0.234
0.03069
0.06767
0.68544
0.6706
0.0302
0.01249
0.04
0.05671
0.91723
0.85496
0.81416
0.82773
0.08375
0.19194
0.12503
0.12883
0.53898
0.63623
0.34366
0.40646
0.80955
0.69054
0.68947
0.7526
0.36491
0.41784
0.9192
0.89255
0.65724
0.76495
0.46239
0.70953
0.42285
0.18281
0.13708
0.09594
0.09254
0.04805
0.68569
0.72768
0.97016
0.97878
0.85312
0.86211
0.48615
0.50817
0.46343
0.54432
0.91912
0.95666
0.09311
0.07156
0.26661
0.5811
0.5508
0.56969
0.3506
0.39528
0.99906
0.99744
0.953
0.84198
0.75668
0.62951
0.04654
0.02734
0.44526
0.58211
0.07782
0.10794
0.13922
0.22526
0.23644
0.43405
0.92109
0.88666
0.3092
0.33958
0.13152
0.15935
0.24986
0.17599
0.76859
0.78541
0.94169
0.93949
0.83861
0.90113
0.93405
0.84856
0.30464
0.11577
0.88214
0.86595
0.52552
0.33653
0.79297
0.48984
0.70242
0.65751
0.70422
0.43529
0.53381
0.60884
0.33201
0.18238
0.39972
0.30124
0.12154
0.26908
0.96892
0.95964
0.94806
0.98581
0.20217
0.52166
0.12318
0.14337
0.13145
0.1262
0.80965
0.86985
0.42872
0.63815
0.88247
0.91878
0.91122
0.94446
0.92041
0.6294
0.70714
0.56531
0.05146
0.11475
0.0034
0.01254
0.83207
0.767
0.23175
0.41509
0.81379
0.64615
0.00714
0.0043
0.70989
0.72997
0.26029
0.23445
0.1381
0.09103
0.03202
0.03006
0.10283
0.13763
0.54001
0.39927
0.68116
0.27416
0.17145
0.1505
0.14988
0.37238
0.24585
0.2277
0.00784
0.04265
0.88907
0.85197
0.96569
0.9421
0.23175
0.19926
0.1085
0.05497
0.95186
0.94245
0.73589
0.74761
0.62499
0.78094
0.91659
0.7365
0.52681
0.50882
0.1437
0.10985
0.04324
0.08258
0.57196
0.24767
0.77029
0.51494
0.36058
0.36036
0.83309
0.88305
0.52096
0.64678
0.25727
0.304
0.64722
0.59095
0.62392
0.84077
0.374
0.73358
0.84054
0.74369
0.14399
0.05946
0.55254
0.87561
0.04532
0.03207
0.21438
0.22474
0.41796
0.38573
0.0038
0.01327
0.0145
0.09104
0.44357
0.26324
0.05646
0.12501
0.81308
0.61436
0.56666
0.57541
0.44348
0.636
0.94453
0.98907
0.84657
0.85026
0.60297
0.76052
0.07546
0.05907
0.89477
0.86458
0.03447
0.02222
0.14315
0.12734
0.08287
0.05087
0.22858
0.42544
0.40916
0.79381
0.0292
0.01912
0.71879
0.87859
0.76625
0.39747
0.85275
0.86371
0.78607
0.66832
0.93988
0.92859
0.11206
0.08142
0.94006
0.90396
0.20269
0.67143
0.99998
0.99958
0.75339
0.72104
0.19017
0.07456
0.25013
0.41679
0.03262
0.12874
0.67886
0.49152
0.17834
0.40475
0.72701
0.61861
0.69531
0.38581
0.08403
0.10386
0.25192
0.2344
0.86193
0.8951
0.24408
0.2614
0.87697
0.91745
0.91556
0.96561
0.1171
0.08127
0.33719
0.38737
0.03997
0.01516
0.92278
0.85114
0.01036
0.01671
0.14808
0.1735
0.09558
0.30717
0.00304
0.00728
0.69672
0.75388
0.59364
0.45488
0.21954
0.17071
0.2512
0.15257
0.64798
0.74633
0.84607
0.89087
0.32612
0.52158
0.12852
0.12208
0.64812
0.84862
0.22574
0.58722
0.13397
0.26461
0.29018
0.30629
0.31578
0.30188
0.01076
0.00648
0.00897
0.0382
0.64081
0.83075
0.06864
0.1349
0.62368
0.42473
0.14447
0.24973
0.27317
0.22132
0.47248
0.57136
0.05136
0.0567
0.30667
0.08759
0.67269
0.30884
0.98943
0.99232
0.17852
0.34636
0.31013
0.37933
0.10772
0.08494
0.32715
0.70966
0.0144
0.0179
0.07957
0.10204
0.53612
0.77007
0.44718
0.51508
0.32255
0.18989
0.38273
0.17689
0.3469
0.19283
0.03624
0.04185
0.00613
0.00319
0.03535
0.04797
0.0021
0.0173
0.73294
0.65145
0.80297
0.84938
0.50995
0.48657
0.27551
0.48687
0.43558
0.52339
0.01528
0.01051
0.0512
0.07493
0.15263
0.23046
0.80259
0.80325
0.09398
0.08414
0.08347
0.0492
0.9376
0.82585
0.12385
0.11153
0.1793
0.12465
0.09502
0.09696
0.32262
0.684
0.17477
0.15486
0.01256
0.03955
0.01773
0.02491
0.06329
0.19778
0.07577
0.2245
0.22893
0.3081
0.3759
0.42871
0.47958
0.5479
0.33444
0.17821
0.79672
0.52556
0.01406
0.05022
0.06781
0.00889
0.71328
0.54705
0.06149
0.01877
0.05959
0.07327
0.57291
0.46697
0.45828
0.39889
0.06677
0.09949
0.08991
0.05758
0.40044
0.45005
0.63151
0.7845
0.0414
0.04159
0.03027
0.00805
0.25668
0.41191
0.0141
0.00788
0.28804
0.09455
0.65861
0.37322
0.38983
0.30865
0.00294
0.00531
0.30234
0.27769
0.16583
0.31144
0.9833
0.96009
0.78475
0.88443
0.13056
0.14694
0.5808
0.5231
0.13786
0.06623
0.01361
0.00184
0.71696
0.69879
0.46699
0.42411
0.80291
0.63399
0.14297
0.44918
0.0792
0.07457
0.10079
0.08419
0.59934
0.25568
0.91484
0.81468
0.22524
0.09185
0.53494
0.78197
0.01587
0.01456
0.11895
0.21207
0.01896
0.01045
0.02092
0.01447
0.92135
0.81288
0.83109
0.53725
0.80295
0.49966
0.25891
0.30223
0.20733
0.56643
0.18608
0.1066
0.29165
0.1812
0.23153
0.09659
0.1375
0.09212
0.29598
0.16098
0.94813
0.91623
0.1332
0.21516
0.82081
0.55585
0.08817
0.08959
0.62666
0.75664
0.03835
0.02998
0.10108
0.28645
0.60674
0.60698
0.0458
0.23056
0.07027
0.14868
0.23833
0.42078
0.69425
0.61521
0.17495
0.22197
0.43262
0.60598
0.58311
0.26958
0.50194
0.3894
0.89514
0.8686
0.47838
0.81158
0.835
0.87664
0.28169
0.10168
0.87653
0.91531
0.27381
0.61193
0.03139
0.00543
0.03127
0.05424
0.79443
0.83444
0.38694
0.30714
0.15301
0.18351
0.0746
0.01465
0.68059
0.60548
0.89235
0.88837
0.02824
0.05112
0.11072
0.3405
0.0899
0.30893
0.30105
0.24656
0.0628
0.03454
0.32562
0.50201
0.26463
0.13015
0.8908
0.22488
0.05816
0.11382
0.91104
0.88048
0.6029
0.64694
0.24246
0.42898
0.81265
0.93628
0.45908
0.76232
0.00552
0.0156
0.36549
0.36513
0.69168
0.64427
0.65225
0.59165
0.08282
0.07345
0.35203
0.26627
0.65699
0.8279
0.00063
0.00061
0.12983
0.36902
0.33007
0.38583
0.34725
0.44639
0.03298
0.0477
0.4935
0.76633
0.03966
0.03746
0.00942
0.02914
0.02483
0.00425
0.03901
0.02307
0.29063
0.29358
0.57951
0.63544
0.59765
0.88677
0.07182
0.16211
0.06545
0.22797
0.4883
0.38191
0.06145
0.25401
0.91472
0.96264
0.02673
0.03021
0.83534
0.85611
0.00553
0.0006
0.0281
0.03633
0.12819
0.18413
0.23723
0.37771
0.87144
0.83029
0.04143
0.0797
0.03117
0.04413
0.52891
0.63772
0.1058
0.11507
0.66455
0.7089
0.0218
0.00899
0.69725
0.39569
0.97198
0.98334
0.92582
0.86212
0.30624
0.56267
0.52072
0.46525
0.20812
0.30862
0.09797
0.06137
0.02889
0.07113
0.53382
0.58865
0.04292
0.15269
0.3373
0.29119
0.04069
0.02686
0.94693
0.93539
0.19584
0.25109
0.66982
0.66224
0.1134
0.02349
0.10072
0.03266
0.72851
0.32705
0.02951
0.05633
0.1727
0.13324
0.17114
0.48888
0.82359
0.57276
0.05458
0.07762
0.00176
0.00323
0.02604
0.02286
0.01522
0.00613
0.18798
0.45506
0.33245
0.33044
0.33209
0.17567
0.01743
0.01434
0.44912
0.21609
0.10649
0.06188
0.11707
0.22157
0.05905
0.04095
0.24746
0.61783
0.02212
0.01731
0.90623
0.73858
0.23572
0.31091
0.26293
0.35402
0.53797
0.81145
0.00191
0.00365
0.06809
0.01421
0.48463
0.26857
0.7491
0.73056
0.35307
0.21185
0.08193
0.04607
0.61982
0.61258
0.73418
0.38433