0.97858
0.90248
0.35897
0.38985
0.01655
0.04201
0.72051
0.29964
0.83761
0.71618
0.18442
0.36221
0.02465
0.0242
0.55535
0.31158
0.29691
0.25945
0.88349
0.44729
0.45222
0.61563
0.01144
0.01335
0.01075
0.00919
0.90493
0.62448
0.61904
0.22093
0.40813
0.56188
0.54683
0.54601
0.42363
0.55246
0.03372
0.05012
0.2313
0.15703
0.93012
0.96552
0.94431
0.96945
0.21605
0.32526
0.77465
0.94661
0.80959
0.39475
0.92681
0.90128
0.70762
0.71939
0.42187
0.49209
0.99531
0.97571
0.78177
0.37449
0.30281
0.30948
0.23044
0.04087
0.84922
0.43068
0.73848
0.5324
0.03453
0.03455
0.10759
0.04202
0.14747
0.05102
0.02916
0.03209
0.12147
0.16602
0.03112
0.17656
0.92112
0.98416
0.02871
0.01446
0.36115
0.28851
0.33267
0.26677
0.25162
0.73401
0.90668
0.92277
0.46288
0.4893
0.69703
0.68146
0.66071
0.72287
0.4107
0.76005
0.26598
0.39815
0.43324
0.41964
0.67115
0.61776
0.0953
0.16381
0.33017
0.38396
0.07904
0.39713
0.86049
0.9848
0.9329
0.92442
0.41841
0.53438
0.11656
0.13601
0.34203
0.27316
0.04598
0.06566
0.33496
0.34957
0.40637
0.30138
0.00839
0.01206
0.46875
0.53493
0.77095
0.96172
0.18951
0.33403
0.24634
0.65532
0.00974
0.01725
0.55681
0.18845
0.6004
0.93015
0.31175
0.74749
0.9895
0.95638
0.289
0.24526
0.45559
0.48312
0.11682
0.13907
0.02164
0.06224
0.10144
0.12984
0.19657
0.3527
0.53477
0.3684
0.05319
0.05602
0.38212
0.30844
0.13553
0.08898
0.52842
0.4754
0.73433
0.88194
0.79
0.84714
0.55181
0.51123
0.09971
0.32526
0.80267
0.75141
0.61296
0.62919
0.18346
0.0217
0.33152
0.35058
0.62501
0.93917
0.72833
0.83124
0.3207
0.70458
0.14764
0.18802
0.14568
0.07056
0.30996
0.37344
0.91729
0.65494
0.23778
0.26685
0.00249
0.00263
0.20248
0.18708
0.7815
0.62143
0.30313
0.20477
0.69129
0.57115
0.04937
0.1477
0.84001
0.77812
0.40547
0.27279
0.1367
0.12369
0.26944
0.24539
0.0405
0.06315
0.58955
0.39789
0.2673
0.17841
0.89448
0.98091
0.88391
0.49532
0.96647
0.81248
0.07538
0.38665
0.04851
0.10792
0.90567
0.86447
0.86467
0.81645
0.96535
0.98615
0.04686
0.03244
0.9395
0.63453
0.29349
0.27434
0.40855
0.08261
0.04546
0.08208
0.05033
0.04732
0.44259
0.88177
0.648
0.20866
0.84299
0.86302
0.01664
0.01716
0.96737
0.80468
0.23247
0.37047
0.52112
0.42975
0.49636
0.45219
0.0284
0.10826
0.13224
0.12335
0.07444
0.09011
0.50012
0.86025
0.59725
0.56156
0.07782
0.09938
0.24282
0.4038
0.34866
0.1414
0.25519
0.11395
0.64495
0.89621
0.98731
0.98686
0.22694
0.69995
0.00166
0.00266
0.15465
0.02342
0.17271
0.09883
0.09531
0.02008
0.99832
0.98456
0.26383
0.48574
0.2944
0.08416
0.05031
0.01438
0.12311
0.10994
0.42515
0.42479
0.347
0.4467
0.10063
0.16122
0.53099
0.5063
0.1402
0.13192
0.9173
0.80204
0.83777
0.9197
0.20507
0.21739
0.06944
0.04849
0.00115
0.00292
0.29481
0.51082
0.22436
0.20445
0.58455
0.60471
0.97534
0.9694
0.40454
0.5193
0.06693
0.36804
0.01633
0.02487
0.67804
0.72342
0.99491
0.98111
0.25778
0.65579
0.25431
0.67456
0.28656
0.2678
0.08224
0.05636
0.97054
0.81317
0.06114
0.14075
0.35671
0.30875
0.44867
0.39859
0.18518
0.074
0.01817
0.017
0.30793
0.77108
0.94058
0.90006
0.68191
0.6606
0.48546
0.18431
0.129
0.07811
0.06215
0.01225
0.21419
0.30936
0.17245
0.17675
0.04998
0.21966
0.32536
0.16939
0.10731
0.16364
0.08842
0.35808
0.36909
0.81825
0.13784
0.24968
0.01999
0.01847
0.99138
0.94782
0.33263
0.85801
0.12159
0.50098
0.89751
0.97111
0.17327
0.14616
0.49681
0.6234
0.56364
0.65158
0.09416
0.05081
0.02479
0.03312
0.63669
0.74037
0.31669
0.29676
0.28121
0.34106
0.10969
0.02898
0.44663
0.45307
0.88899
0.6258
0.32794
0.54532
0.79713
0.81344
0.48639
0.17682
0.08328
0.09213
0.18828
0.03785
0.25016
0.19758
0.88372
0.87688
0.18527
0.25359
0.02215
0.02026
0.74734
0.29424
0.39334
0.39718
0.17893
0.11579
0.121
0.11449
0.09964
0.06288
0.32253
0.28226
0.1335
0.14183
0.7234
0.69164
0.12267
0.2169
0.15951
0.27514
0.40253
0.54979
0.17651
0.04804
0.34191
0.75876
0.31328
0.54175
0.84278
0.88516
0.39532
0.37353
0.51899
0.34306
0.16805
0.27652
0.26811
0.3524
0.16134
0.14396
0.04538
0.3568
0.01954
0.01395
0.45639
0.91786
0.62494
0.48699
0.4026
0.58448
0.0466
0.02939
0.12532
0.06559
0.41074
0.39169
0.03246
0.01327
0.37162
0.82786
0.2621
0.30937
0.17728
0.02345
0.22815
0.1508
0.28571
0.54469
0.59911
0.81368
0.36586
0.21981
0.03632
0.03739
0.18406
0.26935
0.33605
0.2674
0.68882
0.25824
0.32282
0.43244
0.12995
0.14549
0.22488
0.15545
0.13151
0.13942
0.21264
0.13415
0.6283
0.75587
0.89078
0.98348
0.58069
0.64692
0.75786
0.7251
0.08511
0.40875
0.14099
0.10864
0.30131
0.8063
0.03037
0.02596
0.41717
0.79858
0.0438
0.18951
0.69251
0.94005
0.331
0.10059
0.0977
0.1029
0.06864
0.05084
0.20848
0.36116
0.40004
0.21583
0.93975
0.64522
0.51051
0.74671
0.10079
0.0782
0.4552
0.43462
0.32718
0.44469
0.33517
0.28217
0.09353
0.06021
0.87324
0.46535
0.69081
0.5335
0.97362
0.99235
0.69236
0.53834
0.73223
0.66889
0.37789
0.33354
0.62126
0.69034
0.15278
0.22416
0.4429
0.23341
0.99197
0.99296
0.30687
0.09724
0.64061
0.74969
0.51094
0.09507
0.46142
0.55106
0.03697
0.09514
0.09297
0.02761
0.45221
0.45391
0.55007
0.46164
0.33215
0.73914
0.24414
0.63774
0.59907
0.77314
0.34278
0.14788
0.2143
0.1849
0.07507
0.03523
0.02592
0.02855
0.12121
0.14238
0.67159
0.58604
0.67588
0.31922
0.03676
0.06675
0.27642
0.21553
0.06556
0.20802
0.01057
0.10659
0.00559
0.01501
0.01857
0.01914
0.65061
0.64017
0.72743
0.75264
0.94331
0.86209
0.76536
0.85742
0.00896
0.0441
0.32176
0.59148
0.07009
0.23783
0.92292
0.6946
0.1586
0.59817
0.83005
0.56139
0.21748
0.20283
0.08694
0.05859
0.03195
0.03815
0.46925
0.58794
0.93649
0.68495
0.76112
0.56766
0.01195
0.01828
0.06723
0.0458
0.98505
0.92334
0.09822
0.07919
0.0307
0.04833
0.09219
0.37377
0.62442
0.18371
0.03821
0.05561
0.77038
0.82441
0.76676
0.41696
0.87083
0.97347
0.16657
0.17054
0.36026
0.43612
0.43503
0.19922
0.32078
0.34539
0.04718
0.48566
0.16062
0.14746
2e-05
0.00063
0.26932
0.80932
0.32088
0.38652
0.29335
0.25265
0.22733
0.35658
0.15328
0.26961
0.56194
0.48562
0.09423
0.08682
0.03639
0.04048
0.07753
0.06117
0.73534
0.72625
0.08125
0.11107
0.45285
0.50677
0.99131
0.99017
0.51127
0.63648
0.4758
0.62875
0.1453
0.50164
0.10632
0.1934
0.02198
0.04871
0.29156
0.70438
0.00972
0.007
0.79666
0.79427
0.99542
0.97448
0.10764
0.61177
0.14839
0.24551
0.1228
0.12302
0.08782
0.05727
0.6842
0.71999
0.06103
0.05556
0.16759
0.15834
0.07975
0.07379
0.0348
0.06283
0.10036
0.16242
0.23318
0.09875
0.19214
0.19383
0.00943
0.06917
0.01376
0.01226
0.2148
0.18698
0.20271
0.12135
0.01906
0.10294
0.3634
0.41907
0.07993
0.05583
0.12113
0.47805
0.03603
0.0458
0.03195
0.10432
0.19861
0.22858
0.25403
0.16654
0.6473
0.61605
0.08975
0.12804
0.98014
0.91185
0.00278
0.00935
0.08163
0.56439
0.22252
0.03328
0.1527
0.12777
0.03994
0.07997
0.16689
0.28776
0.23227
0.41615
0.66676
0.78639
0.02174
0.01372
0.61246
0.51083
0.20872
0.3734
0.22063
0.05471