0.00095
0.00111
0.3086
0.54286
0.00436
0.00268
0.00049
0.00123
0.07148
0.09371
0.11619
0.09854
0.0391
0.02672
0.0007
0.00268
0.04859
0.05788
0.00687
0.01655
0.97902
0.99268
0.24986
0.17561
0.68166
0.52369
0.03607
0.28134
0.23138
0.4807
0.15032
0.44084
0.95671
0.9489
0.06682
0.15352
0.15522
0.16097
0.29812
0.13934
0.03771
0.08547
0.3218
0.72747
0.66302
0.50546
0.15891
0.5174
0.14364
0.46036
0.77814
0.61267
0.06498
0.01108
0.96358
0.95593
0.11416
0.04565
0.01159
0.00437
0.10961
0.11782
0.03153
0.00704
0.84351
0.70474
0.01467
0.03161
0.69004
0.65176
0.58201
0.45952
0.03249
0.04251
0.58771
0.59813
0.00955
0.00479
0.62177
0.21221
0.03445
0.06551
0.0082
0.0124
0.02225
0.18541
0.03194
0.07212
0.00094
0.00036
0.02391
0.12746
0.4291
0.42278
0.00298
0.00138
0.00092
0.00089
0.00126
0.00203
0.00067
0.00119
0.29326
0.02796
0.32768
0.3089
0.02817
0.01931
0.00148
0.00029
0.04808
0.08004
0.00155
0.00075
0.26453
0.10165
0.03069
0.04037
0.00362
0.03621
0.02377
0.01485
0.00228
0.00142
0.89824
0.92465
0.95151
0.9513
0.80404
0.78729
0.51094
0.32965
0.20616
0.15956
0.25143
0.2868
0.06027
0.07525
0.35937
0.50083
0.08313
0.1042
0.46947
0.60715
0.83652
0.88444
0.02822
0.00585
8e-05
0.00021
0.53604
0.52909
0.02944
0.04625
0.62178
0.53718
0.0096
0.0194
0.04853
0.02617
0.09531
0.02741
0.07925
0.25378
0.73296
0.59515
0.11436
0.09434
0.79278
0.86038
0.30806
0.44833
0.18751
0.05121
0.05309
0.02267
0.10163
0.05927
0.17376
0.06166
0.01895
0.17831
0.06565
0.0933
0.0014
0.0009
0.16259
0.15929
0.27788
0.55174
0.88815
0.79836
0.64238
0.60881
0.13128
0.20069
0.54742
0.80197
0.94558
0.96118
0.71304
0.90552
0.91966
0.92016
0.38487
0.1521
0.00032
0.00016
0.93321
0.69553
0.16718
0.13417
0.28653
0.32899
0.03332
0.007
0.08145
0.10652
0.19182
0.23607
0.79427
0.71505
0.08392
0.37067
0.20012
0.2458
0.0251
0.00531
0.73218
0.30011
0.16029
0.20496
0.01128
0.07132
0.00175
0.00103
0.00052
0.00126
0.44818
0.67264
0.91251
0.93571
0.01693
0.01392
0.13651
0.12367
0.00082
0.00524
0.00092
0.00048
0.01532
0.02773
0.00312
0.00624
0.97193
0.98577
0.07728
0.4704
0.00048
0.00258
0.02412
0.11593
0.79037
0.75862
0.00097
0.00019
0.07272
0.06225
0.05975
0.02227
0.03072
0.03798
0.02219
0.03285
0.0148
0.00573
0.61822
0.51732
0.00119
0.00016
0.56411
0.59144
0.00434
0.00347
0.00503
0.007
0.00073
0.00176
0.00416
0.00236
0.30085
0.72664
0.87651
0.88459
0.60863
0.20348
0.75338
0.41369
0.5317
0.34103
0.15971
0.25969
0.01772
0.04378
0.06048
0.07882
0.00155
0.00537
0.15991
0.61595
0.01439
0.07149
0.01883
0.00632
0.32598
0.12317
0.01444
0.0326
0.15081
0.5713
0.42984
0.20159
0.30148
0.64982
0.04318
0.04131
0.44123
0.3234
0.30019
0.32281
0.01112
0.02422
0.00752
0.0161
0.00827
0.01234
0.53999
0.81242
0.09252
0.02549
0.00244
0.00155
0.02954
0.01982
0.72483
0.36099
0.00888
0.05686
0.01127
0.00259
0.15042
0.51262
0.5678
0.30293
0.32093
0.3778
0.02327
0.01609
0.00101
0.00207
0.08882
0.07156
0.31649
0.67339
0.01705
0.14002
0.01367
0.02214
0.60314
0.2261
0.0456
0.07785
0.3744
0.29324
0.0393
0.04384
0.32058
0.45756
0.03249
0.01997
0.02529
0.03802
0.84864
0.92129
0.00183
0.00029
0.03532
0.01192
0.12302
0.55366
0.01194
0.04985
0.00407
0.00032
0.21227
0.31688
0.03962
0.05754
0.24264
0.74556
0.24362
0.13356
0.63877
0.8873
0.026
0.00126
0.16859
0.19215
0.14984
0.19904
0.03157
0.03508
0.85921
0.71392
0.00487
0.0034
0.34672
0.5372
0.11107
0.05937
0.66894
0.52628
0.00648
0.00361
0.09822
0.06248
0.03752
0.21222
0.23039
0.69234
0.0317
0.02793
0.00203
0.00069
0.51268
0.24607
0.02901
0.07328
0.35417
0.44768
0.08438
0.10433
0.00124
0.00293
0.22429
0.13753
0.00287
0.01852
0.05274
0.02955
0.55815
0.91948
0.00234
0.00265
0.11566
0.03885
0.03471
0.09745
0.01244
0.02292
0.09639
0.3668
0.00239
0.001
0.00728
0.00453
1e-05
0.0001
0.0121
0.02712
0.0012
0.00149
0.94498
0.98099
0.96875
0.91853
0.7806
0.72036
0.01035
0.0228
0.24743
0.61878
0.02321
0.01382
0.06245
0.17269
0.01213
0.05989
0.05932
0.1104
0.01983
0.47334
0.70886
0.84022
0.793
0.81247
0.26618
0.12106
0.17875
0.33106
0.00187
0.00906
0.05438
0.23659
0.45127
0.32058
0.90769
0.90792
0.73307
0.83182
0.02232
0.06541
0.31836
0.44719
0.08061
0.14032
0.3996
0.19087
0.00348
0.00082
0.04323
0.16573
0.04362
0.39934
0.00266
0.00043
0.59731
0.65458
0.28477
0.53916
0.93917
0.81579
0.00037
0.00048
0.9444
0.77395
0.03967
0.02697
0.01495
0.0074
0.02737
0.03753
0.00892
0.0833
0.01359
0.00557
0.02662
0.0193
0.59346
0.68028
0.05263
0.02264
0.00571
0.0115
0.02008
0.01179
0.01802
0.04609
0.02446
0.02534
0.02403
0.10214
0.00733
0.00096
0.06856
0.10006
0.00112
0.00193
0.00196
0.004
0.0133
0.00211
0.00961
0.01806
0.25741
0.09589
0.37308
0.51973
0.02975
0.1943
0.16939
0.03648
0.6948
0.89047
0.15053
0.36009
0.79681
0.85367
0.05956
0.09814
0.94005
0.95824
0.0409
0.03663
0.57842
0.36137
0.91638
0.88765
0.04973
0.01694
0.08316
0.11616
0.13122
0.25047
0.2025
0.18738
0.08137
0.07965
0.00998
0.02793
0.09655
0.2864
0.8751
0.89584
0.98681
0.96713
0.11638
0.0432
0.00051
0.00054
0.22447
0.3065
0.00168
0.00105
0.12754
0.06935
0.66238
0.65037
0.17915
0.18516
0.04429
0.012
0.13368
0.23794
0.02282
0.02465
0.36688
0.58456
0.01897
0.16898
0.23553
0.17249
0.00648
0.04781
0.21329
0.02585
0.11371
0.22637
0.06713
0.30224
0.31914
0.45604
0.0087
0.03362
0.00463
0.00464
0.47574
0.61282
0.99295
0.99196
0.0119
0.00534
0.0111
0.01643
0.28881
0.73387
0.18676
0.22993
0.00372
0.0056
0.05172
0.04802
0.28098
0.05995
0.02297
0.02875
0.00736
0.05328
0.03501
0.0717
0.00131
0.00172
0.00052
0.00089
0.00406
0.00655
0.17992
0.02225
0.03768
0.01466
0.41262
0.31644
0.0044
0.00498
0.25685
0.00096
0.34647
0.22842
0.02111
0.00884
0.01274
0.0165
0.44706
0.72007
0.00153
0.01329
0.97301
0.93349
0.18282
0.13009
0.95786
0.93496
0.0086
0.00137
0.00088
0.00343
0.03926
0.00799
0.00069
0.00033
0.89735
0.78292
0.28449
0.47981
0.00212
0.00138
0.00022
0.00023
0.59687
0.6878
0.03271
0.1654
0.39552
0.35978
0.54681
0.66163
0.71327
0.94686
0.0098
0.06483
0.00154
0.00476
0.10496
0.10633
0.01466
0.04957
0.01649
0.00564
0.01391
0.04527
0.73192
0.8391
0.0055
0.00409
0.1798
0.06925
0.10687
0.0887
0.07189
0.23549
0.06001
0.07791
0.02562
0.03076
9e-05
0.00022
0.02091
0.01055
0.14968
0.15914
0.0051
0.00677
0.0251
0.03607
0.0013
0.0026
0.08709
0.01613
0.08936
0.09584
0.00825
0.01018
0.10166
0.11136
0.00061
0.00482
0.1417
0.12266
0.77105
0.90666
0.20326
0.09626
0.43451
0.31809
0.08254
0.05629
0.45109
0.27788
0.00594
0.005
0.56099
0.15932
0.03726
0.04402
0.22672
0.47143
0.03117
0.10458
0.07425
0.09074
0.00612
0.00926
0.01194
0.04114
0.02767
0.03584
0.03229
0.00265
0.9596
0.92668
0.23699
0.42859
0.20804
0.08459
0.0644
0.09723
0.22507
0.08159
0.34238
0.14521
0.01121
0.00191
0.01395
0.00436
0.01067
0.01468
0.01625
0.04153
0.21926
0.09909
9e-05
0.00017
0.03202
0.02959
0.0021
0.00233
0.46392
0.29361
0.06942
0.0258
0.34586
0.46355
0.6876
0.85323
0.3075
0.27794
0.07664
0.19101
0.54351
0.78696
0.15794
0.03579
0.00125
0.00021
0.16899
0.03527
0.01116
0.00527
0.01836
0.01656
0.01386
0.02398
0.00414
0.00037
0.00614
0.00213
0.86082
0.86738
0.42672
0.40851
0.0006
0.00099
0.67866
0.32768
0.70149
0.50097
0.61991
0.73043
0.06057
0.04684
0.68301
0.66323
0.77799
0.47656
0.001
0.00096
0.00572
0.01611
0.07409
0.02112
0.17993
0.12936
0.39225
0.15405
0.06709
0.03408
0.11841
0.06844
0.01608
0.02596
0.01015
0.01639
0.77601
0.82145
0.3265
0.04951
0.05076
0.08518
0.32868
0.03321
0.00251
0.00175
0.10192
0.13862
0.00212
0.01292
0.93496
0.89628
0.3535
0.66252
0.04434
0.0289
0.38494
0.40123
0.36608
0.61148
0.33223
0.13435
0.79613
0.71357
0.03047
0.03853
0.15532
0.13383
0.55128
0.75831
0.07922
0.04115
0.00095
0.00039
0.71274
0.42708
0.00181
0.00172
0.00103
0.00132
0.0803
0.01624
0.00478
0.00568
0.00553
0.01101
0.003
0.00961
0.82134
0.817
0.01249
0.01527
0.59666
0.8398
0.71157
0.82329
0.00145
0.00018
0.99923
0.99848
0.25583
0.1658
0.21926
0.17639
0.00831
0.03067
0.94372
0.87038
0.01585
0.00564
0.66211
0.07641
0.20229
0.12234
0.01386
0.03263
0.07255
0.05082
0.33184
0.32585
0.35912
0.47503
0.01506
0.00114
0.02698
0.06812
0.27249
0.36403
0.20972
0.51665
0.01393
0.0038
0.88399
0.90331
0.02694
0.05161
0.01704
0.02072
0.11371
0.09738
0.35932
0.5204
0.01507
0.00537
0.56219
0.49377
0.8888
0.8724
0.00041
0.00618
0.0187
0.076
0.89254
0.81901
0.00932
0.02061
0.42721
0.18483
0.49421
0.75902
0.07817
0.01715
0.65334
0.89609
0.12018
0.15609
0.00027
0.00045
0.36176
0.48958
0.37323
0.16384
0.02388
0.09205
0.0418
0.02609
0.14377
0.026
0.02948
0.07015
0.66434
0.76875
0.0398
0.0185
0.23935
0.17642
0.57658
0.8526
0.52601
0.43569
0.92372
0.92189
0.34506
0.31599
0.09683
0.285
0.89927
0.94914
0.53524
0.71119
0.01381
0.05055
0.00229
0.00326
0.2964
0.12607
0.49245
0.01746
0.43761
0.28644
0.43245
0.67451
0.09259
0.14847
0.41551
0.31915
0.20203
0.09741
0.00499
0.00635
0.83843
0.69636
0.17269
0.71857
0.00217
0.00169
0.89023
0.79367
0.0153
0.00585
0.86193
0.59459
0.00053
0.0005
0.08057
0.07645
0.06788
0.19574
0.90079
0.89532
0.34629
0.22405
0.08301
0.1194
0.00358
0.00151
0.00024
9e-05
0.08571
0.05883
0.04329
0.01857
0.87156
0.95079
0.75446
0.58362
0.48748
0.52764
0.61905
0.71126
0.16913
0.39803
0.73812
0.86515
0.06384
0.1523
0.21523
0.62429
0.00409
0.0007
0.1885
0.38852
0.00232
0.01868
0.46968
0.49514
0.08397
0.02532
0.00737
0.00457
0.00398
0.0005
0.58587
0.7792
0.01478
0.01258
0.00447
0.00353
0.01983
0.11982
0.13329
0.27465
2e-05
0.00026
0.04535
0.02435
0.08096
0.12276
0.96654
0.9106
0.14214
0.05309
0.65315
0.30933
0.05719
0.03316
0.91019
0.89673
0.45668
0.09569
0.37236
0.15947
0.53155
0.61353
0.00195
0.00883
0.52211
0.44878
0.0277
0.02711
0.02426
0.20971
0.78913
0.70986
0.00074
0.0096
0.00399
0.01114
0.17863
0.25112
0.04034
0.11329
0.0932
0.19056
0.48008
0.384
0.00014
5e-05
0.17434
0.40818
0.15775
0.44875
0.05563
0.28052
0.78845
0.51496
0.14635
0.05348
0.02044
0.05985
0.07839
0.32237
0.05116
0.22796
0.92529
0.86255
0.0762
0.02632
0.0292
0.00893
2e-05
1e-05
0.16709
0.05344
0.01441
0.03041
0.02731
0.05338
0.02199
0.02085
0.01348
0.04583
0.8997
0.94971
0.41454
0.09542
0.6658
0.85171
0.00224
0.00266
0.95958
0.92433
0.00675
0.00283
0.00226
0.00063
0.00953
0.00924
0.11173
0.06313
0.29449
0.13951
0.97279
0.97345
0.71959
0.41468
0.06472
0.05107
0.15516
0.07076
0.17589
0.15509
0.52395
0.30426
0.16723
0.04274
0.19628
0.43606
0.01291
0.02228
0.00356
0.0052
0.07046
0.01983
0.42396
0.78314
0.263
0.13349
0.03389
0.02695
0.00329
0.01209
0.04341
0.09633
0.12953
0.09761
0.31872
0.18542
0.04051
0.2312
0.51882
0.3845
0.07917
0.24414
0.0024
0.00123
7e-05
3e-05
0.01586
0.0048
0.56704
0.30874
0.01307
0.01128
0.00613
0.00568
0.08096
0.02524
0.02192
0.01405
0.00231
0.00098
0.03237
0.03232
0.06114
0.00543
0.2866
0.10951
0.50965
0.64732
0.64759
0.88709
0.03688
0.03414
0.02216
0.0148
0.19966
0.49306
0.49923
0.38574
0.03824
0.05487
0.00834
0.00156
0.00942
0.00738
0.20873
0.38148
0.39276
0.78969
0.06487
0.02332
0.13992
0.33141
0.14053
0.08783
0.46141
0.84056
0.12368
0.40087
0.41875
0.59604
0.01571
0.00306
0.03182
0.0232
0.45032
0.49146
0.00184
0.01191
0.2544
0.40834
0.00365
0.00051
0.01835
0.00427
0.07083
0.01956
0.59121
0.24873
0.01584
0.02154
0.02307
0.01011
0.03779
0.15203
0.98951
0.7208
0.11459
0.12095
0.07973
0.10406
0.09744
0.21056
0.02742
0.17697
0.39277
0.42043
0.43868
0.48273
0.02361
0.00655
0.78533
0.67145
0.2413
0.1223
0.00697
0.00584
0.05104
0.03645
0.33824
0.06609
0.35171
0.2036
0.0064
0.07408
0.06525
0.00827
0.22688
0.803
0.84818
0.66399
0.63862
0.57611
0.00073
0.00023
0.19603
0.20007
0.02987
0.01924
0.04857
0.12261
0.08488
0.05694
0.85147
0.89882
0.0009
0.00039
0.10712
0.14167
0.00073
0.00074
0.71211
0.91433
0.77518
0.73432
0.45299
0.36468
0.90213
0.87284
0.23368
0.01665
0.02455
0.01189
0.01197
0.00506
0.89572
0.85828
0.10924
0.36738
0.90363
0.86332
0.23764
0.12564
0.99745
0.98815
0.00827
0.00752
0.10325
0.03733
0.07509
0.20659
0.02804
0.03325
0.00143
0.00222
0.52324
0.69987
0.11394
0.20884
0.57902
0.20665
0.06186
0.33961
0.01966
0.05985
0.71589
0.70611
0.13157
0.4898
0.18509
0.04995
1e-05
4e-05
0.10509
0.20602
0.10762
0.12264
0.05111
0.00581
0.21092
0.48881
0.02151
0.00596
0.13204
0.49599
0.0043
0.0011
0.72892
0.29393
0.046
0.04629
0.19255
0.06688
0.84801
0.8395
0.0194
0.0035
0.81129
0.83338
0.27292
0.30161
0.40526
0.8349
0.02517
0.15172
0.04251
0.0045
0.05927
0.09142
0.00792
0.01612
0.96103
0.91575
0.31828
0.14676
0.82386
0.94366
0.48095
0.09318
0.0346
0.01795
0.04124
0.03149
0.06033
0.11994
0.01698
0.02791
0.06194
0.00681
0.78841
0.41483
0.43945
0.2042
0.6052
0.70063
0.30722
0.0639
0.01154
0.00469
0.00803
0.01657
0.0914
0.27653
0.72692
0.22086
0.29665
0.25261
0.62566
0.50142
0.20209
0.16122
0.30114
0.32233
0.6033
0.58549
0.42584
0.71885
0.00185
0.00169
0.29867
0.55283
0.76404
0.80967
0.46256
0.71786
0.00716
0.00996
0.81491
0.94653
0.04762
0.09022
0.00121
0.0044
0.00799
0.00477
0.00858
0.04526
0.029
0.07518
0.00475
0.0004
0.01966
0.01152
0.87664
0.93267
0.0055
0.01578
0.79699
0.77989
0.07207
0.02103
0.00485
0.00928
0.00164
0.0013
0.02799
0.00338
0.00233
0.00332
0.024
0.16025
0.05157
0.02021
0.02457
0.02843
0.88597
0.95447
0.02461
0.00762
0.03912
0.04736
0.00014
2e-05
0.40178
0.54788
0.00563
0.00686
0.06046
0.03316
0.00826
0.03389
0.08593
0.08557
0.00012
0.00154
0.09314
0.04495
0.00563
0.03406
0.73517
0.73308
0.93807
0.96842
0.00457
0.01034
0.58798
0.5635
0.01824
0.01646
0.00592
0.01238
0.78737
0.65781
0.19662
0.11573
0.25969
0.14759
0.15415
0.13671
0.23864
0.30725
0.00506
0.00628
0.04437
0.01181
0.00174
0.00126
0.1376
0.27605
0.20773
0.25825
0.01882
0.00969
0.00062
0.0011
0.02826
0.00777
0.1667
0.19441
0.00922
0.006
0.00585
0.00444
0.10422
0.08995
0.11089
0.39517
0.15251
0.26584
0.09777
0.06233
0.52472
0.21356
0.02895
0.03045
0.65735
0.33165
0.00028
0.00118
0.7266
0.90722
0.08203
0.13868
0.02315
0.02147
0.49283
0.28709
0.00712
0.00518
0.00948
0.00972
0.05956
0.0249
0.00065
0.00315
0.09208
0.11915
0.68839
0.53499
0.13146
0.14897
0.00387
0.01961
0.81482
0.71191
0.93363
0.8942
0.6085
0.33845
0.01527
0.01955
0.01601
0.00261
0.00061
0.00651
0.19007
0.30408
0.27149
0.03886
0.03296
0.02915
0.00857
0.01329
0.03932
0.12389
0.05753
0.03926
0.89069
0.8516
0.09533
0.10262
0.06646
0.05637
0.25566
0.00988
0.00134
0.00029
0.97771
0.92038
0.86399
0.9392
0.14388
0.34
5e-05
9e-05
0.01212
0.00738
0.09748
0.06154
0.02716
0.06426
0.91533
0.92713
0.0499
0.08375
0.29254
0.65248
0.00261
0.0005
0.05661
0.05132
0.00248
0.01283
0.01529
0.10494
0.07366
0.08601
0.01636
0.01126
0.05869
0.01131
0.88483
0.91827
0.08193
0.06822
0.40688
0.42371
0.16476
0.42755
0.00123
0.00058
0.00224
0.00337
0.17812
0.43765
0.03042
0.06082
0.07717
0.02374
0.94092
0.88486
0.05559
0.19094
0.50243
0.44566
0.01883
0.00517
0.6074
0.2501
0.4969
0.37059
0.4677
0.81966
0.12856
0.10175
0.14028
0.53842
0.53713
0.42261
0.00423
0.00697
0.3022
0.70232
0.03917
0.03146
0.08906
0.08274
0.89735
0.87753
0.13928
0.30951
0.00021
0.002
0.00622
0.00259
0.4376
0.16857
0.08844
0.10517
0.00029
7e-05
0.01617
0.00844
0.00217
0.00208
0.00447
0.00266
0.03674
0.0704
0.39304
0.8458
0.00611
0.00222
0.38328
0.35495
0.1508
0.01429
0.98911
0.99027
0.05969
0.06639
0.66981
0.71484
0.01372
0.03942
0.02245
0.20291
0.61187
0.39739
0.34694
0.71264
0.01524
0.09874
3e-05
0.00026
0.91789
0.78255
0.00586
0.00712
0.19644
0.23411
0.00156
0.00469
0.114
0.22448
0.00414
0.01499
0.01097
0.00577
0.00277
0.0097
0.01369
0.01348
0.19336
0.24973
0.40907
0.37154
0.15784
0.09377
0.09252
0.45542
0.27218
0.1215
0.11638
0.01404
0.00538
0.0021
0.33472
0.14715
0.86855
0.53514
0.88241
0.82348
0.0247
0.01307
0.00777
0.01453
0.09254
0.00162
0.22983
0.32437
0.10562
0.12893
0.00163
0.00048
0.70404
0.52816
0.00655
0.00348
0.00889
0.04205
0.06941
0.20465
0.91895
0.89167
0.01075
0.00485
0.10889
0.11172
0.69458
0.47481
0.00596
0.01809
5e-05
3e-05
0.0677
0.01887
0.00098
0.00131
0.00286
0.0004
0.00927
0.01055
0.75292
0.92132
0.96626
0.96149
0.49076
0.13493
0.01891
0.0245
0.1037
0.1573
0.60966
0.16166
0.00175
0.00323
0.78718
0.70921
0.42748
0.67143
0.17264
0.05633
0.12834
0.17457
0.22524
0.26
0.88607
0.97779
0.61809
0.50826
0.23817
0.13987
0.02019
0.05037
0.15834
0.09677
0.00959
0.00723
0.02298
0.00887
0.26596
0.03908
0.01226
0.0641
0.79346
0.84968
0.86341
0.73029
0.40255
0.1684
0.72599
0.73655
0.01015
0.02502
4e-05
4e-05
0.74462
0.90972
0.16355
0.25799
0.03975
0.10577
0.08747
0.06339
0.00091
0.00076
0.93132
0.92801
0.48581
0.28031
0.02152
0.02221
0.19382
0.18584
0.00447
0.00092
0.1378
0.43628
0.06929
0.05819
0.89772
0.77866
0.15158
0.09277
0.85904
0.83192
0.25849
0.441
0.03283
0.00212
0.79628
0.53994
0.96424
0.98312
0.99516
0.81904
0.05911
0.05721
0.43156
0.34291
0.37712
0.13853
0.00254
0.00373
0.00436
0.00022
0.87809
0.84487
0.17921
0.20771
0.20377
0.10439
0.60156
0.11227
0.32589
0.29097
0.90413
0.75929
0.10374
0.1196
0.382
0.41361
0.01925
0.04159
9e-05
0.00016
0.09256
0.10943
0.02529
0.00577
0.04491
0.00819
0.02626
0.03889
0.04074
0.02792
0.04436
0.02186
0.2177
0.21738
0.40305
0.38299
0.13255
0.14259
0.0289
0.0794
0.76421
0.55545
0.68893
0.46144
0.54885
0.52382
0.41289
0.71647
0.47312
0.55907
0.00234
0.00049
0.00689
0.00331
0.03548
0.0947
0.04056
0.10479
0.00666
0.00956
5e-05
0.00034
0.28685
0.07911
0.00222
0.0063
0.15311
0.17321
0.97298
0.95867
0.99513
0.9861
0.11767
0.10047
0.62463
0.80897
0.00069
0.00084
0.04445
0.08734
0.05093
0.02796
0.03963
0.09377
0.07306
0.13
0.1079
0.15837
0.39361
0.11299
0.10577
0.01624
0.04847
0.05601
0.0092
0.11564
0.00197
0.00738
0.20219
0.32288
0.16736
0.53849
0.7662
0.43856
0.64482
0.47185
0.01118
0.00812
0.19177
0.15768
0.85477
0.88014
0.02733
0.07596
0.64017
0.6938
0.83335
0.8052
0.01371
0.0575
0.89083
0.96781
0.16481
0.42495
0.17942
0.58458
0.01844
0.00298
0.44048
0.82329
0.01664
0.02475
0.25173
0.29394
0.00179
0.00287
0.11824
0.06921
0.11004
0.02739
0.03844
0.00744
0.00197
0.00132
0.02926
0.16811
0.80944
0.5113
0.69354
0.50693
0.04475
0.02227
0.83955
0.90089
0.00472
0.03448
0.73161
0.88521
0.00608
0.00301
0.023
0.00393
0.21237
0.08455
0.02067
0.13817
0.08164
0.06949
0.13127
0.15052
0.19598
0.58087
0.04465
0.04642
0.00579
0.00556
0.31662
0.5029
0.00765
0.00429
0.0166
0.02629
0.83951
0.52549
0.0014
0.00078
0.00271
0.02575
0.00187
0.00407
0.19267
0.24449
0.00462
0.00115
0.11326
0.09869
0.04746
0.00666
0.00288
0.00223
0.05789
0.01255
0.42683
0.69994
0.37707
0.48963
0.12812
0.1351
0.35873
0.33346
0.05294
0.03428
0.1368
0.07469
0.0296
0.03312
0.98542
0.98374
0.77349
0.37058
0.60011
0.65821
0.09534
0.13476
0.55821
0.28442
0.05866
0.02659
0.93672
0.76536
0.23869
0.20548
0.06879
0.06004
0.06967
0.14671
0.04464
0.47039
0.76619
0.90752
0.00065
0.00854
0.03359
0.0317
0.00823
0.03971
0.16018
0.11122
0.65439
0.18665
0.01822
0.07016
0.9098
0.95889
0.01598
0.01324
0.00722
0.01653
0.01078
0.00904
0.12428
0.14037
0.13696
0.15882
0.04396
0.08866
0.25737
0.2823
0.14186
0.70585
0.65821
0.55275
0.70426
0.58795
0.12738
0.22716
0.00315
0.00202
0.08601
0.01626
0.89665
0.88826
0.00491
0.01689
0.02158
0.07421
0.19138
0.11941
0.04107
0.02673
0.11864
0.19269
0.95968
0.94016
0.74872
0.77409
0.00557
0.00577
0.04161
0.01894
0.06613
0.03654
0.00258
0.00204
0.00725
0.05226
0.06277
0.15786
0.69294
0.45655
0.25519
0.07206
0.00337
0.01145
0.62746
0.71642
0.02448
0.03283
0.59337
0.92793
0.83889
0.90614
0.19274
0.18758
0.03782
0.01007
0.00176
0.0005
0.86504
0.78108
0.05243
0.09576
0.00288
0.0097
0.3562
0.65484
0.88969
0.84366
0.73371
0.5293
0.03752
0.03701
0.04612
0.02478
0.57724
0.7093
0.43447
0.54431
0.11607
0.0366
0.90469
0.94714
0.24012
0.12141
0.00181
0.00104
0.07696
0.25835
0.30514
0.42257
0.70925
0.73235
0.26645
0.49601
0.00259
0.00588
0.99868
0.99594
0.00181
0.00386
0.38367
0.71309
0.26726
0.57993
0.87607
0.453
0.96243
0.97079
0.05108
0.05606
0.00102
0.00153
0.13397
0.22168
0.00221
0.00152
0.1079
0.23064
6e-05
0.00012
0.07243
0.04117
0.58401
0.8977
0.99169
0.71498
0.08369
0.05069
0.03071
0.01849
0.04782
0.01242
0.02518
0.16493
0.64064
0.59867
0.54961
0.60826
0.46356
0.80057
0.534
0.91169
8e-05
0.00032
0.08955
0.11136
0.08388
0.51845
0.06633
0.01582
0.00822
0.00144
0.06559
0.17529
0.01534
0.08939
0.13148
0.24523
0.04417
0.01057
0.9722
0.95674
0.73448
0.71035
0.03049
0.00775
0.00481
0.05349
0.04373
0.03121
0.01613
0.03142
0.15246
0.03071
0.00517
0.0044
0.00255
0.01491
0.62631
0.64127
0.0019
0.00326
0.28809
0.33984
0.45978
0.22007
0.4664
0.21859
0.2314
0.15981
0.05485
0.10064
0.01896
0.03605
0.00058
0.00012
0.39254
0.59803
0.00118
0.00892
0.16174
0.44642
0.67503
0.63974
0.30168
0.48941
0.25456
0.43281
0.91349
0.80037
0.29612
0.19719
0.30975
0.26022
0.00067
0.00619
0.26859
0.33412
0.1206
0.26537
0.0116
0.03286
0.31442
0.39853
0.34055
0.13013
0.97617
0.9638
0.7737
0.68614
0.00057
0.0022
0.55761
0.13551
0.00128
0.00852
0.4264
0.3662
0.00271
0.00836
0.09959
0.16428
0.91447
0.57218
0.03552
0.00844
0.00333
0.02404
0.08922
0.05142
0.3687
0.37966
0.04964
0.02494
0.93834
0.96305
0.17863
0.21371
0.7311
0.73129
0.04561
0.00794
0.52157
0.55749
0.00135
0.00253
0.79406
0.66686
0.02087
0.0057
0.83263
0.90362
0.00132
0.00215
0.00921
0.0212
0.08023
0.21582
0.01924
0.03157
0.64832
0.64883
0.01588
0.06436
0.07776
0.09341
0.25698
0.01618
0.00139
0.00575
0.03952
0.09903
0.94747
0.93806
0.05491
0.02162
0.00071
0.00019
0.12307
0.02654
0.14876
0.46494
0.44465
0.7701
0.96236
0.64929
0.41414
0.3629
0.14192
0.01599
0.06368
0.07985
0.21769
0.08814
0.53324
0.27207
0.02864
0.00633
0.04391
0.05518
0.04748
0.01892
0.18081
0.09011
0.47409
0.10429
0.5414
0.67909
0.80306
0.53381
0.2647
0.13042
0.21849
0.17725
0.01774
0.1085
0.20514
0.30228
0.18096
0.02032
0.0863
0.09835
0.44742
0.34658
0.24291
0.03361
0.0017
0.00147
0.99451
0.81875
0.0061
0.00475
0.25543
0.18052
0.00239
0.00067
0.54488
0.68805
0.0123
0.0436
0.75947
0.61754
0.83416
0.93149
0.36117
0.15717
5e-05
5e-05
0.42916
0.34766
0.55788
0.36299
0.12529
0.04722
0.01821
0.00522
0.74388
0.64469
0.00013
0.00112
0.00769
0.00679
0.18789
0.44444
0.0268
0.01392
0.01335
0.134
0.03265
0.31423
0.89287
0.89466
0.00363
0.00242
0.2794
0.15649
0.52223
0.35615
0.00057
0.00105
0.0149
0.04568
0.16786
0.01815
0.01237
0.00574
0.00514
0.0022
0.97195
0.88796
0.0636
0.01849
0.0
0.0
0.00111
0.00089
0.00098
0.00026
0.03632
0.01935
0.03082
0.00444
0.99893
0.99287
0.96223
0.92143
0.00164
0.01066
0.07705
0.12462
0.00141
0.00132
0.32673
0.08889
0.29603
0.08077
0.03672
0.00582
0.36147
0.41494
0.00814
0.00905
0.19337
0.18156
0.14241
0.143
0.02809
0.16628
0.00384
0.00162
0.01522
0.00089
0.00113
0.00035
0.001
0.00158
0.00387
0.00259
0.56783
0.35763
0.00107
0.00742
0.2076
0.21721
0.17701
0.44982
0.16125
0.41934
0.00261
0.01478
0.08929
0.09326
0.10821
0.06643
0.14358
0.26055
0.86235
0.88622
0.52548
0.2996
0.00016
0.00032
0.12722
0.14795
0.19292
0.30887
0.00747
0.00882
0.1117
0.09
0.03806
0.12864
0.00114
0.00107
0.16627
0.12176
0.03053
0.01655
0.00143
0.00424
0.87147
0.91896
0.99812
0.99648
0.01461
0.00849
0.01912
0.02137
0.32704
0.25642
0.1831
0.03049
0.12455
0.27269
0.0493
0.09695
0.00724
0.03206
0.12086
0.08059
0.01169
0.00961
0.29381
0.56519
0.18079
0.16186
0.74737
0.92022
0.08141
0.11882
0.65602
0.74121
0.00034
0.00417
0.07488
0.21725
0.16277
0.22807
0.79603
0.4722
0.27838
0.45641
0.4842
0.78932
0.38915
0.71207
0.08044
0.14891
0.09137
0.04339
0.03303
0.00681
0.01453
0.02751
0.07144
0.07026
0.61585
0.45303
0.00331
0.01505
0.03448
0.0758
0.00349
0.00678
0.03033
0.06264
0.23007
0.72292
0.00227
0.00182
0.13346
0.04239
0.00011
0.00127
0.01204
0.03325
0.03955
0.01007
0.02212
0.04097
0.10192
0.0271
0.10446
0.14245
0.07873
0.02749
0.00454
0.00709
0.1322
0.08916
0.08438
0.04964
0.86467
0.29823
8e-05
0.00012
0.61138
0.33156
0.02423
0.04676
0.35507
0.37939
0.00272
0.0047
0.11984
0.18478
0.00778
0.01452
0.19752
0.09713
0.22746
0.11042
0.76077
0.82902
0.09337
0.12285
0.20143
0.28785
0.16865
0.01085
0.90145
0.91862
0.41737
0.11799
0.03369
0.21358
0.01511
0.02106
0.053
0.09652
0.01281
0.02248
0.00342
0.00351
0.00083
0.00104
0.9724
0.88235
0.00494
0.02686
0.36958
0.3463
0.01968
0.02545
0.00017
0.00016
0.00042
0.00034
0.00738
0.0057
0.1562
0.08694
0.9366
0.23568
0.00612
0.00152
0.04558
0.04595
0.81989
0.78989
0.04026
0.09652
0.30134
0.2629
0.08615
0.04619
0.23129
0.32282
0.07283
0.00413
0.00194
0.02426
0.72263
0.43846
0.10072
0.03895
0.03429
0.00739
0.05941
0.05439
0.16382
0.13888
0.17047
0.14844
0.09174
0.53941
0.03946
0.0741
0.99877
0.97944
0.6449
0.18379
0.03258
0.07403
0.13754
0.0646
0.29213
0.37911
0.02924
0.02569
0.21729
0.41505
0.10525
0.0496
0.96875
0.93144
0.19417
0.43816
0.00123
0.03542
0.01502
0.00755
0.00383
0.02057
0.01813
0.00283
0.0016
0.0014
0.038
0.15907
0.02905
0.06892
0.07312
0.0094
0.68608
0.84448
0.0067
0.01692
0.93335
0.59515
0.44559
0.14284
0.92026
0.91911
0.02465
0.03229
0.02481
0.05692
0.18814
0.16746
0.00039
0.00086
0.00205
0.00839
0.99995
1.0
0.12555
0.50507
0.99974
0.91288
0.11947
0.38508
0.00203
0.00064
0.74557
0.34357
0.00547
0.00797
0.98444
0.97675
0.61952
0.5197
0.0001
0.00037
0.34993
0.04555
0.867
0.71021
0.85884
0.90138
0.95893
0.98178
0.69051
0.68583
0.16322
0.3241
0.4391
0.46542
0.32596
0.30232
0.01799
0.00291
0.00266
0.01223
0.8627
0.93076
0.08333
0.05204
0.12591
0.09448
0.01558
0.03374
0.11296
0.09904
0.00199
0.00075
0.75673
0.81975
0.0459
0.05844
0.03057
0.01736
0.77769
0.68342
0.05375
0.04232
0.22359
0.32364
0.30618
0.61171
0.0621
0.11458
0.23353
0.10266
0.88254
0.9694
0.97598
0.98367
0.00793
0.00029
0.0033
0.00824
0.29309
0.11041
0.26628
0.02762
0.03596
0.00175
0.03336
0.42586
0.62269
0.22116
0.35153
0.30066
0.88695
0.92905
0.10397
0.02957
0.09951
0.09633
0.00049
0.00041
0.0081
0.03562
0.99387
0.99204
0.03902
0.17844
0.63873
0.8386
0.03073
0.02004
0.16931
0.47248
0.22517
0.84138
0.19805
0.16594
0.07723
0.00345
0.89517
0.88031
0.00519
0.01378
0.02243
0.00942
0.25677
0.23546
0.0006
0.00134
0.00298
0.01142
0.33545
0.31666
0.02642
0.01353
0.00286
0.00021
0.00039
7e-05
0.0197
0.04562
0.00215
0.00579
0.02462
0.00294
0.01496
0.00699
0.27326
0.35083
0.0314
0.17189
0.85483
0.80672
0.6459
0.2925
1e-05
0.0
0.84482
0.92786
0.00751
0.00202
0.00884
0.02555
0.32244
0.45655
0.37326
0.36149
0.0447
0.29186
0.03805
0.04079
0.03738
0.02716
0.07203
0.12602
0.09656
0.23273
0.98461
0.28069
0.17844
0.16052
0.02628
0.04298
0.36293
0.18295
0.02679
0.03325
0.05222
0.04491
0.6491
0.17118
0.96588
0.85006
0.15623
0.18388
0.04837
0.01344