0.75026
0.46319
0.50785
0.53318
0.95764
0.98013
0.99611
0.93849
0.79147
0.92005
0.8254
0.8966
0.05642
0.16939
0.35219
0.43516
0.50831
0.39165
0.5745
0.76373
0.9444
0.94165
0.36376
0.49985
0.31808
0.47265
0.05307
0.17239
0.52677
0.35521
0.25008
0.0487
0.54151
0.72526
0.69417
0.15542
0.66922
0.69294
0.75494
0.47831
0.05455
0.03334
0.94159
0.96578
0.69138
0.90565
0.56733
0.7247
0.01792
0.01882
0.72831
0.79743
0.14951
0.21535
0.13484
0.38809
0.32805
0.2547
0.53176
0.3351
0.03657
0.17528
0.27699
0.38886
0.03495
0.04412
0.09714
0.25261
0.0025
0.00427
0.70397
0.84001
0.1107
0.13794
0.26876
0.20038
0.45442
0.69849
0.11855
0.10515
0.84455
0.77884
0.23117
0.33026
0.00104
0.00095
0.26513
0.15965
0.40406
0.13974
0.12858
0.08833
0.33313
0.2206
0.39552
0.30466
0.34424
0.52372
0.973
0.98016
0.75063
0.68375
0.46733
0.17178
0.95986
0.95915
0.84758
0.44241
0.7334
0.83297
0.16169
0.1535
0.41619
0.42949
0.23925
0.2476
0.89162
0.84313
0.0212
0.01077
0.93651
0.67252
0.88857
0.97023
0.05882
0.04745
0.02832
0.01827
0.95961
0.95806
0.91817
0.76919
0.19111
0.12424
0.92486
0.84338
0.05392
0.09299
0.77663
0.75326
0.36964
0.26312
0.01448
0.00079
2e-05
0.00027
0.08163
0.07012
0.91763
0.91068
0.81004
0.78432
0.15481
0.04839
0.05217
0.0105
0.26534
0.34678
0.60389
0.49668
0.00221
0.00148
0.04111
0.04005
0.10362
0.51881
0.24767
0.54638
0.07744
0.04941
0.00405
0.00944
0.75141
0.77514
0.51661
0.7493
0.32881
0.13559
0.08327
0.05943
0.03406
0.19091
0.09492
0.16231
0.00806
0.0231
0.53776
0.6965
0.99339
0.99137
0.36784
0.36835
0.04491
0.02431
0.54625
0.55598
0.00883
0.02311
0.63917
0.54609
0.11884
0.00708
0.52703
0.12549
0.52049
0.45052
0.99752
0.99073
0.04021
0.07033
0.0153
0.05178
0.31688
0.54424
0.0036
0.00372
0.00775
0.00145
0.22944
0.70891
0.8829
0.99731
0.479
0.83954
0.30606
0.34664
0.00037
0.00053
0.93876
0.89474
0.03444
0.02698
0.1922
0.16225
0.05367
0.0072
0.61685
0.8146
0.83456
0.41941
0.35715
0.25792
0.50956
0.16374
0.92082
0.92702
0.44221
0.71046
0.04412
0.02395
0.12593
0.04357
0.25823
0.08087
0.4269
0.13501
0.6429
0.35844
0.5138
0.45972
0.06265
0.09312
0.15528
0.39614
0.67132
0.54029
0.99832
0.99857
0.02281
0.06139
0.11912
0.07827
0.5889
0.8617
0.16909
0.07977
0.05064
0.09611
0.02795
0.09693
0.01182
0.02407
0.30901
0.25539
0.00049
0.00271
0.2592
0.25711
0.98529
0.95596
0.08942
0.11842
0.04119
0.00618
0.52501
0.54239
0.17279
0.14686
0.13373
0.09207
0.1546
0.20541
0.02831
0.01739
0.08401
0.07425
0.06385
0.16525
0.2797
0.32012
0.35047
0.28012
0.28748
0.48344
0.01547
0.01842
0.33628
0.62053
0.02098
0.01905
0.05088
0.02564
0.07554
0.14148
0.10423
0.08525
0.20895
0.2758
0.38047
0.39787
0.22261
0.09637
0.00729
0.00029
0.08194
0.10785
0.94356
0.92971
0.15983
0.10043
0.83704
0.67568
0.00267
0.00736
0.34484
0.37883
0.01732
0.01771
0.02799
0.00857
0.24819
0.38819
0.45177
0.70407
0.07447
0.03316
0.00887
0.02025
0.42573
0.57415
0.07413
0.41056
0.11104
0.29398
0.19544
0.16158
0.04906
0.05361
0.39632
0.26474
0.71864
0.28681
2e-05
0.00209
0.09674
0.55635
0.92228
0.99352
1e-05
0.0
0.83889
0.82639
0.05532
0.04536
0.04229
0.01617
0.03826
0.03065
0.00013
0.00063
0.0466
0.13808
0.47282
0.07035
0.02845
0.00491
0.06959
0.08201
0.70229
0.46629
0.0146
0.00907
0.01039
0.06852
0.0062
0.00163
0.51261
0.77803
0.06347
0.01634
0.00134
0.0006
0.17894
0.05823
0.0016
0.0011
0.00283
0.00807
0.13462
0.06312
0.00212
0.00448
0.04233
0.03256
0.40051
0.24834
0.02052
0.01387
0.00352
0.00744
0.03602
0.04516
0.00118
0.00295
0.01994
0.02285
0.13401
0.39769
0.00878
0.04944
0.12686
0.36482
0.12786
0.00625
0.39778
0.00427
0.45865
0.83518
0.00133
0.05452
0.93816
0.91696
0.58745
0.09
0.04814
0.17307
0.21448
0.03863
0.39186
0.52614
0.04444
0.0507
0.86806
0.9156
0.14316
0.13564
0.02135
0.11524
0.54092
0.15817
0.22625
0.14807
0.17971
0.24263
0.81532
0.55664
0.79253
0.9666
0.00301
0.00066
0.66102
0.73667
0.00044
0.00311
0.22376
0.68522
0.35576
0.3692
0.02043
0.03148
0.08364
0.11026
0.02883
0.09425
0.03782
0.02716
0.0012
0.00096
0.00186
0.0519
0.0007
0.0009
0.79761
0.98111
0.00605
0.05542
0.0477
0.08874
0.04221
0.03776
0.02407
0.03246
0.21621
0.04905
0.52141
0.24385
0.07426
0.01509
0.35273
0.42344
0.00047
0.00019
0.00064
0.00117
0.82617
0.70725
0.02732
0.02407
0.99948
0.9988
0.0519
0.10306
0.06134
0.27563
0.00109
0.00044
0.0603
0.17822
0.49503
0.36252
0.41514
0.37338
0.89406
0.8202
0.00042
0.00067
0.00917
0.01941
0.05263
0.04619
0.99694
0.9992
0.37963
0.36746
0.00786
0.01068
0.00101
0.01854
0.00014
0.00074
0.0603
0.01738
0.03344
0.07884
0.16244
0.29612
0.65929
0.68038
0.02621
0.01865
0.06546
0.3937
0.02451
0.04481
0.13091
0.10821
0.0911
0.01443
0.12378
0.10548
0.10779
0.10527
0.01816
0.01438
0.39991
0.30957
0.41417
0.2348
0.00379
0.01653
0.01928
0.02536
0.00057
0.00104
0.06923
0.05787
0.001
0.00566
0.14643
0.00243
0.07522
0.05739
0.01653
0.05996
0.06934
0.02135
0.02835
0.05517
0.05578
0.4361
0.22356
0.1937
0.03846
0.05648
0.03322
0.15977
0.15222
0.02407
0.3297
0.28382
0.00039
0.00427
0.6065
0.92103
0.36964
0.25737
0.00098
0.00168
0.00503
0.00135
0.00376
0.00012
0.43383
0.35963
0.6515
0.93365
0.0782
0.37215
0.68389
0.2931
0.00238
0.05742
0.00033
0.00267
0.00124
0.00195
0.15977
0.26661
0.33939
0.81402
0.52897
0.53762
0.68414
0.18806
0.13049
0.16464
0.02866
0.25154
0.51956
0.56194
0.00704
0.00476
0.01962
0.02382
0.12247
0.06253
0.8774
0.38026
0.47756
0.21676
0.02295
0.01338
0.20726
0.15711
0.88898
0.96688
0.05517
0.06207
0.06321
0.01486
0.0033
0.00428
0.00172
0.00303
0.59321
0.18821
9e-05
0.00011
0.00187
0.01438
0.14697
0.05253
0.29411
0.1832
0.49323
0.70094
0.00545
0.0131
0.43525
0.08556
0.00035
0.00175
0.00096
0.00059
0.13248
0.17168
0.22988
0.20055
0.00518
0.02644
0.67832
0.61274
0.96567
0.96337
0.47465
0.18285
0.0004
0.00063
0.00469
0.07052
0.00095
0.00071
0.03033
0.01687
0.08498
0.07488
0.00041
0.00129
0.00278
0.00098
0.10056
0.4592
0.00048
0.15773
0.03868
0.02582
0.03215
0.01941
0.42762
0.37119
0.1966
0.38437
0.02606
0.02043
0.03512
0.09831
0.06847
0.08086
0.65449
0.67813
0.0055
0.00321
0.17861
0.06884
0.62201
0.66896
0.55489
0.14235
0.00614
0.17633
0.02204
0.02383
0.42702
0.42442
0.2164
0.20161
0.373
0.5963
0.91039
0.4732
0.00191
0.00503
0.26919
0.29452
0.13522
0.02187
0.00017
0.00024
0.74795
0.72763
0.00408
0.00101
1e-05
3e-05
0.23998
0.22068
0.66147
0.7738
0.02263
0.00433
0.0001
0.00013
0.0811
0.04628
0.18068
0.02982
0.07841
0.01651
0.126
0.04566
8e-05
0.00112
0.37564
0.78522
0.08336
0.0272
0.25292
0.32709
0.85177
0.56494
0.24636
0.07437
0.10824
0.09465
4e-05
4e-05
0.13842
0.14252
0.98572
0.98044
0.15576
0.34746
0.00176
0.00093
0.00133
0.00124
0.01623
0.02529
0.07386
0.1159
0.0819
0.06188
0.12223
0.49263
0.12534
0.10915
0.05188
0.0545
0.01762
0.01717
0.0003
0.00011
0.52907
0.592
0.01311
0.11588
0.00375
0.00166
0.04701
0.04219
0.0589
0.03272
0.19303
0.24854
0.00097
0.00303
0.02452
0.03172
0.00022
0.00061
0.01544
0.02143
0.00077
0.00135
0.00589
0.00102
0.00905
0.00553
0.00021
0.00052
0.07084
0.14843
0.46579
0.49339
0.14425
0.14493
0.00632
0.00504
0.04778
0.0144
0.03721
0.02346
0.57006
0.71404
0.26731
0.64959
0.05262
0.08513
0.06335
0.10159
0.01489
0.01392
0.9726
0.99462
0.0213
0.02563
0.08835
0.04295
0.00167
0.00106
0.21626
0.41591
0.07498
0.17537
0.02297
0.01506
0.00631
0.00688
0.80132
0.69542
0.3194
0.10055
0.00268
0.00529
0.07042
0.20382
0.10439
0.19838
0.10388
0.29859
0.02847
0.04149
0.00379
0.01159
2e-05
2e-05
0.01931
0.00047
0.00179
0.00295
0.00173
6e-05
0.06314
0.01794
0.01525
0.03627
0.0004
0.00042
0.0518
0.00502
0.82941
0.60309
0.01266
0.03161
0.41575
0.67584
0.00135
0.00216
0.07445
0.16041
0.00227
0.00312
0.00213
0.00855
0.24003
0.34863
0.11487
0.2493
0.60931
0.78161
0.46881
0.66202
0.72669
0.75898
0.53382
0.35098
0.03013
0.02904
0.02404
0.03124
0.03128
0.06988
0.01905
0.11704
0.00203
0.00013
2e-05
0.0
0.80116
0.46397
0.12331
0.01723
0.60444
0.15373
0.3657
0.39415
0.00568
0.00998
0.52142
0.35082
0.00039
0.00385
0.02024
0.1288
0.00315
0.01583
0.16934
0.12269
0.31876
0.28311
0.52585
0.10762
0.00037
0.00181
0.04422
0.00608
0.37644
0.2962
0.06699
0.04458
0.00369
0.00389
0.94785
0.70155
0.23907
0.29189
0.34789
0.3065
0.00055
0.00067
0.28113
0.40274
0.01874
0.01898
0.7025
0.12227
0.207
0.23052
0.0072
0.02639
0.02905
0.22717
0.06768
0.00923
0.23187
0.29018
0.20798
0.34609
0.01326
0.02812
0.16176
0.22407
0.22444
0.17069
0.08587
0.44024
0.00058
0.0006
0.03269
0.01059
0.14472
0.12284
0.0001
0.00013
0.28793
0.09728
0.16766
0.22445
0.35
0.39382
4e-05
4e-05
0.06475
0.03897
0.0049
0.00274
0.74806
0.80011
0.57878
0.88107
0.16962
0.29914
0.02362
0.02146
0.15742
0.6499
0.00331
0.01756
0.05966
0.05309
0.92813
0.96067
0.08038
0.09987
4e-05
0.00023
0.05545
0.04751
0.00168
0.00539
0.39086
0.4245
0.12916
0.54671
0.0596
0.03031
0.24262
0.69925
0.0081
0.00567
0.01233
0.03966
0.03246
0.00331
0.01089
0.02632
0.21242
0.07408
0.06713
0.06532
0.24009
0.14689
0.71428
0.74028
0.00047
0.00034
0.0002
0.00011
0.46775
0.44307
0.19608
0.06874
0.00031
6e-05
0.07018
0.39216
0.18422
0.25758
0.81618
0.96047
0.29041
0.27146
0.09751
0.115
0.06707
0.05714
0.00029
0.00424
0.22233
0.45349
0.06548
0.21509
0.65024
0.17328
0.79036
0.60805
0.0006
0.00057
0.07652
0.13804
0.14504
0.09658
0.01186
0.01215
0.01067
0.02678
0.00193
0.0079
0.0061
0.00378
0.01389
0.02025
0.02461
0.01772
0.01318
0.00282
0.01181
0.0098
0.04426
0.12564
0.0929
0.16669
0.46513
0.33022
0.93362
0.80321
0.01082
0.12071
0.35888
0.82353
0.09213
0.02943
0.03964
0.2647
0.01551
0.00898
0.80656
0.81575
0.0603
0.06338
0.01516
0.02697
0.05392
0.07956
0.01196
0.00337
0.00333
0.00938
0.00079
0.00016
0.0068
0.00315
0.00371
0.00187
0.25701
0.03966
0.10922
0.16327
0.06251
0.01423
0.00438
0.00722
0.0244
0.01573
0.00029
0.00092
0.01761
0.00957
0.08329
0.23006
0.05596
0.06482
0.04943
0.12458
0.02659
0.01821
0.97203
0.98023
0.03785
0.06694
0.00115
0.00023
0.1796
0.43027
0.07623
0.11018
0.00941
0.1918
0.70209
0.78084
0.00476
0.00865
0.0628
0.02152
0.00358
0.00364
0.04383
0.04864
0.00719
0.00248
0.01247
0.02528
0.10275
0.01818
0.0901
0.02667
0.02021
0.03878
9e-05
2e-05
0.31987
0.53685
0.24183
0.3795
0.03658
0.08068
0.13002
0.02831
0.00027
0.00041
0.11544
0.07089
0.00182
0.01473
0.02361
0.0986
0.00056
0.00236
0.00611
0.00518
0.1944
0.23786
0.09917
0.01606
0.00029
0.0008
0.40889
0.21856
0.08027
0.31492
0.07404
0.06099
0.00651
0.00083
0.03309
0.0186
0.48416
0.82738
0.9913
0.99834
0.91197
0.85808
0.43554
0.15181
0.00028
0.00192
0.01695
0.01771
0.75403
0.93461
0.0
3e-05
0.52966
0.4969
0.08987
0.09107
0.60104
0.22913
0.00162
0.00226
0.69991
0.77735
0.1935
0.14604
0.00797
0.01738
0.12447
0.63531
0.06218
0.01833
0.2454
0.03998
0.0341
0.31935
0.00063
0.00066
0.0013
0.00314
0.31435
0.38915
0.07843
0.33948
0.90704
0.8444
0.20983
0.14447
0.83902
0.26511
0.91078
0.90059
0.90679
0.84654
0.00926
0.00346
0.00598
0.00542
0.02259
0.05865
0.2366
0.19056
0.00144
0.00042
0.03636
0.17515
0.15329
0.1158
8e-05
0.00035
0.01712
0.26594
0.00507
0.02811
0.29895
0.11595
0.00098
0.00162
0.59248
0.09834
0.01039
0.00873
0.10544
0.11989
0.01801
0.05096
0.00498
0.03059
0.00749
0.00248
0.2472
0.14222
0.0029
0.0017
0.18979
0.58133
0.0001
0.00038
0.00077
0.0142
0.00221
0.00057
0.12025
0.09309
0.00945
0.02455
0.00209
0.00168
0.919
0.45562
0.69868
0.36784
0.27393
0.32101
0.01686
0.01507
0.07894
0.50474
0.0049
0.0039
0.01188
0.20196
9e-05
3e-05
0.0229
0.07344
0.34867
0.3329
0.54027
0.35897
0.00503
0.00942
0.3569
0.39646
0.01035
0.00413
0.42014
0.3462
0.00336
0.00326
0.00089
0.00084
0.00794
0.0158
0.87847
0.79395
0.54815
0.46383
0.01206
0.00329
0.13218
0.10555
0.2786
0.11518
0.09949
0.07412
0.00648
0.00966
0.11714
0.14493
0.18542
0.03407
1e-05
0.00048
0.76917
0.41046
0.04992
0.04734
0.00117
0.00334
0.53036
0.53901
0.10363
0.1308
0.02584
0.03121
0.10011
0.14671
0.16046
0.03881
0.08062
0.04137
0.40134
0.53157
0.01235
0.16525
0.01522
0.02111
0.44162
0.21259
0.05902
0.07616
0.89679
0.74512
0.13374
0.13711
0.48189
0.39762
0.01577
0.05452
0.00861
0.0066
0.01453
0.0017
0.00079
0.00098
0.00077
0.0017
0.01083
0.00418
0.45441
0.54929
0.03502
0.0362
0.15086
0.23513
0.03369
0.01757
0.06257
0.06423
6e-05
3e-05
0.0
1e-05
0.29952
0.5107
0.68853
0.7792
0.00529
0.00384
0.21719
0.00696
0.18673
0.27338
0.0167
0.00209
0.12067
0.16384
0.00719
0.00956
0.28835
0.03045
0.00633
0.02237
0.17429
0.05392
0.15386
0.18834
1e-05
0.00112
4e-05
3e-05
0.43086
0.42029
0.00113
0.00139
0.00628
0.0015
0.07859
0.02491
0.03134
0.02735
0.44832
0.7368
0.01683
0.02048
0.09168
0.22421
0.00212
0.00175
0.00121
0.0007
0.01208
0.00296
0.35525
0.27879
0.18146
0.21568
0.4301
0.24234
0.01149
0.00416
0.02143
0.01256
0.09183
0.19915
0.43297
0.45551
0.52245
0.59399
0.03726
0.07431
0.47741
0.31073
0.02874
0.07874
0.02031
0.05282
0.43056
0.28372
0.42029
0.41357
0.00078
0.00124
0.179
0.30603
0.05942
0.05879
0.99839
0.99752
0.00433
8e-05
0.01851
0.01787
0.0528
0.22564
0.1364
0.44078
0.15715
0.14628
0.03751
0.07039
0.00026
0.003
0.06172
0.03435
0.07564
0.0487
0.00496
0.00272
6e-05
8e-05
0.0415
0.0151
0.71163
0.64679
0.19709
0.19456
0.00091
0.00018
0.08337
0.16545
0.00851
0.00822
0.28988
0.19507
0.3797
0.05302
0.49254
0.64388
0.00016
0.00022
0.66583
0.74493
0.01185
0.00387
0.4486
0.41372
0.00331
0.20231
0.40596
0.29356
0.00259
0.00015
0.00042
0.0001
0.00865
0.00883
0.02083
0.03831
1e-05
3e-05
0.62509
0.77875
0.10333
0.55733
0.00201
0.00111
0.00015
0.0026
0.0754
0.10546
5e-05
2e-05
0.21111
0.31537
0.05418
0.0221
0.00263
0.04933
0.04836
0.05111
0.64858
0.24628
0.95473
0.86624
0.05008
0.01918
0.49239
0.38974
0.03097
0.0608
0.00135
0.01455
0.0003
0.00036
0.04179
0.06076
0.06572
0.03365
0.08394
0.07601
0.03303
0.24176
0.48114
0.38716
0.05479
0.0512
0.79548
0.85964
0.01165
0.00755
0.0029
0.01541
6e-05
0.00014
0.00631
0.01554
0.77035
0.80839
0.19501
0.24426
0.9036
0.49989
0.11151
0.49907
0.8213
0.98077
0.01496
0.02845
0.43442
0.1579
0.01135
0.07033
0.08275
0.06456
0.34752
0.19845
0.41716
0.31343
0.05491
0.02569
0.93629
0.89136
0.05676
0.1062
0.0004
0.00083
0.00188
0.01054
0.00116
0.02561
0.1893
0.05625
0.02183
0.03453
0.30067
0.08302
3e-05
1e-05
0.00011
4e-05
0.00387
0.00077
6e-05
0.0
0.0913
0.09348
0.00054
0.00171
0.02997
0.03728
0.04439
0.00838
0.03071
0.00662
0.00321
0.00416
0.01081
0.01987
0.01324
0.01147
0.72117
0.32438
0.97953
0.99489
0.34313
0.39442
0.04876
0.04615
6e-05
9e-05
0.00519
0.40702
0.25956
0.139
0.0081
0.01113
0.03237
0.08463
0.00012
0.00045
0.00997
0.0025
0.08608
0.06699
0.00925
0.00817
0.35908
0.32716
0.00157
0.00049
0.00011
0.00017
0.00074
0.00642
0.00231
0.00066
0.00608
0.02179
0.29561
0.79394
0.02946
0.00775
0.00117
0.00013
0.00703
0.01362
0.36689
0.26753
0.0996
0.10686
0.97124
0.96521
0.00065
0.00174
0.90549
0.93493
0.0536
0.07153
0.00786
0.00637
0.74592
0.32219
0.90216
0.95189
0.00125
0.00593
0.01477
0.33899
0.00104
0.00221
0.0685
0.01692
0.11269
0.08462
0.46081
0.67859
0.06121
0.08055
0.19151
0.58914
0.02403
0.13531
0.02847
0.1617
0.00272
0.00548
0.11878
0.53355
0.02972
0.01135
0.15197
0.17933
0.02742
0.02332
0.00244
0.00207
0.01142
0.01473
0.0968
0.16276
0.0656
0.14445
0.00755
0.01771
0.26946
0.06855
0.20316
0.38936
0.29521
0.35153
0.99903
0.99819
0.00952
0.0075
0.11072
0.05606
0.02003
0.01454
2e-05
0.00064
0.16934
0.12269
0.22605
0.20099
0.00104
0.00045
0.00011
8e-05
0.00304
0.00932
0.02597
0.01081
0.0066
0.00641
0.29762
0.41884
0.00596
0.00363
0.0006
0.00119
0.18723
0.04414
0.02288
0.02667
0.02198
0.06229
0.06152
0.00076
0.00993
0.01158
0.04316
0.02372
0.0567
0.10994
0.85895
0.37673
0.00554
0.01968
0.00134
0.00022
0.0025
0.00622
0.002
0.00319
0.03641
0.03185
0.04856
0.21447
0.12689
0.12005
0.00641
0.00825
0.45067
0.60165
0.05847
0.05688
0.01215
0.04274
0.36274
0.27049
0.01483
0.04661
0.09904
0.06622
0.10773
0.07809
0.45102
0.36742
0.00097
0.00161
0.01595
0.00616
0.00883
0.00846
0.00084
0.00043
0.42367
0.45594
0.08425
0.00992
0.05929
0.04606
0.10193
0.38382
0.53043
0.23516
0.01628
0.00839
0.00481
0.0014
0.71831
0.86004
0.48281
0.53767
0.00249
0.00038
0.55087
0.69345
0.0001
0.00037
0.28209
0.05331
0.98181
0.97613
0.98161
0.42323
0.04231
0.19354
0.00028
0.00011
0.13198
0.11916
0.1452
0.12248
0.01243
0.00349
0.33635
0.01996
0.10361
0.0696
0.00086
0.00727
0.00681
0.02591
0.58462
0.55292
0.82695
0.45598
0.00544
0.06606
0.0143
0.01163
0.08033
0.01002
3e-05
0.00011
0.41272
0.49632
0.00995
0.00167
0.0009
0.00409
0.355
0.823
0.00162
0.00378
0.15914
0.14228
0.00029
0.0003
0.30978
0.71477
4e-05
0.00055
0.05829
0.02087
0.4706
0.42746
0.70956
0.80463
0.02724
0.00036
0.18667
0.1853
0.0411
0.01251
0.12377
0.08632
0.32015
0.11931
0.00041
0.00022
0.2565
0.01711
0.00076
0.00196
0.67414
0.30269
0.01053
0.2788
0.03497
0.03541
9e-05
0.00096
0.27362
0.68692
0.00014
5e-05
0.189
0.17893
0.12724
0.56585