0.21205
0.15364
0.22585
0.30356
0.02179
0.01063
0.82438
0.70814
0.03275
0.03903
0.18657
0.40695
0.26031
0.20045
0.06368
0.39488
0.48849
0.54915
0.05529
0.05399
0.0137
0.03088
0.17286
0.32796
0.07257
0.00983
0.8522
0.93751
0.32618
0.49806
0.01748
0.0257
0.00851
0.01387
0.46643
0.62383
0.01467
0.0066
0.40009
0.22536
0.02812
0.05034
0.06619
0.09161
0.31994
0.26282
0.02324
0.01668
0.1544
0.31607
0.0463
0.03057
0.08928
0.05497
0.03137
0.00699
0.19355
0.24265
0.05954
0.03409
0.30224
0.37065
0.26118
0.18953
0.01055
0.03464
0.02893
0.0422
0.52129
0.89475
0.10028
0.07027
0.33106
0.60088
0.2203
0.23242
0.50294
0.61468
0.0038
0.0118
0.03289
0.01787
0.96198
0.95395
0.67278
0.56355
0.08001
0.08692
0.26714
0.37064
0.24421
0.26919
0.40291
0.1713
0.47226
0.59578
0.14632
0.20822
0.02876
0.13515
0.06592
0.14894
0.84029
0.91372
0.04519
0.04876
0.00046
0.00025
0.09428
0.06454
0.00908
0.06004
0.01767
0.01335
0.03299
0.06356
0.64763
0.62625
0.2038
0.12902
0.06185
0.26609
0.00318
0.01081
0.92366
0.90598
0.12989
0.08118
0.43405
0.47117
0.76876
0.80714
0.00246
0.00494
0.68534
0.53539
0.8883
0.96206
0.53852
0.48242
0.9225
0.93274
0.61623
0.39754
0.19021
0.06676
0.08812
0.13622
0.21256
0.19636
0.28373
0.53565
0.52988
0.11586
0.06879
0.06302
0.00266
0.00193
0.14943
0.07745
0.06471
0.04086
0.06736
0.24235
0.85452
0.85582
0.80958
0.80302
0.08948
0.09765
0.4136
0.30258
0.26849
0.13029
0.79128
0.38384
0.21575
0.46519
0.69757
0.26968
0.3285
0.56865
0.01671
0.02343
0.47183
0.48736
0.87232
0.89301
0.0835
0.13045
0.06051
0.1473
0.06029
0.04734
0.18865
0.11267
0.58048
0.22601
0.01298
0.00537
0.05161
0.05894
0.26625
0.22482
0.50904
0.51099
0.20441
0.04027
0.82227
0.47005
0.49632
0.69401
0.00504
0.00806
0.36179
0.31096
0.13392
0.1313
0.00101
0.00045
0.03905
0.01495
0.14802
0.37634
0.08329
0.11038
0.07982
0.49136
0.53412
0.42523
0.67838
0.62527
0.80765
0.72089
0.77775
0.90574
0.14442
0.07478
0.19342
0.22217
0.60506
0.35343
0.25619
0.03344
0.2147
0.61917
0.98579
0.96101
0.02908
0.03652
0.00823
0.0204
0.56726
0.42788
0.00268
0.00466
0.14767
0.25015
0.02239
0.09594
0.01093
0.01837
0.02447
0.01762
0.04771
0.01956
0.02961
0.01219
0.60345
0.82933
0.54112
0.28617
0.01011
0.01466
0.32912
0.69465
0.38514
0.16221
0.01515
0.00671
0.24568
0.29155
0.00124
0.00112
0.81926
0.86404
0.10958
0.07142
0.09399
0.27527
0.22077
0.08141
0.59859
0.32382
0.3337
0.65891
0.31635
0.27249
0.37614
0.06918
0.05424
0.04022
0.11112
0.08599
0.04764
0.09498
0.11779
0.1501
0.15535
0.16784
0.09197
0.01777
0.01681
0.01169
0.10677
0.0936
0.04311
0.07248
0.10989
0.21672
0.02124
0.05029
0.14275
0.10867
0.03349
0.48682
0.01219
0.02182
0.60666
0.78839
0.07005
0.04724
0.26874
0.45881
0.03776
0.0399
0.00851
0.02508
0.10045
0.09243
0.27172
0.55695
0.62146
0.6921
0.75839
0.94323
0.07683
0.27654
0.29261
0.14075
0.08431
0.06735
0.0324
0.03705
0.06197
0.05043
0.3941
0.69503
0.80457
0.85002
0.68939
0.6567
0.42561
0.33155
0.47269
0.14934
0.10736
0.14711
0.03216
0.01029
0.2816
0.09127
0.74474
0.96448
0.59415
0.25421
0.21069
0.22773
0.00908
0.01307
0.58953
0.1146
0.00893
0.02115
0.15168
0.06723
0.56425
0.93328
0.03321
0.05368
0.03525
0.02426
0.22229
0.3209
0.03183
0.14655
0.35747
0.04444
0.33398
0.47723
0.03617
0.02953
0.01536
0.01249
0.37263
0.07409
0.03007
0.00521
0.54379
0.76581
0.03359
0.04087
0.02636
0.04033
0.60241
0.25009
0.25198
0.25015
0.05241
0.27486
0.12362
0.0892
0.0183
0.10355
0.14449
0.19522
0.3501
0.3914
0.00129
0.00123
0.52167
0.36315
0.23118
0.096
0.04289
0.04303
0.00063
0.0002
0.05083
0.03508
0.28144
0.24627
0.95716
0.86074
0.99203
0.96456
0.53903
0.37516
0.02323
0.08946
0.08533
0.07525
0.48546
0.18967
0.21465
0.0272
0.08694
0.00904
0.0922
0.11609
0.03668
0.02819
0.15635
0.19328
0.00207
0.00114
0.36247
0.37007
0.03706
0.03334
0.98706
0.29541
0.04551
0.06181
0.33639
0.16503
0.32899
0.33109
0.65559
0.68524
0.11751
0.17555
0.04807
0.06442
0.01263
0.00982
0.2007
0.14564
0.01876
0.03192
0.04931
0.0803
0.00303
0.00457
0.02379
0.02791
0.30054
0.12278
0.02359
0.02195
0.07379
0.03623
0.65302
0.57947
0.09206
0.07113
0.0005
0.00131
0.00528
0.0261
0.03257
0.01488
0.1015
0.40861
0.00668
0.00448
0.10165
0.03429
0.24639
0.1657
0.39768
0.76937
0.54367
0.09858
0.01213
0.00487
0.01875
0.15576
0.01766
0.02498
0.26029
0.29192
0.08653
0.23745
0.01146
0.06947
0.01846
0.08537
0.22107
0.18182
0.12756
0.52521
0.35644
0.16327
0.19442
0.08053
0.11477
0.13506
0.64421
0.54569
0.44646
0.60687
0.00906
0.00796
0.24033
0.2475
0.69931
0.68988
0.02085
0.08365
0.02243
0.03992
0.14036
0.19435
0.27977
0.16492
0.1764
0.02357
0.37474
0.31145
0.2341
0.24519
0.05402
0.09322
0.08889
0.05008
0.30654
0.30924
0.09842
0.34144
0.26712
0.50122
0.02807
0.0222
0.00601
0.00547
0.55758
0.20498
0.04787
0.0599
0.55653
0.52783
0.27795
0.30605
0.00263
0.00395
0.05329
0.03537
0.05015
0.17909
0.13761
0.16463
0.11606
0.11521
0.06628
0.01125
0.00566
0.00565
0.07095
0.14692
0.03494
0.00319
0.03614
0.04823
0.09261
0.01553
0.00496
0.00972
0.29856
0.13377
0.33179
0.22959
0.0777
0.09533
0.31135
0.14159
0.23835
0.04449
0.0132
0.03403
0.00319
0.00219
0.58896
0.75597
0.63553
0.62599
0.84063
0.82908
0.03884
0.10673
0.63953
0.83821
0.06589
0.28705
0.5257
0.86598
0.00562
0.01055
0.04241
0.05238
0.66677
0.67734
0.00799
0.00681
0.25293
0.29227
0.11023
0.14111
0.02036
0.0302
0.20949
0.40852
0.02278
0.02539
0.0434
0.10527
0.0672
0.06326
0.00968
0.03703
0.18841
0.0347
0.15096
0.20727
0.07101
0.05822
0.22102
0.04078
0.13973
0.13157
0.09078
0.08881
0.38328
0.51357
0.0837
0.07478
0.27284
0.23089
0.44884
0.48174
0.18523
0.02267
0.17086
0.25345
0.0608
0.31471
0.03659
0.02325
0.10843
0.09154
0.0516
0.35833
0.11268
0.41948
0.00797
0.00731
0.23969
0.04783
0.0064
0.00445
0.00382
0.00105
0.08045
0.12046
0.52223
0.42712
0.57429
0.44815
0.54237
0.8897
0.05652
0.0365
0.04784
0.08674
0.11507
0.12496
0.05691
0.08291
0.76374
0.81573
0.43586
0.40514
0.1784
0.19508
0.31735
0.22441
0.57747
0.5613
0.75347
0.9353
0.50615
0.85176
0.01137
0.0363
0.33057
0.43715
0.26713
0.06845
0.50868
0.50535
0.0082
0.01844
0.76416
0.46742
0.03395
0.02014
0.08181
0.06217
0.01587
0.01266
0.01063
0.01501
0.50179
0.49961
0.4998
0.20894
0.28336
0.23742
0.04811
0.20554
0.02645
0.03766
0.99929
0.96199
0.24881
0.07762
0.26852
0.4483
0.61653
0.18321
0.11663
0.19117
0.801
0.79462
0.32512
0.2053
0.01006
0.01843
0.233
0.71679
0.06331
0.01557
0.97105
0.98536
0.03327
0.02923
0.72291
0.22561
0.07638
0.08934
0.5553
0.22707
0.00375
0.00379
0.38253
0.27966
0.00035
0.00038
0.02762
0.02192
0.04519
0.12154
0.09203
0.10815
0.20506
0.13715
0.02121
0.02384
0.87935
0.82389
0.00918
0.01162
0.11659
0.09172
0.06271
0.00698
0.1047
0.13658
0.65568
0.26455
0.99119
0.98911
0.74586
0.56677
0.01715
0.0228
0.1686
0.07504
0.03918
0.25079
0.03265
0.01538
0.06143
0.00743
0.00113
0.00067
0.00465
0.00568
0.25719
0.26003
0.01194
0.00916
0.15135
0.10712
0.63567
0.9845
0.00108
0.00144
0.03985
0.05613
0.48838
0.76733
0.13708
0.14478
0.01617
0.01448
0.68996
0.52232
0.81666
0.8564
0.02344
0.00471
0.03659
0.07715
0.07496
0.09156
0.00816
0.14
0.03083
0.11339
0.32735
0.17803
0.00086
0.00222
0.00022
0.00018
0.04906
0.06255
0.08779
0.08853
0.00026
9e-05
0.22645
0.06227
0.56381
0.65198
0.95666
0.95217
0.91603
0.88856
0.09788
0.07898
0.0045
0.00143
0.00312
0.00835
0.0811
0.20862
0.13596
0.14996
0.03584
0.25633
0.18402
0.2471
0.4148
0.43676
0.17092
0.57438
0.63694
0.20129
0.99243
0.98295
0.00208
0.00063
0.0034
0.00098
0.07157
0.08558
0.0778
0.07404
0.05193
0.02777
0.0028
0.00454
0.11801
0.0891
0.01389
0.02703
0.77516
0.68783
0.93261
0.96389
0.14298
0.36306
0.19005
0.28034
0.14193
0.15872
0.38153
0.45547
0.43375
0.22114
0.0028
0.0025
0.00222
0.00126
0.0121
0.00272