0.87921
0.6173
0.92808
0.98947
0.67831
0.64773
0.10247
0.14429
0.32648
0.69868
0.46127
0.81835
0.61384
0.45235
0.35148
0.75283
0.72732
0.53491
0.05476
0.0122
0.93018
0.97597
0.37737
0.08079
0.01776
0.01473
0.39408
0.54596
0.02068
0.21374
0.44005
0.27478
0.67602
0.78956
0.65059
0.82211
0.63959
0.67428
0.03067
0.09763
0.30886
0.26081
0.26877
0.06961
0.3482
0.07525
0.03442
0.03108
0.05273
0.04243
0.006
0.01478
0.12891
0.25532
0.00688
0.00482
0.93814
0.72368
0.82459
0.94157
0.717
0.77913
0.45715
0.23631
0.82256
0.5268
0.03505
0.0436
0.12606
0.06771
0.64294
0.70703
0.11261
0.17455
0.37967
0.5437
0.00351
0.00621
0.68754
0.81652
0.13413
0.20109
0.46325
0.48887
0.94882
0.9241
0.49035
0.0609
0.50835
0.2994
0.00195
0.00489
0.028
0.09197
0.19025
0.24645
0.13849
0.07872
0.79998
0.93524
0.55849
0.83571
0.19223
0.10047
0.11141
0.12038
0.37253
0.32034
0.22664
0.11719
0.10988
0.08103
0.11396
0.15049
0.09395
0.09362
0.0459
0.04223
3e-05
0.0001
0.08946
0.06143
0.00225
0.00325
0.59267
0.53574
0.6213
0.25209
0.41687
0.66348
0.00732
0.00575
0.05301
0.06149
0.4538
0.45282
0.51376
0.73625
0.06487
0.01013
0.2807
0.04274
0.83442
0.80461
0.04313
0.03448
0.16968
0.1819
0.37107
0.27744
0.10369
0.1026
0.97726
0.9918
0.14171
0.04891
0.11602
0.08834
0.02004
0.01735
0.57037
0.13446
0.00868
0.0911
0.30646
0.75207
0.02917
0.06309
0.02518
0.17788
0.11461
0.0892
0.91706
0.3496
0.00031
0.00059
0.00303
0.00024
0.10745
0.113
0.02348
0.05537
0.09086
0.76313
0.50973
0.09643
0.34214
0.10447
0.47781
0.72502
0.05357
0.03806
0.06988
0.14704
0.21147
0.19084
0.10613
0.08414
0.03133
0.04666
0.30355
0.05809
0.73663
0.94072
0.08017
0.07159
0.51054
0.50098
0.04976
0.04267
0.01756
0.03459
0.86578
0.5094
0.03191
0.02618
0.01464
0.02577
0.01019
0.0063
0.16299
0.59075
0.45041
0.76132
0.23804
0.22417
0.83538
0.9698
0.48973
0.08256
0.67601
0.35479
0.77034
0.92093
0.10796
0.04225
0.33995
0.24272
0.06097
0.05522
0.12797
0.5378
0.06476
0.02653
0.01779
0.12498
0.51462
0.55539
0.17516
0.16861
0.8715
0.54747
0.02351
0.10391
0.28698
0.30487
0.9014
0.91678
0.47428
0.76939
0.02408
0.03989
0.6188
0.18475
0.08128
0.08683
0.03713
0.1792
0.05807
0.07293
0.14386
0.49085
0.03173
0.0246
0.17927
0.67917
0.14593
0.11845
0.09626
0.24236
0.11234
0.04959
0.21187
0.45193
0.0268
0.04795
0.00452
0.00421
0.25194
0.05538
0.98939
0.95884
0.0099
0.00165
0.45394
0.52573
0.20144
0.18037
0.01684
0.01383
0.63257
0.56419
0.51233
0.7651
0.02236
0.03024
0.12203
0.13133
0.03054
0.01696
0.62358
0.45089
0.0512
0.33948
0.93343
0.64893
0.62958
0.40884
0.06407
0.0687
0.36597
0.37561
0.69962
0.31327
0.71066
0.73665
0.06922
0.08327
0.06096
0.06569
0.10718
0.53628
0.95962
0.93596
0.24623
0.06174
0.08206
0.12579
0.18877
0.12173
0.1232
0.07251
0.10792
0.09982
0.68594
0.19549
0.16809
0.2512
0.14315
0.03533
0.04863
0.09409
0.16047
0.13901
0.05757
0.03672
0.30927
0.26369
0.15753
0.17527
0.05707
0.07899
0.58297
0.91142
0.7511
0.52535
0.39837
0.06634
0.1609
0.08619