0.45862
0.16254
0.34263
0.36042
0.5295
0.58193
0.80199
0.72274
0.67124
0.57886
0.54022
0.51889
0.51833
0.37121
0.33517
0.31369
0.64733
0.72326
0.35364
0.43016
0.16695
0.51008
0.66614
0.55699
0.25368
0.28744
0.41888
0.54091
0.75788
0.62437
0.78037
0.81583
0.4593
0.19299
0.66496
0.71105
0.64056
0.55156
0.71656
0.61574
0.85387
0.5902
0.7022
0.66535
0.89348
0.97901
0.40211
0.44678
0.84071
0.91068
0.73021
0.65401
0.89393
0.8071
0.55272
0.46088
0.24691
0.33218
0.17794
0.12418
0.33046
0.59904
0.91664
0.95516
0.34507
0.46925
0.68119
0.64472
0.77286
0.80244
0.64064
0.84482
0.42594
0.53959
0.42095
0.59508
0.7478
0.58047
0.26652
0.24955
0.82352
0.89627
0.32382
0.17349
0.56041
0.81751
0.87841
0.86061
0.90995
0.90356
0.89653
0.89724
0.67742
0.60403
0.69083
0.68064
0.92621
0.89293
0.42978
0.48826
0.8944
0.8345
0.52512
0.54561
0.47603
0.47898
0.90536
0.95215
0.45612
0.39561
0.4432
0.46328
0.55636
0.73484
0.40565
0.50313
0.4243
0.44271
0.51064
0.57656
0.45136
0.45213
0.80226
0.86176
0.27114
0.17207
0.15525
0.25025
0.39862
0.41926
0.85184
0.82678
0.26347
0.22541
0.17525
0.05075
0.5995
0.55051
0.19129
0.23073
0.42885
0.22752
0.93386
0.91394
0.91981
0.92198
0.55183
0.51804
0.44856
0.55061
0.25352
0.268
0.29153
0.39013
0.76213
0.6391
0.71562
0.78329
0.24803
0.28163
0.41939
0.41818
0.75384
0.73029
0.4664
0.29046
0.67494
0.42451
0.27807
0.23752
0.23824
0.24927
0.56364
0.57084
0.4878
0.48034
0.54737
0.49685
0.43431
0.48961
0.78493
0.77651
0.72703
0.59719
0.31407
0.31876
0.48889
0.47587
0.31507
0.23556
0.29928
0.27736
0.73689
0.76881
0.0187
0.03934
0.53905
0.48659
0.87109
0.81313
0.42149
0.70501
0.25295
0.24117
0.85559
0.80529
0.40789
0.59233
0.3961
0.31421
0.98183
0.98897
0.76863
0.69097
0.56207
0.28581
0.81644
0.728
0.32938
0.35756
0.45933
0.54534
0.64194
0.6234
0.28422
0.33788
0.26879
0.23778
0.16805
0.18608
0.56781
0.50629
0.25315
0.39606
0.68343
0.56398
0.24805
0.34278
0.95717
0.95184
0.47078
0.42522
0.38192
0.43519
0.76753
0.5917
0.90434
0.85903
0.63231
0.57403
0.86979
0.6835
0.13633
0.15233
0.50156
0.41495
0.57967
0.54121
0.64216
0.74405
0.50144
0.6403
0.12945
0.25979
0.44251
0.53475
0.21826
0.10728
0.64379
0.29167
0.73679
0.55136
0.57186
0.87345
0.41304
0.41183
0.2682
0.29612
0.45797
0.32352
0.47725
0.40989
0.50078
0.46925
0.10061
0.17144
0.58288
0.65892
0.80957
0.80227
0.75236
0.61949
0.90688
0.82923
0.14645
0.08626
0.48017
0.23571
0.08522
0.09476
0.52188
0.57599
0.58312
0.44276
0.21014
0.24161
0.55472
0.45697
0.09058
0.09389
0.66715
0.46078
0.63881
0.67726
0.15706
0.1422
0.20739
0.18553
0.74994
0.74646
0.62991
0.70414
0.86034
0.86303
0.26559
0.28264
0.8943
0.83
0.6713
0.70045
0.38133
0.25139
0.96248
0.97128
0.56416
0.43518
0.23426
0.16208
0.48293
0.49657
0.91276
0.69098
0.97711
0.89864
0.82495
0.79366
0.81133
0.84011
0.94494
0.94748
0.52062
0.4424
0.58218
0.47773
0.92615
0.93459
0.47218
0.61395
0.48527
0.69742
0.82036
0.80163
0.32452
0.24219
0.13008
0.15328
0.78675
0.7798
0.31184
0.24166
0.92845
0.86859
0.58764
0.59945
0.78156
0.82366
0.73074
0.75519
0.91277
0.64274
0.54421
0.43361
0.35288
0.46283
0.3929
0.46341
0.9886
0.98733
0.45815
0.49653
0.20556
0.38167
0.03468
0.05406
0.78132
0.75874
0.32528
0.44417
0.64306
0.69774
0.26374
0.17999
0.85006
0.86742
0.41199
0.3709
0.3378
0.37915
0.09753
0.16533
0.80442
0.83735
0.62871
0.64158
0.07351
0.1697
0.19527
0.1865
0.86159
0.91552
0.72425
0.68417
0.60903
0.46352
0.42683
0.4558
0.84818
0.89592
0.77821
0.71196
0.99257
0.99159
0.32468
0.25508
0.89626
0.86697
0.47618
0.565
0.53299
0.62588
0.60117
0.66112
0.65234
0.62976
0.49304
0.42628
0.96573
0.89831
0.44424
0.33083
0.20851
0.29648
0.56319
0.55642
0.67335
0.72331
0.46303
0.40654
0.46296
0.57734
0.30471
0.21352
0.46168
0.44378
0.12111
0.31734
0.55443
0.62663
0.63086
0.50419
0.47991
0.45476
0.9019
0.86562
0.15325
0.31349
0.7609
0.78516
0.46355
0.34325
0.24461
0.173
0.33166
0.3402
0.30698
0.29088
0.84585
0.66681
0.33738
0.31731
0.24341
0.2295
0.45478
0.49984
0.16161
0.17896
0.9427
0.97236
0.58284
0.57528
0.15116
0.36774
0.29238
0.37226
0.89905
0.9225
0.49869
0.4194
0.30028
0.4338
0.25782
0.18543
0.57269
0.45866
0.8023
0.84143
0.24241
0.31498
0.68253
0.70223
0.42925
0.52499
0.1054
0.05359
0.24826
0.25901
0.64286
0.58385
0.87083
0.84807
0.77099
0.72373
0.32337
0.32646
0.99328
0.99199
0.98958
0.98865
0.21015
0.18007
0.19419
0.33725
0.15184
0.10603
0.32223
0.42076
0.70589
0.6973
0.56025
0.79089
0.15938
0.16183
0.20708
0.19392
0.49552
0.39467
0.6906
0.56403
0.11915
0.08356
0.92893
0.96822
0.6146
0.66816
0.77997
0.56766
0.83012
0.78422
0.25328
0.31068
0.5369
0.57167
0.95734
0.96711
0.4498
0.4562
0.46718
0.5459
0.2692
0.22869
0.07154
0.09063
0.45053
0.35747
0.4362
0.49404
0.20521
0.27652
0.33991
0.30623
0.10261
0.22035
0.3213
0.23996
0.46236
0.52134
0.86365
0.77771
0.56673
0.53884
0.46473
0.48266
0.1648
0.22602
0.1858
0.11038
0.32251
0.31102
0.06637
0.13904
0.1768
0.1106
0.41368
0.51187
0.25145
0.2377
0.91146
0.8878
0.51718
0.57279
0.40615
0.38385
0.34994
0.32576
0.89996
0.82983
0.15006
0.09552
0.77151
0.82342
0.40619
0.5135
0.5969
0.69851
0.45249
0.58083
0.76121
0.67427
0.56329
0.62228
0.30792
0.3304
0.58027
0.59202
0.22414
0.15336
0.81446
0.7818
0.60274
0.6393
0.60816
0.65665
0.44553
0.38824
0.76529
0.73475
0.93912
0.98924
0.47613
0.56697
0.41459
0.27994
0.30193
0.27817
0.9168
0.81068
0.21295
0.18279
0.65247
0.70716
0.51729
0.51342
0.1342
0.1715
0.46641
0.39588
0.32025
0.37127
0.27656
0.33559
0.55055
0.72423
0.68157
0.40557
0.76863
0.65073
0.28545
0.24457
0.09784
0.07787
0.79995
0.74984
0.38614
0.57694
0.72678
0.91657
0.86943
0.83057
0.40128
0.34055
0.60282
0.55544
0.8685
0.88798
0.60472
0.9129
0.44827
0.52193
0.29449
0.28335
0.62944
0.38052
0.51567
0.62246
0.75631
0.72871
0.16851
0.12987
0.70662
0.64817
0.35985
0.43777
0.2773
0.27694
0.26614
0.24787
0.49326
0.30208
0.84171
0.88003
0.8486
0.76659
0.42839
0.23817
0.91905
0.4952
0.56479
0.63687
0.65349
0.44063
0.41519
0.7342
0.09723
0.1497
0.33707
0.46012
0.59739
0.64565
0.83347
0.84353
0.87724
0.90005
0.8863
0.90063
0.87834
0.85468
0.59736
0.90619
0.41522
0.23698
0.95525
0.95336
0.42324
0.43089
0.33783
0.38158
0.14598
0.18786
0.73759
0.62486
0.45732
0.54669
0.37607
0.37031
0.33459
0.24242
0.96234
0.39617
0.30396
0.28138
0.59868
0.58156
0.58314
0.67735
0.49738
0.47376
0.52511
0.56699
0.22382
0.21409
0.32176
0.3718
0.74009
0.67186
0.48581
0.41578
0.48526
0.41846
0.53985
0.70677
0.55793
0.72845
0.41183
0.51322
0.40882
0.43303
0.82038
0.77523
0.50387
0.46676
0.28792
0.22517
0.91175
0.87467
0.73019
0.73275
0.68717
0.67712
0.61615
0.6373
0.49406
0.58235
0.87628
0.68932
0.97642
0.98704
0.5173
0.72544
0.86195
0.79884
0.43381
0.39716
0.39921
0.40163
0.27358
0.31065
0.49182
0.55095
0.82024
0.58795
0.69675
0.72744
0.78525
0.70442
0.801
0.79886
0.40255
0.32904
0.79874
0.70286
0.47253
0.51544
0.86688
0.84233
0.36321
0.40666
0.26874
0.32278
0.34748
0.24771
0.49959
0.27503
0.59464
0.24479
0.03307
0.0981
0.43597
0.50224
0.2642
0.17564
0.27472
0.35549
0.95477
0.97132
0.32148
0.2494
0.35944
0.36216
0.07679
0.07235
0.17256
0.28186
0.4688
0.55414
0.62173
0.60468
0.23962
0.16183
0.16279
0.19441
0.26251
0.21546
0.99073
0.9896
0.55899
0.56731
0.51457
0.60651
0.45019
0.32893
0.54143
0.48943
0.69291
0.60781
0.21477
0.18058
0.21338
0.13052
0.87351
0.91995
0.31953
0.36606
0.17781
0.26669
0.39345
0.36843
0.61877
0.40378
0.39007
0.32302
0.97252
0.97877
0.16808
0.21262
0.15434
0.11713
0.88487
0.87228
0.41782
0.53114
0.55003
0.41336
0.30921
0.23503
0.55521
0.51642
0.29986
0.24675
0.41324
0.53996
0.38609
0.2714
0.2723
0.21942
0.62319
0.53897
0.04075
0.17426
0.31922
0.44323
0.34869
0.40662
0.58661
0.91183
0.27914
0.2309
0.05417
0.0554
0.11934
0.15711
0.82125
0.83923
0.65854
0.70631
0.10203
0.26596
0.53176
0.65
0.3348
0.40443
0.2592
0.28371
0.15593
0.2751
0.27422
0.37909
0.45677
0.45962
0.50645
0.50743
0.48703
0.36907
0.45411
0.42289
0.80499
0.82949
0.46301
0.4061
0.55195
0.76038
0.08216
0.62624
0.37349
0.48807
0.25218
0.21389
0.50661
0.7086
0.11279
0.10572
0.94061
0.96195
0.23113
0.49973
0.68575
0.74314
0.80206
0.81268
0.7917
0.68641
0.86121
0.91212
0.29475
0.47753
0.40451
0.32848
0.35843
0.34439
0.17038
0.1948
0.96035
0.79864
0.5461
0.56593
0.57974
0.6212
0.56656
0.50105
0.11518
0.17898
0.46286
0.6473
0.79743
0.87834
0.62637
0.76846
0.58966
0.63737
0.26166
0.45315
0.88546
0.79453
0.62999
0.60665
0.57557
0.33366
0.63209
0.69321
0.30161
0.33042
0.73873
0.70301
0.29896
0.49291
0.70494
0.77016
0.73502
0.71641
0.42125
0.27985
0.56674
0.48757
0.5042
0.52908
0.38468
0.22333
0.47517
0.67208
0.14332
0.08422
0.33196
0.37258
0.24613
0.22925
0.81537
0.7837
0.36413
0.51887
0.25
0.40299
0.50346
0.57348
0.47505
0.51044
0.53344
0.61635
0.27796
0.30671
0.30176
0.41826
0.93234
0.94165
0.2483
0.31579
0.8345
0.79371
0.81983
0.84668
0.86569
0.89413
0.24061
0.33169
0.8004
0.68468
0.39887
0.45099
0.48552
0.44174
0.3492
0.271
0.44562
0.45629
0.24759
0.31062
0.27911
0.10681
0.84108
0.87464
0.85386
0.73233
0.53494
0.51842
0.65457
0.54882
0.37667
0.43159
0.60367
0.45502
0.15535
0.15371
0.97519
0.96086
0.63272
0.66351
0.12877
0.23231
0.34111
0.27321
0.64005
0.54708
0.40998
0.51547
0.47454
0.23878
0.46153
0.3697
0.5328
0.4545
0.75638
0.75918
0.17819
0.3643
0.73416
0.6909
0.50722
0.5612
0.68753
0.67152
0.53788
0.55322
0.52931
0.61049
0.23406
0.20598
0.42365
0.5158
0.93383
0.87733
0.59057
0.60385
0.66724
0.45875
0.47419
0.51685
0.79336
0.7626
0.42496
0.32774
0.24056
0.20027
0.60119
0.53536
0.69382
0.23357
0.8868
0.81253
0.10495
0.11225
0.35937
0.37744
0.79107
0.80796
0.3556
0.33953
0.42337
0.60522
0.33077
0.27283
0.72361
0.61563
0.31089
0.27815
0.27074
0.31838
0.93178
0.92923
0.38888
0.44401
0.3394
0.33295
0.26463
0.31478
0.52992
0.51741
0.32617
0.39786
0.51413
0.52747
0.32372
0.3147
0.55349
0.45263
0.57333
0.62311
0.59584
0.67347
0.60419
0.72286
0.43005
0.34005
0.95574
0.93971
0.35123
0.2693
0.76011
0.67536
0.62915
0.52422
0.36753
0.52683
0.32697
0.24648
0.87372
0.85034
0.97222
0.96945
0.54322
0.48657
0.66754
0.68861
0.53164
0.64008
0.70247
0.84894
0.58257
0.32782
0.70495
0.60467
0.12417
0.22829
0.286
0.34821
0.52411
0.56183
0.28405
0.3071
0.40809
0.58182
0.29595
0.39731
0.24181
0.38195
0.24441
0.20443
0.21268
0.18199
0.97623
0.95167
0.45406
0.47728
0.36877
0.29456
0.40467
0.42649
0.61636
0.54341
0.63485
0.77486
0.63856
0.45461
0.39669
0.53342
0.59576
0.64379
0.32175
0.37492
0.32775
0.33593
0.334
0.44565
0.66725
0.77105
0.97869
0.98098
0.76418
0.71217
0.33472
0.37781
0.16221
0.15409
0.33924
0.20983
0.30471
0.30604
0.13217
0.12681
0.07748
0.18931
0.51541
0.68001
0.45176
0.31947
0.72676
0.81357
0.60509
0.5968
0.17013
0.19868
0.35066
0.52057
0.42835
0.33622
0.4156
0.3077
0.52663
0.35732
0.99505
0.99418
0.55713
0.51252
0.06445
0.03656
0.68445
0.69381
0.08245
0.11371
0.39563
0.5461
0.52692
0.49536
0.4789
0.42381
0.561
0.51324
0.70387
0.78005
0.45339
0.48369
0.53638
0.52474
0.84744
0.83872
0.96951
0.97425
0.70235
0.78321
0.06263
0.04333
0.64318
0.82234
0.13779
0.17248
0.35036
0.50868
0.4764
0.46434
0.12606
0.16016
0.1945
0.15466
0.58614
0.70277
0.18668
0.1061
0.33714
0.28876
0.47924
0.5017
0.27755
0.20901
0.3245
0.24986
0.19805
0.26077
0.81956
0.82332
0.58421
0.47466
0.55349
0.44242
0.21173
0.12558
0.77681
0.78244
0.65481
0.89088
0.4164
0.30307
0.59198
0.51937
0.54902
0.58529
0.70863
0.75861
0.98114
0.98253
0.18999
0.14166
0.21796
0.22445
0.49753
0.51664
0.27599
0.39797
0.72379
0.71525
0.16223
0.41042
0.67346
0.56782
0.2712
0.32329
0.24926
0.17905
0.60334
0.5255
0.41261
0.3678
0.25805
0.28705
0.26372
0.18758
0.33853
0.30965
0.88428
0.82989
0.34193
0.39915
0.37207
0.73938
0.96761
0.83084
0.92596
0.93174
0.18497
0.28618
0.79704
0.75121
0.29844
0.27583
0.66028
0.67886
0.4099
0.48614
0.60973
0.57492
0.61279
0.68622
0.4125
0.59354
0.68193
0.58603
0.30937
0.18121
0.15006
0.09437
0.1016
0.05323
0.62454
0.60689
0.26333
0.16663
0.70429
0.72021
0.75211
0.75413
0.33506
0.47714
0.33171
0.3313
0.20348
0.07898
0.32163
0.30395
0.47188
0.322
0.34561
0.32984
0.48878
0.50131
0.88681
0.91825
0.91602
0.95022
0.56925
0.51423
0.48552
0.37948
0.56767
0.49669
0.49667
0.30721
0.53103
0.48523
0.20052
0.1689
0.93859
0.93325
0.90864
0.92185
0.34497
0.33682
0.79271
0.81789
0.73051
0.75036
0.43309
0.50234
0.41863
0.5623
0.3512
0.32492
0.55192
0.55534
0.45487
0.40507
0.74942
0.87007
0.25278
0.33712
0.51524
0.58777
0.57861
0.66451
0.38585
0.2738
0.73426
0.98044
0.3165
0.29337
0.33503
0.22646
0.70099
0.37867
0.58202
0.5377
0.91805
0.84898
0.38581
0.38136
0.31483
0.25161
0.89101
0.88202
0.0911
0.20219
0.44782
0.43715
0.07928
0.0682
0.52004
0.58129
0.53365
0.58153
0.30873
0.23925
0.31792
0.24137
0.66346
0.71503
0.87168
0.90404
0.48834
0.48959
0.96573
0.926
0.54875
0.62397
0.63704
0.78496
0.12808
0.10474
0.93983
0.81361
0.06621
0.08557
0.79119
0.89293
0.2047
0.1785
0.60705
0.33731
0.31878
0.22774
0.7541
0.77534
0.7234
0.78655
0.9245
0.93431
0.63556
0.65697
0.32433
0.36461
0.94726
0.98649
0.51391
0.26583
0.3098
0.35631
0.30022
0.41444
0.88145
0.82868
0.36213
0.41713
0.73206
0.69441
0.50018
0.50139
0.87045
0.845
0.59646
0.42705
0.5004
0.50133
0.44421
0.42369
0.81003
0.73841
0.80851
0.69695
0.27513
0.23606
0.24171
0.2611
0.49369
0.20925
0.37536
0.29455
0.3417
0.34449
0.18998
0.19221
0.3664
0.17593
0.69756
0.65567
0.36453
0.37177
0.3241
0.34742
0.24242
0.31793
0.69007
0.6503
0.6318
0.72867
0.48557
0.414
0.70774
0.72275
0.33241
0.31084
0.71915
0.78058
0.61396
0.57909
0.43021
0.34941
0.62951
0.60911
0.88908
0.86037
0.3449
0.58142
0.7867
0.84987
0.66186
0.67407
0.15856
0.18781
0.21176
0.26328
0.71248
0.81614
0.56576
0.34153
0.83605
0.84456
0.49545
0.4383
0.40922
0.34398
0.77791
0.78088
0.6237
0.45834
0.61417
0.51772
0.22329
0.17
0.49222
0.41202
0.15127
0.20356
0.61598
0.55013
0.5972
0.44746
0.6952
0.6521
0.78974
0.88634
0.15309
0.16765
0.82541
0.8647
0.52581
0.48198
0.82357
0.90761
0.63696
0.61274
0.68736
0.6499
0.27756
0.21989
0.95516
0.77792
0.51754
0.51686
0.73833
0.81201
0.73867
0.82889
0.19022
0.1992
0.65987
0.55419
0.95236
0.88989
0.40686
0.38662
0.50104
0.51354
0.47019
0.42399
0.41969
0.31116
0.28917
0.51103
0.26253
0.23883
0.20292
0.22172
0.27578
0.3206
0.81179
0.80215
0.51779
0.43809
0.30468
0.30832
0.26769
0.19406
0.62043
0.54255
0.29581
0.21494
0.48596
0.51424
0.38392
0.41192
0.56712
0.55949
0.78994
0.77343
0.27425
0.15652
0.6407
0.37848
0.79499
0.86906
0.92841
0.92679
0.36592
0.38367
0.61686
0.68876
0.60097
0.38087
0.72567
0.65224
0.99195
0.99372
0.2549
0.25529
0.97446
0.97387
0.4212
0.4619
0.50586
0.67311
0.44046
0.51411
0.52873
0.49616
0.2553
0.22017
0.7923
0.759
0.49756
0.77484
0.24677
0.22648
0.3281
0.66831
0.2158
0.10272
0.64224
0.47041
0.26572
0.34802
0.48038
0.40197
0.32248
0.47754
0.95324
0.2152
0.33396
0.25688
0.8085
0.64405
0.78524
0.70685
0.07409
0.09634
0.68016
0.78985
0.99326
0.82209
0.65725
0.51093
0.31982
0.41068
0.33012
0.19973
0.28463
0.27908
0.43993
0.49401
0.31108
0.23219
0.45575
0.34333
0.97054
0.95952
0.4574
0.47896
0.19123
0.02579
0.11523
0.17076
0.36304
0.38887
0.53853
0.6148
0.82445
0.80523
0.18644
0.08167
0.38615
0.26993
0.94183
0.79437
0.17132
0.1058
0.10628
0.12681
0.4733
0.47301
0.76517
0.85276
0.50473
0.45925
0.4105
0.27173
0.31744
0.34345
0.47801
0.49614
0.74662
0.7638
0.71835
0.76413
0.77163
0.62338
0.71242
0.5807
0.40436
0.57325
0.54248
0.60157
0.23695
0.2879
0.1955
0.27996
0.46062
0.42834
0.92311
0.91778
0.29381
0.24009
0.12343
0.20501
0.11184
0.09977
0.08419
0.11078
0.28989
0.23497
0.50266
0.54399
0.92471
0.93118
0.11238
0.1317
0.21713
0.203
0.28894
0.30244
0.41254
0.47153
0.33956
0.15667
0.32699
0.18308
0.29693
0.3083
0.68555
0.76593
0.37475
0.54433
0.91458
0.93041
0.85594
0.28169
0.34381
0.2175
0.18357
0.3878
0.36729
0.46088
0.26473
0.27327
0.31155
0.43701
0.57006
0.63043
0.7478
0.6304
0.47079
0.45454
0.52214
0.41905
0.05271
0.06824
0.62099
0.49982
0.07366
0.13188
0.85025
0.88441
0.31838
0.42953
0.98668
0.43262
0.34094
0.23039
0.6202
0.47511
0.60952
0.52552
0.41365
0.41166
0.83704
0.84858
0.87549
0.95911
0.9082
0.89932
0.72776
0.64898
0.35828
0.47252
0.97648
0.98721
0.98498
0.97918
0.38602
0.3445
0.06255
0.12014
0.57208
0.63877
0.5764
0.81395
0.01938
0.02283
0.38788
0.37066
0.5338
0.409
0.26811
0.2565
0.58848
0.67429
0.57198
0.61838
0.16271
0.13933
0.40975
0.27271
0.05434
0.09517
0.49827
0.4579
0.45717
0.58575
0.30614
0.28245
0.65182
0.86373
0.13867
0.06819
0.49766
0.42652
0.26953
0.49397
0.49853
0.594
0.29941
0.16765
0.89272
0.95913
0.51763
0.52457
0.44519
0.46442
0.54691
0.40428
0.44787
0.76314
0.18003
0.20287
0.70698
0.59204
0.18695
0.09258
0.48712
0.70779
0.32487
0.1731
0.44759
0.26623
0.46555
0.37902
0.07903
0.02732
0.75839
0.74335
0.28692
0.3229
0.76191
0.86227
0.2687
0.37333
0.35904
0.17486
0.60498
0.58857
0.95797
0.94879
0.52355
0.42906
0.39293
0.33371
0.48026
0.48367
0.09253
0.0867
0.34384
0.32422
0.23243
0.24935
0.69783
0.72296
0.4197
0.32178
0.30122
0.10021
0.03601
0.01739
0.11635
0.23079
0.76904
0.60072
0.67375
0.66526
0.50728
0.52443
0.73758
0.84675
0.90365
0.81943
0.50057
0.29432
0.85434
0.88686
0.46284
0.52203
0.22111
0.26601
0.1109
0.21225
0.91037
0.94649
0.72016
0.70059
0.0861
0.06204
0.10175
0.23256
0.20332
0.14131
0.09774
0.06587
0.36302
0.24939
0.5396
0.50961
0.17402
0.13572
0.30665
0.39456
0.21612
0.16078
0.8028
0.88367
0.16192
0.17655
0.26546
0.2586
0.77688
0.81637
0.40717
0.53449
0.66422
0.6586
0.71466
0.56237
0.16711
0.09758
0.46105
0.37236
0.92316
0.93241
0.21492
0.12573
0.63647
0.71853
0.28718
0.21532
0.82523
0.78252
0.32348
0.36978
0.95477
0.96482
0.94827
0.94446
0.30713
0.29948
0.71567
0.77115
0.75574
0.58625
0.96186
0.96446
0.36977
0.30177
0.46806
0.30136
0.20314
0.30084
0.10799
0.37521
0.03494
0.03924
0.203
0.24969
0.28869
0.216
0.1915
0.13708
0.17575
0.51863
0.80925
0.5384
0.87749
0.90095
0.0672
0.08778
0.35504
0.32287
0.03557
0.0391
0.60487
0.70326
0.15988
0.13089
0.34507
0.40632
0.21243
0.14938
0.40625
0.48716
0.84405
0.78833
0.09127
0.07339
0.23539
0.27655
0.76399
0.7453
0.24905
0.33483
0.11957
0.09808
0.24047
0.18633
0.61148
0.51421
0.97892
0.9768
0.39222
0.56574
0.99382
0.99608
0.57378
0.64669
0.39282
0.4092
0.60379
0.514
0.98107
0.98108
0.35826
0.36576
0.79407
0.89098
0.31231
0.28637
0.20741
0.16025
0.2787
0.31298
0.2405
0.11693
0.68526
0.6154
0.30642
0.51091
0.54299
0.65576
0.92591
0.80364
0.99001
0.99575
0.58252
0.47056
0.35689
0.3804
0.85922
0.87355
0.18887
0.4237
0.14648
0.12033
0.61965
0.55468
0.6429
0.62244
0.60666
0.69974
0.16703
0.12094
0.45018
0.33224
0.14176
0.16966
0.32059
0.22351
0.54927
0.59892
0.46005
0.37661
0.51461
0.40993
0.73608
0.80185
0.48576
0.70474
0.33774
0.22919
0.70871
0.14023
0.19912
0.35013
0.31793
0.13578
0.22698
0.19577
0.34906
0.24642
0.67847
0.58649
0.20239
0.15681
0.65111
0.57412
0.54451
0.56135
0.13047
0.07843
0.55273
0.57683
0.46058
0.45373
0.97295
0.95686
0.31087
0.2722
0.61652
0.61089
0.20448
0.38412
0.33033
0.42793
0.40187
0.42425
0.40917
0.46243
0.74688
0.75031
0.64426
0.57412
0.19535
0.10539
0.07232
0.06321
0.06296
0.04497
0.47015
0.52301
0.37725
0.33639
0.71669
0.65668
0.38286
0.37291
0.05238
0.05076
0.27254
0.42781
0.07666
0.3817
0.50874
0.48801
0.59632
0.69829
0.75417
0.78772
0.05076
0.06613
0.95142
0.8868
0.93522
0.94258
0.38792
0.17947
0.36158
0.26085
0.37276
0.33804
0.89116
0.91132
0.10744
0.13814
0.92576
0.90556
0.72359
0.53689
0.75093
0.66895
0.72874
0.82988
0.73195
0.75976
0.15249
0.05119
0.1244
0.22103
0.77479
0.60682
0.27737
0.35338
0.76126
0.64301
0.96987
0.96659
0.17483
0.21609
0.54944
0.59452
0.98856
0.68828
0.59454
0.62656
0.23644
0.15681
0.28357
0.32541
0.40981
0.36888
0.1655
0.17571
0.9711
0.97267
0.99242
0.98837
0.33011
0.08262
0.35986
0.28327
0.20341
0.1062
0.2906
0.48182
0.3437
0.34977
0.73769
0.81536
0.33929
0.32
0.29984
0.36228
0.36555
0.21506
0.65778
0.49174
0.33893
0.24528
0.38575
0.32221
0.44862
0.35789
0.4288
0.38433
0.30864
0.36072
0.29428
0.3293
0.63252
0.83698
0.93703
0.92863
0.30066
0.32422
0.78298
0.84564
0.35203
0.18082
0.9453
0.93486
0.07997
0.13758
0.38658
0.49475
0.0924
0.11585
0.19153
0.26353
0.81648
0.70997
0.44425
0.36291
0.41405
0.45963
0.10059
0.1151
0.07517
0.07357
0.63644
0.77824
0.58363
0.83162
0.70991
0.40549
0.49458
0.401
0.33403
0.24047
0.2831
0.30195
0.2557
0.19284
0.56232
0.63897
0.27228
0.16777
0.23635
0.30241
0.91445
0.70261
0.20115
0.16746
0.2161
0.137
0.25297
0.1327
0.55102
0.3235
0.27791
0.23872
0.66809
0.64014
0.93696
0.82524
0.39985
0.57133
0.35997
0.26771
0.40128
0.36019
0.11106
0.17095
0.05892
0.0377
0.29274
0.30741
0.15716
0.12159
0.66865
0.6465
0.16845
0.14184
0.44324
0.28426
0.4301
0.28082
0.47255
0.45238
0.46887
0.46547
0.56191
0.61081
0.76798
0.7742
0.05403
0.03855
0.61303
0.96454
0.6388
0.63832
0.6254
0.70711
0.25183
0.16689
0.24403
0.34398
0.5007
0.28292
0.61428
0.61531
0.80855
0.8766
0.60733
0.56959
0.67326
0.60261
0.1759
0.21189
0.83299
0.83146
0.81071
0.79473
0.33406
0.79716
0.31203
0.33855
0.98245
0.98434
0.92173
0.57267
0.69903
0.69119
0.21381
0.2573
0.69036
0.65154
0.37837
0.24948
0.20051
0.26176
0.3463
0.34571
0.21823
0.38778
0.56408
0.54282
0.40397
0.12149
0.24136
0.62763
0.40679
0.47755
0.31913
0.22418
0.46601
0.51395
0.40328
0.4259
0.68942
0.77112
0.81634
0.88832
0.64214
0.45907
0.59877
0.70901
0.92146
0.93149
0.33553
0.35835
0.96806
0.98716
0.14676
0.23588
0.12129
0.11719
0.30945
0.34537
0.23814
0.21881
0.38114
0.37433
0.53758
0.64979
0.16497
0.11721
0.0674
0.04563
0.34779
0.48143
0.74013
0.73696
0.84877
0.76839
0.20651
0.17981
0.46528
0.34472
0.29032
0.49427
0.58416
0.60425
0.75858
0.81923
0.92234
0.91366
0.14139
0.24803
0.43547
0.40554
0.57133
0.55895
0.43791
0.55565
0.79348
0.67682
0.5415
0.51558
0.78181
0.71058
0.09381
0.04398
0.79655
0.8624
0.56052
0.54962
0.09423
0.11194
0.97895
0.97852
0.15712
0.2071
0.36784
0.41109
0.16754
0.08889
0.35974
0.41764
0.46173
0.2277
0.67614
0.62212
0.53307
0.39459
0.39346
0.49757
0.19196
0.3393
0.97971
0.97927
0.54223
0.58902
0.59545
0.55285
0.09043
0.1586
0.8425
0.96135
0.80509
0.78305
0.88926
0.81182
0.59645
0.51413
0.38945
0.59879
0.99657
0.99655
0.56676
0.545
0.90302
0.90858
0.43841
0.42165
0.43421
0.34881
0.07854
0.19422
0.3168
0.26234
0.31532
0.28
0.54627
0.57727
0.67556
0.7735
0.39356
0.23872
0.55
0.72769
0.08863
0.12507
0.95522
0.80375
0.2707
0.39298
0.61679
0.68556
0.54311
0.4081
0.21488
0.11351
0.4725
0.61128
0.33231
0.20346
0.83041
0.79852
0.26023
0.38104
0.5403
0.68335
0.11307
0.16205
0.41712
0.29535
0.10178
0.26453
0.52564
0.71985
0.37871
0.3446
0.09562
0.47767
0.21952
0.19849
0.51527
0.44621
0.11161
0.05411
0.77208
0.86905
0.6135
0.67662
0.82582
0.89624
0.77113
0.77804
0.18648
0.13198
0.26835
0.28158
0.23893
0.25191
0.42068
0.25307
0.70765
0.71345
0.37071
0.2787
0.41697
0.3028
0.30387
0.22861
0.46633
0.34365
0.24365
0.24238
0.03721
0.04942
0.16323
0.18576
0.18989
0.08615
0.61876
0.60907
0.09577
0.06121
0.24566
0.27015
0.71281
0.77609
0.8172
0.82079
0.35428
0.43291
0.25216
0.19075
0.37154
0.40837
0.37694
0.3007
0.33572
0.27422
0.2915
0.3019
0.54742
0.60286
0.27262
0.28293
0.72203
0.81833
0.38227
0.1991
0.77068
0.76983
0.39524
0.42168
0.29693
0.12195
0.96415
0.96608
0.52143
0.44027
0.79797
0.78844
0.11494
0.12498
0.35162
0.34412
0.48372
0.36552
0.30154
0.24543
0.04818
0.96377
0.10891
0.12882
0.59984
0.59106
0.27211
0.27729
0.94325
0.93974
0.22207
0.17408
0.16067
0.1994
0.1236
0.17285
0.30529
0.09689
0.30144
0.16263
0.46762
0.55895
0.42647
0.66846
0.88727
0.82795
0.28135
0.24539
0.17647
0.19663
0.48414
0.63497
0.20354
0.34246
0.38607
0.43567
0.49027
0.48326
0.6981
0.61691
0.9115
0.92868
0.58443
0.5436
0.92085
0.85939
0.59473
0.71049
0.60833
0.9861
0.52186
0.57101
0.75558
0.71793
0.93558
0.89796
0.46309
0.48514
0.35696
0.29243
0.96615
0.96366
0.58883
0.61879
0.46311
0.52289
0.57611
0.508
0.36919
0.47813
0.35638
0.20299
0.39253
0.31885
0.36666
0.67684
0.10809
0.11977
0.59885
0.70848
0.99442
0.99231
0.30806
0.36439
0.41217
0.68404
0.27476
0.3212
0.29638
0.23268
0.96587
0.97194
0.75887
0.69075
0.29482
0.32088
0.04738
0.09435
0.17478
0.21864
0.38935
0.56692
0.64121
0.65563
0.84331
0.9153
0.40493
0.37855
0.391
0.60528
0.2168
0.21988
0.46811
0.45385
0.87164
0.88291
0.3891
0.42117
0.53198
0.44719
0.71494
0.85746
0.7475
0.84318
0.21026
0.1812
0.26034
0.22597
0.56955
0.68114
0.44366
0.43969
0.08268
0.04705
0.19656
0.22283
0.26342
0.31835
0.65056
0.69162
0.23495
0.37105
0.86951
0.89537
0.60627
0.61339
0.27587
0.29443
0.41406
0.58152
0.71361
0.67668
0.10441
0.11015
0.66711
0.45816
0.8943
0.81625
0.25254
0.34673
0.97165
0.97641
0.43094
0.29852
0.30961
0.23057
0.67797
0.64173
0.55653
0.37408
0.7361
0.65463
0.52704
0.55002
0.67845
0.59662
0.54391
0.55914
0.90095
0.79826
0.60653
0.45708
0.95982
0.98275
0.46749
0.3909
0.65339
0.69553
0.46459
0.73937
0.80501
0.88919
0.0966
0.09748
0.42172
0.34478
0.60887
0.78622
0.88391
0.95254
0.99364
0.99445
0.98067
0.94678
0.43947
0.34745
0.5737
0.47641
0.34806
0.41459
0.03957
0.07128
0.53915
0.37975
0.95538
0.9504
0.93441
0.9225
0.07709
0.71213
0.9283
0.94271
0.92756
0.93645
0.4646
0.53834
0.46322
0.66751
0.14578
0.29124
0.46609
0.32261
0.34567
0.30949
0.20539
0.22812
0.37722
0.32
0.93232
0.94863
0.09298
0.12758
0.11713
0.11724
0.33411
0.34002
0.44785
0.30889
0.42758
0.44623
0.44027
0.54874
0.6227
0.65251
0.42499
0.34386
0.14616
0.43178
0.24115
0.2255
0.97143
0.9185
0.14501
0.19683
0.7275
0.69791
0.79695
0.79733
0.75314
0.81563
0.8956
0.92308
0.98658
0.99492
0.92707
0.81239
0.363
0.46647
0.40698
0.32446
0.47608
0.28903
0.64504
0.64732
0.23329
0.20814
0.66394
0.74937
0.53588
0.26598
0.84111
0.85303
0.45559
0.76683
0.94525
0.88181
0.43279
0.3773
0.43313
0.33214
0.57302
0.46975
0.06956
0.10515
0.11555
0.14017
0.47934
0.53094
0.54007
0.47369
0.15698
0.23101
0.57417
0.68796
0.3512
0.188
0.04692
0.03391
0.21638
0.89437
0.57882
0.33762
0.7113
0.7003
0.63524
0.84254
0.36682
0.42524
0.76352
0.39892
0.75757
0.76832
0.18387
0.16197
0.4917
0.29132
0.20943
0.34818
0.03363
0.05842
0.44427
0.4917
0.30519
0.4329
0.10455
0.22194
0.35426
0.44013
0.19681
0.19063
0.17543
0.2176
0.47752
0.29707
0.12504
0.11448
0.31931
0.26354
0.26932
0.28119
0.64041
0.52851
0.95018
0.93413
0.76983
0.82793
0.25742
0.21299
0.07019
0.13093
0.09991
0.17603
0.26688
0.14625
0.51158
0.54924
0.80073
0.9828
0.05023
0.07546
0.29878
0.33009
0.5441
0.45951
0.99144
0.98384
0.72984
0.69435
0.19093
0.11698
0.16424
0.20844
0.10131
0.03441
0.1398
0.14749
0.44335
0.62157
0.55371
0.70004
0.35053
0.39932
0.0861
0.0677
0.17084
0.50687
0.29278
0.60399
0.55843
0.54437
0.17552
0.34201
0.46933
0.54078
0.50219
0.33568
0.84701
0.72249
0.48008
0.64383
0.19345
0.15336
0.38054
0.36186
0.42306
0.70203
0.19815
0.15379
0.39231
0.35501
0.90425
0.91286
0.35225
0.45606
0.18865
0.28265
0.5795
0.56504
0.2611
0.1428
0.3766
0.36241
0.22415
0.29584
0.15862
0.16717
0.21104
0.34627
0.23144
0.23394
0.07457
0.35352
0.50229
0.50501
0.45206
0.44462
0.18998
0.33585
0.06672
0.03663
0.33971
0.12462
0.97126
0.93923
0.04476
0.05899
0.18569
0.18799
0.56847
0.40257
0.19159
0.11975
0.21717
0.20385
0.04183
0.09524
0.63932
0.34514
0.03454
0.02759
0.18365
0.37704
0.40958
0.44626
0.41669
0.3772
0.99261
0.96698
0.70651
0.60112
0.07559
0.08117
0.59582
0.86298
0.46329
0.52222
0.95919
0.96729
0.60775
0.97443
0.92225
0.487
0.51963
0.46444
0.27341
0.16311
0.51278
0.65607
0.21532
0.20261
0.47974
0.46792
0.30425
0.48944
0.20696
0.13437
0.75388
0.82387
0.63829
0.55212
0.28922
0.80705
0.28514
0.42971
0.09755
0.25899
0.20653
0.95415
0.35506
0.46132
0.7555
0.524
0.45959
0.40981
0.10464
0.11215
0.74985
0.81422
0.15365
0.17733
0.26104
0.25442
0.57805
0.57105
0.10077
0.20107
0.32626
0.4114
0.3119
0.60363
0.1529
0.23303
0.32957
0.59617
0.63836
0.70183
0.51505
0.04136
0.9835
0.97975
0.51655
0.50386
0.2004
0.10429
0.22563
0.12838
0.50898
0.30106
0.15148
0.18029
0.27716
0.37635
0.37147
0.67747
0.15635
0.29481
0.16317
0.09475
0.09204
0.14979
0.31295
0.35299
0.60186
0.63029
0.24298
0.25533
0.56721
0.51895
0.17189
0.24516
0.50584
0.46226
0.29386
0.31224
0.61421
0.66928
0.71963
0.85714
0.74339
0.88166
0.56765
0.56982
0.6364
0.44465
0.71436
0.51911
0.21881
0.27932
0.32654
0.37014
0.31162
0.22767
0.06956
0.06469
0.73083
0.64138
0.11585
0.08402
0.51659
0.34939
0.1862
0.14144
0.30355
0.26436
0.11974
0.08603
0.24967
0.60815
0.53659
0.38694
0.4883
0.08278
0.93612
0.94022
0.70518
0.98106
0.06151
0.05464
0.6411
0.56343
0.31017
0.41421
0.22513
0.28083
0.2907
0.29105
0.4182
0.1698
0.04755
0.05504
0.21194
0.18442
0.07107
0.07346
0.07471
0.04027
0.2791
0.25749
0.62647
0.49036
0.39915
0.51804
0.04424
0.08295
0.62489
0.57172
0.0845
0.10172
0.33564
0.57757
0.0445
0.02894
0.7925
0.64075
0.13883
0.19836
0.20996
0.15577
0.33443
0.14294
0.23994
0.06709
0.40954
0.24074
0.09457
0.09816
0.17173
0.39319
0.36765
0.2006
0.72717
0.47551
0.80435
0.88779
0.65277
0.52094
0.3128
0.25074
0.08782
0.145
0.27955
0.46158
0.94786
0.98346
0.29354
0.24644
0.08566
0.04912
0.03993
0.03713
0.23953
0.23291
0.16118
0.25056
0.29365
0.34256
0.47182
0.37044
0.43021
0.43782
0.4739
0.55825
0.47212
0.29668
0.34553
0.43601
0.05064
0.05086
0.32225
0.35816
0.4315
0.38213
0.24292
0.20115
0.22967
0.45082
0.32204
0.44463
0.13277
0.238
0.59889
0.63334
0.67099
0.69454
0.27128
0.24305
0.19033
0.15776
0.15197
0.13122
0.6128
0.63428
0.62903
0.63341
0.52559
0.54688
0.80902
0.47616
0.03389
0.06143
0.66359
0.57888
0.32111
0.2273
0.96035
0.29339
0.67741
0.67794
0.58834
0.40537
0.85672
0.77191
0.4266
0.82227
0.14096
0.13357
0.23109
0.26771
0.47253
0.35945
0.11007
0.15071
0.12478
0.07538
0.43161
0.60413
0.38042
0.29667
0.37129
0.20566
0.21287
0.18442
0.09986
0.07398
0.61082
0.5968
0.97454
0.97748
0.28669
0.20116
0.10314
0.11585
0.83549
0.76282
0.04621
0.05961
0.14076
0.08613
0.07581
0.25612
0.16112
0.14218
0.4543
0.26054
0.06775
0.14368
0.27873
0.40205
0.17811
0.18871
0.50643
0.6248
0.09324
0.06031
0.12111
0.21718
0.98279
0.98631
0.13897
0.19606
0.71312
0.35443
0.47754
0.4635
0.95793
0.93724
0.26994
0.19264
0.34023
0.53658
0.14426
0.99185
0.14106
0.12638
0.18916
0.23684
0.19591
0.22204
0.27322
0.1389
0.99616
0.98853
0.32483
0.1703
0.53622
0.25382
0.40698
0.22135
0.97971
0.99
0.6303
0.52109
0.08111
0.10859
0.62861
0.81126
0.60323
0.47449
0.56384
0.68193
0.41373
0.43222
0.3893
0.30174
0.27328
0.2783
0.01861
0.02441
0.44493
0.45763
0.41292
0.44468
0.13652
0.21499
0.32063
0.39778
0.30572
0.33693
0.27027
0.47861
0.32205
0.27354
0.92355
0.94162
0.70014
0.33326
0.37711
0.25746
0.46796
0.32278
0.85205
0.75179
0.35858
0.35873
0.16498
0.10109
0.21253
0.29419
0.15137
0.20976
0.73766
0.78001
0.31572
0.42602
0.47765
0.60264
0.87382
0.80113
0.82315
0.63562
0.54805
0.27753
0.23829
0.05405
0.55664
0.31575
0.24602
0.22499
0.08299
0.11614
0.32367
0.26513
0.24787
0.15896
0.37158
0.44821
0.06056
0.03579
0.0888
0.0812
0.09096
0.10939
0.15382
0.17249
0.60285
0.61092
0.22214
0.23492
0.25656
0.30273
0.52356
0.51071
0.46426
0.38502
0.09748
0.14139
0.68139
0.67446
0.44957
0.33127
0.23516
0.36426
0.05507
0.07371
0.17324
0.12794
0.06302
0.3139
0.27687
0.29394
0.11765
0.28364
0.36939
0.34238
0.17978
0.14208
0.68234
0.56205
0.12274
0.10174
0.09187
0.03494
0.02802
0.03615
0.73142
0.73734
0.17951
0.10921
0.22251
0.24937
0.33024
0.12476
0.06354
0.09448
0.7122
0.42814
0.23087
0.1382
0.33577
0.37736
0.21792
0.30786
0.47721
0.16974
0.48851
0.5495