0.0486
0.07721
0.44549
0.46762
0.83738
0.4964
0.03427
0.14626
0.03508
0.04611
0.10466
0.23413
0.01586
0.01749
0.21167
0.29678
0.38817
0.35769
0.09043
0.06406
0.0234
0.08223
0.00822
0.01172
0.02654
0.1621
0.00284
0.0034
0.00328
0.02379
0.99135
0.89088
0.03689
0.06242
0.16054
0.21621
0.92245
0.86173
0.12091
0.46234
0.03503
0.03404
0.11617
0.03927
0.95667
0.99312
0.58685
0.3393
0.00999
0.00978
0.0082
0.0301
0.22746
0.30499
0.1066
0.1225
0.17603
0.14521
0.15982
0.26192
0.74019
0.62746
0.01386
0.01621
0.33019
0.47213
0.24005
0.06254
0.03393
0.03891
0.43608
0.59344
0.00506
0.00697
0.32248
0.82342
0.0129
0.00726
0.11889
0.57153
0.04892
0.23107
0.00663
0.00457
0.94373
0.89972
0.04628
0.00644
0.77092
0.63891
0.10821
0.0775
0.04469
0.04233
0.79674
0.77783
0.03766
0.03446
0.16038
0.28726
0.07624
0.12983
0.1443
0.11643
0.44781
0.36469
0.00935
0.01415
0.12804
0.11916
0.27733
0.15148
0.12643
0.51059
0.70345
0.71936
0.23512
0.23782
0.08923
0.27231
0.02408
0.03022
0.43004
0.39934
0.62067
0.88984
0.42144
0.59904
0.60718
0.86131
0.00277
0.00177
0.09591
0.44756
0.03709
0.03449
0.05879
0.00775
0.7687
0.30323
0.11248
0.12729
0.0175
0.02331
0.4173
0.57293
0.08607
0.09116
0.05125
0.23461
0.02398
0.01485
0.66359
0.24095
0.20593
0.06475
0.22754
0.52609
0.0755
0.26618
0.04984
0.06896
0.01735
0.02222
0.67366
0.17832
0.01086
0.01692
0.06454
0.05825
0.01603
0.02051
0.10516
0.09162
0.86993
0.48344
0.09506
0.05065
0.02227
0.02186
0.7872
0.72638
0.11995
0.48633
0.21225
0.25682
0.09197
0.04175
0.00663
0.01179
0.00569
0.02107
0.00711
0.00621
0.86957
0.52433
0.29328
0.08908
0.00214
0.00234
0.18824
0.61597
0.08405
0.44351
0.88395
0.82289
0.0079
0.00892
0.07183
0.08235
0.17112
0.1051
0.49275
0.54641
0.07722
0.41578
0.06819
0.1195
0.08267
0.05729
0.2117
0.44236
0.03776
0.03528
0.94209
0.57812
0.0334
0.04327
0.49723
0.37856
0.104
0.01935
0.00582
0.01094
0.04772
0.03072
0.01585
0.00904
0.01167
0.0111
0.30881
0.27646
0.01365
0.01444
0.02375
0.01991
0.76822
0.82217
0.02746
0.041
0.02999
0.01702
0.6493
0.21633
0.09251
0.35772
0.90074
0.90256
0.13232
0.13426
0.46264
0.13604
0.2773
0.19465
0.06795
0.26945
0.32199
0.02985
0.11483
0.47606
0.77848
0.24851
0.26533
0.22095
0.35728
0.66036
0.56878
0.62922
0.07681
0.09213
0.84564
0.74301
0.31508
0.71215
0.13784
0.13694
0.01048
0.0109
0.00614
0.00959
0.02808
0.04077
0.05161
0.02477
0.02556
0.20514
0.41931
0.18179
0.08338
0.04039
0.01233
0.01516
0.13783
0.11653
0.13467
0.10933
0.00451
0.00942
0.09034
0.13074
0.07318
0.10335
0.66915
0.7245
0.75288
0.64467
0.17677
0.30717
0.11025
0.20202
0.13638
0.08754
0.01449
0.02299
0.00251
0.00233
0.50772
0.08792
0.59497
0.7137
0.29174
0.39035
0.15269
0.75064
0.04721
0.04269
0.99118
0.92653
0.00426
0.004
0.0021
0.00504
0.08107
0.07635
0.73631
0.62206
0.3568
0.30079
0.36492
0.20408
0.06484
0.106
0.15364
0.05844
0.18908
0.11744
0.029
0.01631
0.00604
0.01104
0.02227
0.01476
0.09736
0.06352
0.05758
0.06226
0.16804
0.28981
0.03759
0.05559
0.04767
0.05736
0.05448
0.07921
0.02294
0.01674
0.13929
0.12814
0.07885
0.28233
0.08747
0.09396
0.0607
0.06839
0.06078
0.13443
0.01053
0.02707
0.072
0.0578
0.16755
0.09328
0.04509
0.02885
0.1404
0.12091
0.19618
0.60131
0.13822
0.02189
0.03235
0.02553
0.10279
0.16041
0.97561
0.89027
0.55853
0.15362
0.01234
0.00893
0.07329
0.06319
0.00222
0.00139
0.37195
0.61691
0.09627
0.04937
0.02673
0.16124
0.32271
0.46358
0.0778
0.06693
0.56459
0.66033
0.00739
0.01461
0.1286
0.17827
0.04041
0.02932
0.00417
0.00424
0.28267
0.37309
0.32948
0.37148
0.04173
0.03916
0.16085
0.21335
0.4465
0.23767
0.01625
0.00949
0.07148
0.08203
0.00725
0.01488
0.17293
0.13793
0.31934
0.74761
0.23929
0.10011
0.02023
0.019
0.76387
0.20817
0.42434
0.22447
0.30357
0.0679
0.00691
0.01032
0.03735
0.05691
0.04844
0.03507
0.05207
0.05856
0.04653
0.06429
0.13444
0.21224
0.00025
0.00063
0.25353
0.16081
0.04019
0.05715
0.68641
0.58056
0.2873
0.27128
0.10427
0.09367
0.14572
0.134
0.08187
0.03141
0.00675
0.01281
0.02228
0.00443
0.06023
0.05095
0.07357
0.0392
0.61985
0.70612
0.00444
0.00454
0.029
0.09887
0.05559
0.0239
0.01128
0.02791
0.02231
0.0136
0.01335
0.03796
0.03786
0.02556
0.02642
0.0239
0.78312
0.55922
0.01383
0.01425
0.04781
0.043
0.01267
0.00159
0.33402
0.03747
0.01241
0.01284
0.99783
0.99741
0.40339
0.30025
0.39448
0.26766
0.96952
0.87056
0.10057
0.11273
0.97942
0.87434
0.14935
0.17189
0.65765
0.54504
0.07248
0.05905
0.38179
0.48613
0.06955
0.08748
0.04126
0.05866
0.05755
0.02655
0.04435
0.02786
0.19838
0.05701
0.67673
0.64483
0.89766
0.31624
0.01063
0.00615
0.02346
0.01591
0.0192
0.03361
0.95008
0.70539
0.23728
0.78614
0.20388
0.04607
0.00751
0.00514
0.1036
0.04902
0.41745
0.35555
0.07113
0.08978
0.02415
0.01502
0.00553
0.01142
0.00336
0.00447
0.61835
0.47006
0.5603
0.56211
0.02498
0.02585
0.03694
0.0599
0.07161
0.01473
0.41551
0.34382
0.13111
0.09604
0.08148
0.14847
0.38226
0.23746
0.03345
0.02562
0.02062
0.02438
0.01081
0.0134
0.01894
0.01314
0.01893
0.06943
0.02462
0.01343
0.00344
0.00266
0.31476
0.2266
0.06047
0.06449
0.02043
0.13685
0.01242
0.01956
0.01963
0.01306
0.04098
0.0288
0.01393
0.01339
0.07308
0.10635
0.06019
0.06503
0.0922
0.04468
0.03923
0.23382
0.0519
0.2983
0.01516
0.02157
0.09625
0.11077
0.0268
0.09148
0.02867
0.03046
0.04057
0.02816
0.11372
0.02311
0.9714
0.89325
0.97623
0.83083
0.08438
0.0336
0.04353
0.03009
0.06436
0.06162
0.00925
0.06515
0.49662
0.50017
0.00891
0.00772
0.08756
0.06201
0.00385
0.00399
0.05261
0.03198
0.03202
0.00913
0.02783
0.03251
0.00313
0.00425
0.99883
0.99572
0.09506
0.01786
0.75629
0.28938
0.68547
0.67997
0.04198
0.02637
0.00738
0.00661
0.09668
0.0813
0.53608
0.35385
0.524
0.34714
0.23459
0.13616
0.17376
0.12519
0.50697
0.46155
0.01972
0.02202
0.00413
0.0045
0.03634
0.06679
0.24212
0.29036
0.00447
0.00361
0.5373
0.38316
0.89067
0.80504
0.09236
0.11463
0.23003
0.28051
0.10771
0.04985
0.86747
0.93761
0.54803
0.29462
0.01749
0.02734
0.01205
0.01401
0.05375
0.07353
0.98344
0.83597
0.02869
0.03423
0.3556
0.11799
0.40144
0.74317
0.00484
0.00325
0.45906
0.41177
0.01058
0.01768
0.14684
0.14755
0.06337
0.03804
0.32705
0.49255
0.21162
0.07768
0.36995
0.51569
0.98891
0.72556
0.43069
0.69292
0.05665
0.05838
0.8754
0.56302
0.66042
0.90638
0.7376
0.52692
0.07112
0.19622
0.01766
0.01927
0.85691
0.68583
0.77389
0.48777
0.85296
0.91677
0.80878
0.20147
0.02564
0.05985
0.84536
0.73844
0.27924
0.21132
0.02257
0.31765
0.17782
0.36747
0.02747
0.04837
0.025
0.02517
0.00745
0.00851
0.03172
0.02353
0.04157
0.0538
0.09127
0.0634
0.95902
0.95869
0.83303
0.28194
0.38445
0.46068
0.19851
0.10218
0.71863
0.19319
0.11309
0.12587
0.30985
0.26511
0.96574
0.53262
0.57857
0.12957
0.00871
0.02154
0.09239
0.1398
0.12501
0.3175
0.04311
0.04671
0.64523
0.65694
0.40963
0.94325
0.13773
0.12331
0.39211
0.45616
0.89682
0.65794
0.02576
0.00582
0.00498
0.03618
0.39298
0.4792
0.02361
0.04822
0.00401
0.00207
0.00368
0.00959
0.09123
0.13071
0.21982
0.0578
0.04348
0.05861
0.14789
0.13288
0.06174
0.0437
0.90435
0.95837
0.10201
0.10479
0.02635
0.03297
0.71
0.6878
0.70853
0.83186
0.94588
0.93533
0.12906
0.07425
0.30785
0.62079
0.03201
0.0298
0.10824
0.0629
0.9282
0.78171
0.12048
0.0412
0.01579
0.02099
0.0243
0.01058
0.49214
0.51977
0.09284
0.17511
0.73214
0.44243
0.00377
0.00705
0.13977
0.45387
0.60415
0.32298
0.85044
0.8747
0.50173
0.45091
0.98395
0.98054
0.10585
0.13915
0.67743
0.44839
0.05542
0.03695
0.0662
0.07069
0.60677
0.59897
0.0729
0.4086
0.32219
0.29674
0.03856
0.01686
0.34721
0.26595
0.75247
0.34162
0.20214
0.17932
0.04765
0.03476
0.48524
0.35344
0.67479
0.92242
0.09855
0.07893
0.76496
0.37999
0.14405
0.23662
0.44257
0.51455
0.81943
0.8452
0.76457
0.79299
0.96468
0.79262
0.96054
0.85995
0.70121
0.0916
0.01599
0.03063
0.71333
0.69987
0.34138
0.53911
0.09402
0.02274
0.01386
0.0243
0.06888
0.06321
0.0262
0.03059
0.49645
0.53374
0.24991
0.26815
0.06328
0.05467
0.96788
0.72916
0.62178
0.37
0.84334
0.77181
0.09776
0.57249
0.89135
0.96372
0.22924
0.22121
0.01926
0.02245
0.06192
0.05619
0.01024
0.00502
0.01614
0.46627
0.17918
0.15167
0.99161
0.92453
0.28372
0.36697
0.09177
0.38184
0.74012
0.90589
0.43084
0.5844
0.28734
0.28706
0.16463
0.47665
0.02417
0.04886
0.81883
0.78137
0.07326
0.0123
0.05878
0.04094
0.00704
0.00381
0.83552
0.56085
0.87246
0.782
0.98346
0.9415
0.72613
0.33037
0.01642
0.01888
0.42092
0.31109
0.01959
0.0034
0.00547
0.00504
0.34868
0.66332
0.83335
0.97283
0.88707
0.87622
0.03544
0.02354
0.81059
0.76746
0.03562
0.03922
0.03894
0.04981
0.32114
0.38666
0.04126
0.06372
0.06155
0.05635
0.24514
0.35056
0.00168
0.00093
0.03444
0.04181
0.72003
0.66331
0.51239
0.11885
0.0916
0.05487
0.10537
0.06002
0.20218
0.12863
0.19463
0.69215
0.09156
0.0936
0.00765
0.01089
0.01325
0.00928
0.06396
0.05963
0.2753
0.05384
0.05709
0.05495
0.03648
0.02653
0.04166
0.05073
0.22889
0.07895
0.00281
0.00163
0.0261
0.1032
0.14914
0.31995
0.19741
0.09976
0.06201
0.21906
0.01792
0.0228
0.09241
0.01713
0.09706
0.15188
0.25923
0.22501
0.10811
0.07414
0.0061
0.00373
0.04658
0.07498
0.29059
0.30186
0.99036
0.96884
0.20437
0.032
0.04563
0.00743
0.0519
0.04196
0.43561
0.52668
0.02283
0.01335
0.98195
0.98385
0.28896
0.15015
0.11836
0.09029
0.00315
0.00405
0.03146
0.05219
0.00025
0.00017
0.11651
0.09633
0.01304
0.00879
0.01957
0.02654
0.01461
0.02185
0.01052
0.00982
0.65802
0.77294
0.02665
0.04019
0.38724
0.38735
0.10366
0.07456
0.00519
0.01469
0.16329
0.32391
0.00272
0.00253
0.15572
0.06019
0.80648
0.76199
0.0035
0.00764
0.0261
0.00742
0.14001
0.09534
0.00176
0.0013
0.06675
0.04539
0.59086
0.68996
0.07373
0.02486
0.33811
0.94496
0.02719
0.01799
0.09274
0.04647
0.34796
0.40938
0.06955
0.05644
0.16461
0.04859
0.42987
0.46631
0.97285
0.97087
0.43715
0.31126
0.07155
0.06273
0.02525
0.01927
0.98315
0.93281
0.34096
0.06887
0.92898
0.90772
0.04263
0.07312
0.01428
0.02104
0.01482
0.0114
0.06429
0.07094
0.12893
0.08843
0.0046
0.01239
0.01886
0.02273
0.05127
0.06639
0.00471
0.00183
0.03579
0.02956
0.28497
0.28825
0.04297
0.01881
0.04136
0.03023
0.0209
0.03145
0.25594
0.22194
0.07837
0.12973
0.00309
0.00383
0.03846
0.02328
0.07053
0.05111
0.70484
0.53961
0.08344
0.15958
0.00256
0.01684
0.02824
0.02903
0.12666
0.02236
0.96947
0.96308
0.89959
0.91525
0.03962
0.07213
0.31543
0.20923
0.08108
0.04731
0.00288
0.00489
0.01983
0.10343
0.03621
0.03076
0.67239
0.20789
0.6118
0.82338
0.08123
0.09862
0.90006
0.87339
0.00319
0.05927
0.18152
0.11306
0.09645
0.05623
0.45026
0.13605
0.03201
0.07868
0.08711
0.4119
0.12395
0.12062
0.22334
0.3639
0.26517
0.17257
0.18898
0.23771
0.14864
0.14904
0.23071
0.24553
0.10481
0.13998
0.14162
0.15354
0.09193
0.1473
0.96825
0.98333
0.86408
0.93175
0.01951
0.02882
0.03071
0.02043
0.02062
0.02332
0.17284
0.43794
0.08018
0.01903
0.0334
0.01727
0.02612
0.02386
0.37525
0.26725
0.16644
0.26211
0.012
0.03407
0.03912
0.0358
0.23977
0.31227
0.38564
0.42475
0.88798
0.29661
0.03247
0.05826
0.19364
0.27968
0.22414
0.19342
0.08485
0.09836
0.0097
0.01151
0.1164
0.11998
0.00518
0.00174
0.019
0.01811
0.00753
0.08572
0.42163
0.43186
0.30943
0.29035
0.03188
0.02589
0.05489
0.06661
0.21378
0.19737
0.0426
0.19022
0.01567
0.0149
0.0256
0.02021
0.71667
0.96497
0.10554
0.15526
0.00087
0.00126
0.06262
0.34472
0.01457
0.0757
0.05703
0.16714
0.48678
0.60903
0.82135
0.47267
0.0096
0.01008
0.26049
0.23588
0.0018
0.00092
0.94629
0.92742
0.01928
0.04791
0.00814
0.00468
0.06683
0.1061
0.11119
0.08704
0.01387
0.01435
0.57742
0.89896
0.01468
0.02527
0.03236
0.09713
0.39439
0.33579
0.98615
0.88064
0.30846
0.22738
0.02748
0.04042
0.90165
0.83107
0.3386
0.7789
0.40902
0.12452
0.09144
0.1323
0.02683
0.0254
0.76946
0.68552
0.07185
0.05616
0.00628
0.00384
0.00661
0.00858
0.07005
0.40072
0.04228
0.02471
0.74123
0.58584
0.00264
0.00268
0.24683
0.02693
0.21344
0.33542
0.16043
0.36466
0.02778
0.00563
0.04232
0.02394
0.70073
0.7525
0.98866
0.95898
0.90349
0.6002
0.0516
0.04583
0.2541
0.33124
0.09301
0.12632
0.45056
0.67663
0.02926
0.03201
0.06129
0.04816
0.02941
0.0257
0.39317
0.08354
0.78543
0.92464
0.04165
0.01083
0.858
0.93714
0.68498
0.61094
0.51174
0.13375
0.97673
0.97721
0.03038
0.02619
0.00948
0.00803
0.00409
0.02867
0.0149
0.02344
0.02917
0.03812
0.86538
0.82414
0.22482
0.07717
0.03844
0.02392
0.05755
0.34553
0.11191
0.51688
0.00869
0.01854
0.04387
0.03414
0.1572
0.15119
0.02204
0.01
0.02928
0.03588
0.01294
0.00402
0.00465
0.00582
0.2194
0.19917
0.64686
0.59593
0.01024
0.01381
0.60518
0.43464
0.01249
0.01367
0.00771
0.00642
0.01004
0.03347
0.21316
0.18459
0.33575
0.40418
0.15805
0.0651
0.09383
0.0647
0.03486
0.03946
0.01333
0.15389
0.18246
0.0235
0.05728
0.03349
0.87215
0.88577
0.03436
0.04387
0.06026
0.06291
0.00992
0.03519
0.08209
0.07203
0.04074
0.01668
0.13325
0.11008
0.03779
0.01536
0.05887
0.04221
0.12571
0.11322
0.02906
0.03439
0.06315
0.06659
0.02604
0.49111
0.1222
0.04767
0.00032
0.00055
0.13668
0.23264
0.01074
0.00724
0.01102
0.07352
0.01495
0.01112
0.19696
0.12802
0.03248
0.03969
0.20463
0.04543
0.32822
0.22407
0.01402
0.0155
0.00802
0.01491
0.00051
0.00026
0.42736
0.35976
0.00516
0.00599
0.04157
0.04272
0.02173
0.08446
0.05114
0.059
0.08457
0.03848
0.03786
0.03837
0.00258
0.00248
0.58725
0.30404
0.90013
0.5883
0.01053
0.01962
0.08949
0.09926
0.01399
0.00876
0.01144
0.01217
0.01384
0.01913
0.0039
0.00236
0.01412
0.01173
0.06355
0.01216
0.01648
0.01645
0.29434
0.3872
0.14253
0.09287
0.04872
0.02564
0.7327
0.90504
0.10067
0.02025
0.00476
0.00157
0.01191
0.01324
0.00267
0.00379
0.72824
0.51878
0.90742
0.76572
0.0136
0.03096
0.52688
0.62784
0.04246
0.06978
0.00353
0.0031
0.94349
0.83692
0.34939
0.25577
0.00092
0.00159
0.01622
0.01861
0.9333
0.67333
0.07494
0.04517
0.02406
0.03317
0.94162
0.73484
0.79539
0.95904
0.34099
0.31811
0.02727
0.03546
0.04428
0.02447
0.10336
0.1224
0.00024
0.00036
0.13291
0.09601
0.01151
0.01793
0.05105
0.03317
0.16262
0.15989
0.17366
0.1187
0.03382
0.06604
0.11079
0.04102
0.74618
0.53185
0.02552
0.03253
0.15937
0.13013
0.12717
0.15815
0.03944
0.22324
0.39296
0.42853
0.19031
0.52416
0.71543
0.28008
0.00064
0.00015
0.30022
0.06121
0.99806
0.99667
0.02947
0.04293
0.20444
0.24177
0.00746
0.0021
0.01138
0.00934
0.04108
0.05442
0.01627
0.03766
0.02083
0.10969
0.03963
0.05082
0.00294
0.00555
0.03179
0.02741
0.30272
0.37015
0.58536
0.46012
0.32518
0.39829
0.11784
0.1155
0.64562
0.45691
0.09137
0.09613
0.44368
0.51907
0.07498
0.25235
0.09716
0.10989
0.00536
0.00754
0.0232
0.01728
0.15514
0.29467
0.01309
0.04915
0.03711
0.02333
0.97555
0.9792
0.18259
0.19243
0.00131
0.00087
0.61233
0.57765
0.20001
0.21964
0.00549
0.00744
0.04419
0.00657
0.04847
0.05311
0.00943
0.01022
0.13246
0.11261
0.4973
0.18008
0.1227
0.02605
0.02205
0.01143
0.03958
0.12577
0.2854
0.30089
0.05038
0.06102
0.0066
0.0058
0.08195
0.06546
0.05635
0.12426
0.07549
0.03458
0.3184
0.33334
0.57049
0.52929
0.06453
0.06697
0.09597
0.12416
0.04535
0.04222
0.02636
0.01152
0.06071
0.05972
0.00437
0.0275
0.0209
0.01776
0.10497
0.06346
0.01949
0.02705
0.01764
0.01888
0.26416
0.47227
0.09043
0.29952
0.03263
0.02751
0.09627
0.22371
0.03235
0.0318
0.07255
0.07996
0.38805
0.28921
0.06944
0.10859
0.01835
0.02508
0.01369
0.01422
0.00323
0.00495
0.04151
0.05533
0.07665
0.04104
0.04285
0.04534
0.31773
0.28785
0.15368
0.23372
0.03085
0.06666
0.83353
0.88396
0.9954
0.98389
0.00198
0.0131
0.99825
0.99611
0.95138
0.83732
0.06371
0.07971
0.02161
0.01504
0.43524
0.65594
0.66113
0.55868
0.39835
0.67831
0.52758
0.15838
0.13432
0.15014
0.44369
0.27757
0.44705
0.40951
0.99951
0.99814
0.21851
0.20376
0.23055
0.0209
0.88703
0.48681
0.07645
0.06327
0.00434
0.00243
0.584
0.56674
0.09437
0.08631
0.03567
0.04475
0.09652
0.17391
0.67703
0.69881
0.0239
0.0364
0.51644
0.85888
0.21798
0.53938
0.04163
0.02721
0.94946
0.97843
0.06048
0.06007
0.01012
0.00891
0.19437
0.77278
0.29452
0.068
0.40431
0.05299
0.01527
0.01454
0.58167
0.80725
0.00595
0.03726
0.00252
0.00167
0.06957
0.08633
0.42133
0.55257
0.00495
0.00525
0.14293
0.41899
0.00772
0.00686
0.03749
0.02092
0.82771
0.78196
0.08537
0.56521
0.0361
0.03565
0.39489
0.58055
0.14664
0.1827
0.02023
0.05721
0.13439
0.169
0.61126
0.63589
0.19083
0.14384
0.00854
0.00922
0.12693
0.22643
0.03039
0.03064
0.0113
0.01269
0.01534
0.06039
0.16719
0.13168
0.01303
0.02244
0.02973
0.00245
0.29422
0.12819
0.66368
0.20348
0.14959
0.13953
0.04447
0.12931
0.00965
0.01785
0.27644
0.12023
0.616
0.25522
0.01509
0.00983
0.07539
0.25168
0.06639
0.07181
0.43673
0.36536
0.01874
0.02107
0.05665
0.05659
0.00927
0.02293
0.07091
0.19272
0.68671
0.70844
0.02644
0.04342
0.06236
0.30259
0.87955
0.60056
0.04255
0.01843
0.11079
0.07933
0.13713
0.0267
0.17093
0.76003
0.23889
0.19941
0.03102
0.00734
0.00444
0.00561
0.49071
0.69901
0.06933
0.09656
0.6623
0.32042
0.12995
0.04127
0.05219
0.02791
0.00456
0.00312
0.04467
0.043
0.1024
0.12144
0.05315
0.08559
0.26527
0.32973
0.37112
0.29344
0.03186
0.0205
0.16253
0.04558
0.01511
0.09278
0.95446
0.78592
0.41288
0.34953
0.00937
0.01462
0.5831
0.55572
0.00457
0.02899
0.03304
0.00925
0.00955
0.00726
0.25919
0.58479
0.03693
0.02018
0.51751
0.50624
0.08367
0.30854
0.03242
0.05429
0.01498
0.02074
0.56111
0.19992
0.46957
0.39584
0.16425
0.40635
0.00562
0.01353
0.01001
0.00948
0.91035
0.86185
0.02852
0.1401
0.00971
0.01763
0.1617
0.20087
0.11387
0.25844
0.1261
0.22037
0.00539
0.02064
0.17858
0.10665
0.15994
0.13245
0.35886
0.26593
0.45547
0.75999
0.0362
0.04425
0.29321
0.08763
0.10563
0.01837
0.22141
0.14191
0.36115
0.70904
0.00114
0.00161
0.00383
0.00284
0.01556
0.01893
0.03889
0.03966
0.29917
0.28522
0.07555
0.10879
0.09346
0.05752
0.02115
0.01437
0.17396
0.0818
0.40408
0.38373
0.01461
0.05135
0.0273
0.11856
0.12475
0.16033
0.09844
0.08086
0.06771
0.03701
0.10088
0.02057
0.04396
0.04704
0.01543
0.03149
0.60976
0.2496
0.16608
0.11226
0.08496
0.07537
0.00191
0.00154
0.52685
0.49904
0.01288
0.01242
0.37329
0.06286
0.00938
0.01547
0.07409
0.09784
0.0293
0.05078
0.35632
0.04404
0.49683
0.77644
0.96042
0.95001
0.00729
0.00449
0.55702
0.46909
0.07141
0.10076
0.36054
0.04837
0.01892
0.01352
0.0013
0.00114
0.72634
0.57058
0.88118
0.54039
0.00806
0.00444
0.38436
0.25548
0.09587
0.14892
0.00601
0.00521
0.0034
0.00379
0.23881
0.081
0.00705
0.00732
0.18008
0.60076
0.00556
0.0049
0.09007
0.43113
0.02438
0.02294
0.00901
0.01103
0.01019
0.00506
0.1301
0.16154
0.03747
0.05012
0.22539
0.17207
0.02802
0.12618
0.00111
0.00175
0.12708
0.29455
0.85114
0.21765
0.01891
0.02857
0.73511
0.92051
0.29706
0.04809
0.15359
0.07313
0.02415
0.01052
0.10823
0.15867
0.08563
0.05737
0.00606
0.01051
0.70615
0.50358
0.57358
0.43483
0.2399
0.35117
0.04914
0.06624
0.00116
0.00079
0.17258
0.03673
0.00294
0.00374
0.92262
0.93815
0.97518
0.74201
0.03916
0.1162
0.18658
0.15686
0.00311
0.01045
0.18588
0.12784
0.005
0.00213
0.00609
0.00896
0.006
0.00443
0.00053
0.00079
0.00995
0.01151
0.06621
0.11883
0.0703
0.07573
0.02176
0.07683
0.01089
0.01671
0.40907
0.21044
0.52957
0.63419
0.68915
0.79455
0.11234
0.29319
0.02093
0.02439
0.00621
0.03505
0.70987
0.53031
0.13634
0.09892
0.08881
0.0729
0.06289
0.01198
0.1542
0.05659
0.11024
0.11078
0.49523
0.64262
0.94649
0.93492
0.07727
0.06146
0.98581
0.97183
0.1219
0.06648
0.71878
0.42474
0.10297
0.45927
0.33987
0.16147
0.00473
0.04105
0.01649
0.0299
0.12177
0.32249
0.01654
0.01731
0.04335
0.14628
0.06049
0.31912
0.92539
0.54382
0.10382
0.0894
0.2469
0.07302
0.25119
0.12202
0.04104
0.03771
0.01497
0.00308
0.26102
0.35216
0.0231
0.10892
0.63833
0.10446
0.9292
0.89579
0.07074
0.05207
0.02058
0.00562
0.03669
0.16247
0.02066
0.04257
0.0071
0.0051
0.00058
0.00041
0.03716
0.00784
0.00052
0.00043
0.85777
0.49471
0.22358
0.11831
0.04628
0.02628
0.04628
0.05695
0.03553
0.06202
0.41759
0.86292
0.01673
0.01989
0.02971
0.03024
0.49438
0.40061
0.15344
0.19905
0.92621
0.7169
0.09838
0.06293
0.14106
0.1117
0.81908
0.39135
0.03512
0.03036
0.01294
0.01323
0.0519
0.02577
0.3737
0.5947
0.92581
0.17991
0.14522
0.03508
0.04688
0.04295
0.0115
0.07492
0.98617
0.84226
0.39324
0.43714
0.00358
0.00597
0.6227
0.57061
0.02942
0.12814
0.14377
0.21329
0.0086
0.01819
0.83951
0.34108
0.06282
0.06146
0.00285
0.00371
0.09235
0.04989
0.41372
0.75185
0.01132
0.00282
0.08221
0.07171
0.00491
0.0054
0.14348
0.11893
0.0073
0.01451
0.00412
0.0044
0.97278
0.98911
0.0923
0.11418
0.01195
0.00135
0.05238
0.0317
0.27033
0.25561
0.03227
0.02879
0.03956
0.0316
0.00566
0.0076
0.11423
0.01567
0.90252
0.92995
0.05942
0.22061
0.07714
0.03976
0.10124
0.12159
0.19234
0.70421
0.02625
0.02575
0.00902
0.01099
0.00107
0.00401
0.52037
0.11435
0.01728
0.03506
0.99902
0.99905
0.01237
0.01869
0.03558
0.02232
0.00497
0.00551
0.1084
0.6181
0.01808
0.02049
0.00018
0.00015
0.00386
0.0097
0.27032
0.08396
0.02424
0.01534
0.08422
0.06339
0.81192
0.4009
0.23639
0.1822
0.06908
0.06253
0.63852
0.71727
0.24822
0.04574
0.22076
0.5481
0.00265
0.00418
0.79417
0.78226
0.22155
0.18248
0.03204
0.0797
0.00938
0.02085
0.08585
0.09256
0.15467
0.13072
0.02989
0.03434
0.02827
0.02524
0.00458
0.0039
0.00082
0.00148
0.01909
0.01847
0.00967
0.00683
0.37586
0.81382
0.00804
0.02155
0.02764
0.03237
0.31828
0.38285
0.01971
0.0967
0.00056
0.00175
0.0284
0.01596
0.00416
0.01763
0.00317
0.00448
0.0088
0.00791
0.01958
0.0039
0.00348
0.01965
0.04569
0.03201
0.09765
0.09001
0.05561
0.02697
0.28449
0.69453
0.80071
0.79303
0.00921
0.05974
0.17676
0.10141
0.02413
0.00853
0.55306
0.51814
0.01601
0.12083
0.99609
0.99521
0.0597
0.06773
0.16763
0.55919
0.20688
0.18524
0.03399
0.03361
0.03292
0.02521
0.0157
0.02365
0.00296
0.00303
0.02161
0.01683
0.9781
0.51676
0.03991
0.02515
0.05277
0.03694
0.01971
0.11289
0.56844
0.56355
0.00393
0.01692
0.09515
0.08252
0.94074
0.96421
0.12198
0.15759
0.16423
0.04312