0.50616
0.67877
0.55227
0.49088
0.2777
0.25809
0.10459
0.10936
0.13608
0.10098
0.02636
0.00994
0.30657
0.36384
0.34183
0.22727
0.31709
0.20803
0.56978
0.59957
0.11939
0.12427
0.54858
0.49159
0.14683
0.15607
0.22818
0.2153
0.09987
0.04363
0.37973
0.29635
0.07071
0.08259
0.9456
0.90559
0.26464
0.14308
0.03724
0.04221
0.14933
0.22665
0.13241
0.17295
0.21286
0.28961
0.15577
0.18104
0.99662
0.99773
0.16377
0.17187
0.01352
0.01956
0.38893
0.33771
0.07212
0.065
0.0901
0.04685
0.94825
0.94921
0.12572
0.08754
0.21037
0.20737
0.08906
0.05906
0.02188
0.02834
0.00705
0.01564
0.03805
0.04641
0.02433
0.0126
0.1904
0.18596
0.26945
0.29242
0.17551
0.12046
0.37563
0.33706
0.31393
0.32555
0.19029
0.19909
0.30681
0.39051
0.28623
0.23382
0.21512
0.32769
0.22359
0.16746
0.13784
0.13732
0.30099
0.26516
0.09698
0.07508
0.26695
0.24314
0.14453
0.1062
0.54174
0.52696
0.10382
0.16622
0.04631
0.04666
0.08476
0.09721
0.99894
0.99857
0.01275
0.01128
0.95836
0.98713
0.50455
0.73412
0.0217
0.02877
0.21271
0.13684
0.0664
0.05543
0.09609
0.04725
0.00733
0.01322
0.89302
0.83522
0.00192
0.00101
0.0411
0.08189
0.82212
0.7273
0.02688
0.02851
0.02779
0.01387
0.99171
0.85165
0.00408
0.00307
0.16079
0.1196
0.01019
0.00309
0.25511
0.18157
0.19804
0.25744
0.93983
0.96292
0.01743
0.0215
0.08623
0.5788
0.04336
0.06369
0.9696
0.8826
0.00817
0.0114
0.03591
0.03393
0.17634
0.15627
0.07237
0.13992
0.96388
0.97035
0.41957
0.4448
0.94452
0.92526
0.16194
0.03392
0.39606
0.26898
0.94511
0.9505
0.00552
0.00363
0.06229
0.13511
0.02042
0.01319
0.94708
0.95984
0.808
0.75043
0.00433
0.00214
0.96009
0.94175
0.09689
0.15115
0.00146
0.001
0.98862
0.98879
0.95264
0.85083
0.98896
0.9648
0.04789
0.07259
0.94735
0.9647
0.02994
0.03908
0.01284
0.0216
0.76015
0.67095
0.01155
0.02395
0.42438
0.54658
0.40138
0.2739
0.00125
0.01678
0.01216
0.00966
0.25178
0.16618
0.19946
0.18703
0.31405
0.4118
0.0376
0.05636
0.16889
0.30373
0.09186
0.22482
0.47852
0.4996
0.01099
0.01263
0.87896
0.98944
0.00942
0.02715
0.54385
0.3372
0.03512
0.02243
0.08986
0.05531
0.25185
0.18268
0.37929
0.30075
0.814
0.69566
0.9532
0.94146
0.01844
0.03449
0.0429
0.0475
0.17069
0.08371
0.0451
0.19113
0.0363
0.04704
0.1064
0.39448
0.39735
0.27821
0.00486
0.0053
0.97839
0.97774
0.00217
0.00284
0.15792
0.15735
0.91467
0.95723
0.00419
0.00435
0.27907
0.20526
0.015
0.01362
0.10383
0.14252
0.0502
0.02536
0.0019
0.00554
0.45337
0.52785
0.96626
0.93905
0.02999
0.01966
0.23102
0.53741
0.14817
0.16437
0.96203
0.98684
0.00294
0.00689
0.99537
0.99519
0.99391
0.98916
0.01585
0.0159
0.31416
0.51471
0.11191
0.15056
0.08997
0.05622
0.72784
0.83085
0.01931
0.03558
0.04218
0.04034
0.00212
0.00196
0.23203
0.23823
0.16461
0.13725
0.06557
0.05923
0.03661
0.02801
0.99894
0.99839
0.00866
0.01862
0.05489
0.03585
0.0176
0.01186
0.9067
0.75262
0.97427
0.95563
0.11557
0.1259
0.00779
0.00489
0.75028
0.60895
0.32737
0.50414
0.37422
0.4738
0.97961
0.98271
0.0111
0.00962
0.11612
0.06907
0.03568
0.04024
0.42338
0.20995
0.246
0.31954
0.98607
0.95589
0.00388
0.00453
0.18754
0.25788
0.99786
0.99287
0.93495
0.85608
0.01887
0.01692
0.28172
0.22082
0.01142
0.03857
0.20481
0.10515
0.9872
0.99366
0.99771
0.99612
0.1901
0.14748
0.16224
0.3195
0.82852
0.0707
0.02813
0.01928
0.00538
0.00806
0.99812
0.99854
0.41497
0.51191
0.99176
0.99052
0.0912
0.09403
0.02246
0.03855
0.99702
0.11737
0.01189
0.01032
0.39759
0.45163
0.01161
0.02141
0.01396
0.01373
0.16846
0.2497
0.34143
0.2544
0.99687
0.99533
0.18838
0.2593
0.03646
0.05794
0.02781
0.03397
0.4607
0.3834
0.0336
0.06934
0.04469
0.04728
0.0805
0.05543
0.03093
0.01804
0.01014
0.01217
0.32793
0.61718
0.00458
0.00203
0.02598
0.04221
0.10183
0.0787
0.28593
0.2952
0.00614
0.01621
0.29581
0.91929
0.23316
0.1117
0.03246
0.03851
0.16345
0.17917
0.10111
0.18404
0.0072
0.00743
0.61441
0.71218
0.04942
0.06799
0.99058
0.98211
0.00901
0.00963
0.15352
0.35934
0.94783
0.92882
0.00422
0.00433
0.01627
0.02486
0.03499
0.06552
0.7733
0.79936
0.01716
0.01764
0.01329
0.00894
0.01837
0.01553
0.14163
0.09254
0.97737
0.96733
0.02261
0.02904
0.91763
0.9493
0.95461
0.95733
0.00362
0.00719
0.00785
0.02389
0.9502
0.92591
0.00091
0.00069
0.93285
0.90355
0.0049
0.00371
0.09098
0.06282
0.55067
0.45631
0.6734
0.68419
0.99719
0.99809
0.92992
0.91547
0.00087
0.00142
0.69464
0.04527
0.0103
0.03215
0.18346
0.22058
0.92329
0.96944
0.04721
0.01839
0.00088
0.00266
0.02057
0.01203
0.31487
0.63923
0.87918
0.93705
0.87661
0.82488
0.87612
0.83662
0.00531
0.00669
0.0477
0.04588
0.00314
0.0033
0.00237
0.00395
0.0243
0.01085
0.00235
0.0043
0.02225
0.01507
0.39169
0.49698
0.00228
0.00124
0.99852
0.99908
0.00619
0.00935
0.92009
0.90384
0.02886
0.03528
0.19613
0.17782
0.01209
0.0189
0.00705
0.01056
0.02507
0.01249
0.00745
0.01381
0.14579
0.1455
0.04578
0.02029
0.06917
0.06622
0.14363
0.11599
0.99258
0.98118
0.01647
0.02559
0.03551
0.03026
0.01629
0.00783
0.1699
0.15576
0.039
0.02378
0.98789
0.98174
0.00628
0.0043
0.23425
0.5892
0.06829
0.09107
0.7297
0.7887
0.95488
0.96795
0.08478
0.04163
0.01836
0.02229
0.38313
0.56589
0.99694
0.9967
0.77247
0.59519
0.99431
0.99409
0.00376
0.00163
0.18149
0.0594
0.04503
0.03971
0.86587
0.88046
0.09688
0.03986
0.72217
0.65844
0.14235
0.0455
0.1962
0.13529
0.72471
0.85865
0.00499
0.01163
0.67976
0.79229
0.01457
0.00591
0.07952
0.09947
0.01029
0.01421
0.01073
0.00423
0.00659
0.00536
0.00217
0.00268
0.03154
0.06612
0.83116
0.94423
0.00614
0.00429
0.06887
0.05881
0.75666
0.65526
0.00319
0.00272
0.43837
0.00602
0.11946
0.0426
0.03879
0.04945
0.00309
0.00503
0.10309
0.06312
0.00331
0.00616
0.02087
0.01753
0.9508
0.973
0.00549
0.01437
0.78395
0.84697
0.00294
0.00413
0.92309
0.96524
0.03693
0.9678
0.00017
0.00032
0.01245
0.00709
0.98746
0.99263
0.05836
0.11079
0.99199
0.94476
0.00733
0.00343
0.97527
0.86406
0.20325
0.26693
0.98812
0.99322
0.99155
0.9886
0.05021
0.02764
0.95093
0.94744
0.27674
0.22822
0.01488
0.03832
0.04337
0.04587
0.99066
0.99619
0.01751
0.0661
0.03431
0.02352
0.00448
0.00155
0.1257
0.113
0.05673
0.10889
0.14379
0.08713
0.9958
0.99944
0.84955
0.75155
0.71848
0.92711
0.45873
0.48659
0.08854
0.10757
0.00403
0.00323
0.87848
0.88103
0.99066
0.99559
0.02291
0.02307
0.39311
0.3483
0.67089
0.80512
0.01634
0.03629
0.00278
0.00575
0.00478
0.01073
0.99988
0.99989
0.00164
0.00178
0.43037
0.72987
0.07519
0.19892
0.9511
0.95149
0.96933
0.96835
0.90037
0.96184
0.98902
0.99542
0.01132
0.00717
0.02573
0.04248
0.00695
0.00182
0.87687
0.24225
0.99896
0.99871
0.86438
0.84487
0.89193
0.94118
0.11133
0.10309
0.06282
0.33957
0.42147
0.68168
0.79093
0.8895
0.05196
0.09869
0.93042
0.96075
0.9916
0.99357
0.78102
0.82876
0.99319
0.98993
0.02267
0.03708
0.00172
0.00361
0.00359
0.00565
0.0124
0.01846
0.98658
0.98438
0.00324
0.00365
0.99474
0.99613
0.04632
0.0392
0.94974
0.92802
0.00293
0.00828
0.95714
0.974
0.03297
0.01573
0.02194
0.03223
0.93185
0.94742
0.25573
0.1387
0.71778
0.70679
0.96849
0.96769
0.06066
0.04067
0.0254
0.01546
0.25038
0.21206
0.90808
0.89599
0.96992
0.84851
0.03079
0.03341
0.01253
0.00629
0.00226
0.00346
0.73697
0.90633
0.86584
0.88621
0.00064
0.00118