0.56921
0.58108
0.35577
0.39109
0.19867
0.30424
0.21788
0.22541
0.82969
0.88198
0.0141
0.02079
0.03104
0.01834
0.75154
0.79282
0.26498
0.40831
0.80953
0.87018
0.26402
0.09913
0.99206
0.99556
0.2604
0.35157
0.06867
0.09765
0.33832
0.77054
0.96074
0.97015
0.01823
0.0148
0.20389
0.20553
0.9127
0.68608
0.05272
0.02725
0.58081
0.79802
0.06697
0.07749
0.23362
0.26404
0.27094
0.48257
0.15857
0.11966
0.30959
0.53105
0.7458
0.6917
0.92995
0.90417
0.77597
0.79642
0.03282
0.01076
0.11131
0.16526
0.84359
0.68873
0.5898
0.64723
0.0457
0.06051
0.17766
0.23658
0.40232
0.75321
0.83033
0.95203
0.73371
0.24578
0.25968
0.38222
0.02507
0.08561
0.75537
0.76097
0.05275
0.0633
0.4563
0.59184
0.02283
0.00888
0.06859
0.05466
0.57314
0.42198
0.05603
0.08969
0.11429
0.46601
0.0145
0.0072
0.75261
0.84605
0.24
0.74121
0.73817
0.81652
0.13048
0.13622
0.19545
0.1291
0.16196
0.25602
0.03472
0.01587
0.30729
0.62722
0.91375
0.66749
0.592
0.62128
0.63377
0.83495
0.60365
0.60163
0.56252
0.65926
0.50489
0.11462
0.26827
0.44103
0.00605
0.00383
0.54201
0.75983
0.17087
0.06453
0.47728
0.59487
0.0206
0.02916
0.99122
0.98015
0.32892
0.29511
0.47491
0.46481
0.9263
0.65727
0.88018
0.96803
0.18274
0.15445
0.0424
0.05405
0.61005
0.52878
0.00206
0.00158
0.40094
0.20564
0.74902
0.89182
0.0688
0.04838
0.01426
0.0092
0.97558
0.97873
0.25859
0.49139
0.41803
0.39651
0.05379
0.19693
0.42378
0.67843
0.50524
0.56805
0.56688
0.33118
0.03386
0.03288
0.67633
0.84057
0.9544
0.85155
0.01792
0.01044
0.94165
0.97401
0.98741
0.98259
0.48368
0.64223
0.86459
0.66205
0.09214
0.03378
0.80429
0.82286
0.28686
0.26736
0.57615
0.36627
0.05532
0.05608
0.12511
0.13724
0.0684
0.36269
0.91495
0.94151
0.52268
0.76913
0.25891
0.62321
0.09828
0.05861
0.4602
0.34511
0.3246
0.74376
0.99403
0.98194
0.93341
0.95589
0.00872
0.01586
0.02425
0.01932
0.35551
0.50165
0.66908
0.12796
0.07087
0.02892
0.33718
0.08678
0.94674
0.97395
0.39703
0.36549
0.74293
0.84024
0.54372
0.28187
0.14118
0.21697
0.00517
0.04146
0.35824
0.21523
0.07164
0.00899
0.00273
0.02666
0.37002
0.03822
0.06302
0.02619
0.12404
0.09483
0.17427
0.13445
0.37054
0.1054
0.06904
0.02792
0.14875
0.29962
0.00456
0.01013
0.09994
0.13079
0.06018
0.06485
0.04808
0.07888
0.02135
0.02287
0.78702
0.89732
0.02587
0.1512
0.95272
0.73431
0.01041
0.00975
0.54508
0.5031
0.14749
0.19395
0.00655
0.00415
0.0161
0.01621
0.82327
0.95652
0.22527
0.1757