0.05929
0.06112
0.10273
0.08551
0.07056
0.15473
0.202
0.26454
0.43488
0.62648
0.12021
0.07668
0.73203
0.67408
0.54008
0.53103
0.13641
0.11092
0.06375
0.05793
0.06767
0.07578
0.05292
0.06514
0.0488
0.04047
0.11706
0.09157
0.26124
0.31142
0.71618
0.57156
0.13601
0.08532
0.16057
0.23899
0.09088
0.09859
0.20821
0.16557
0.15354
0.15388
0.5595
0.58972
0.32138
0.27631
0.34648
0.35503
0.59788
0.56877
0.07133
0.07118
0.06872
0.15475
0.23695
0.18934
0.0806
0.09645
0.27379
0.27064
0.25418
0.26182
0.06632
0.09458
0.11434
0.11548
0.08545
0.09548
0.72735
0.3203
0.17217
0.072
0.06461
0.06678
0.08282
0.08052
0.19135
0.21022
0.41095
0.5603
0.08777
0.15698
0.11221
0.2993
0.09559
0.16284
0.61071
0.75453
0.45613
0.42308
0.08864
0.3751
0.58864
0.37181
0.10395
0.07319
0.04352
0.03622
0.59539
0.64653
0.45511
0.38969
0.20057
0.08026
0.09086
0.08352
0.27375
0.42516
0.04758
0.04611
0.04178
0.0502
0.06844
0.0506
0.27946
0.83696
0.11944
0.12553
0.07311
0.06234
0.11074
0.08006
0.04357
0.02717
0.25439
0.20317
0.80643
0.76648
0.35061
0.17841
0.22978
0.21623
0.88433
0.79691
0.2982
0.31574
0.08796
0.37911
0.25848
0.24829
0.08371
0.08624
0.035
0.05968
0.03469
0.05603
0.19035
0.16834
0.25622
0.26188
0.145
0.15285
0.15347
0.0922
0.19725
0.13828
0.03341
0.03653
0.05153
0.07374
0.04641
0.09974
0.04
0.03093
0.03637
0.04368
0.11461
0.11238
0.36533
0.51685
0.34305
0.52066
0.11244
0.12969
0.07998
0.09542
0.08916
0.17095
0.03982
0.13389
0.33522
0.29967
0.41166
0.40032
0.02672
0.02931
0.05277
0.05328
0.33759
0.07551
0.18921
0.2121
0.07045
0.04789
0.9148
0.9397
0.16178
0.10259
0.07752
0.19156
0.48614
0.54155
0.0896
0.12698
0.37248
0.47669
0.0237
0.03433
0.03224
0.03681
0.54162
0.38722
0.7853
0.81967
0.03671
0.04257
0.02266
0.01959
0.05729
0.06351
0.17642
0.09397
0.82206
0.783
0.55166
0.60072
0.62433
0.78714
0.03662
0.03419
0.1561
0.24799
0.08596
0.1165
0.03973
0.04494
0.46455
0.31735
0.127
0.18114
0.87615
0.85736
0.90143
0.92771
0.16562
0.18884
0.15631
0.37509
0.07572
0.07742
0.51369
0.34902
0.4657
0.58161
0.06012
0.06309
0.06725
0.07769
0.09672
0.06407
0.07984
0.13893
0.02153
0.04053
0.36417
0.21583
0.04598
0.06525
0.02481
0.0265
0.86504
0.86962
0.23643
0.1927
0.35567
0.17519
0.22447
0.20369
0.17148
0.08932
0.11829
0.14258
0.03331
0.03818
0.05706
0.05262
0.03246
0.04034
0.16209
0.16118
0.05134
0.0547
0.16475
0.13772
0.35926
0.38385
0.12426
0.12427
0.09506
0.20163
0.12184
0.09435
0.29431
0.5366
0.08429
0.12304
0.35232
0.32373
0.08947
0.04126
0.04501
0.04729
0.10424
0.08902
0.52296
0.6562
0.07803
0.0476
0.43737
0.20905
0.77221
0.30175
0.28736
0.23604
0.03667
0.09271
0.04305
0.06916
0.22271
0.22915
0.52323
0.42636
0.27035
0.31635
0.11317
0.08388
0.08301
0.0897
0.24518
0.14882
0.28066
0.80056
0.09088
0.07331
0.94693
0.92405
0.05879
0.06613
0.21667
0.12378
0.71127
0.73103
0.09502
0.04817
0.03576
0.03726
0.09813
0.07006
0.91984
0.92619
0.07976
0.06227
0.08198
0.14085
0.09704
0.15126
0.11598
0.13705
0.20175
0.07107
0.87411
0.82414
0.12553
0.05683
0.341
0.29063
0.11342
0.12713
0.65812
0.69998
0.65612
0.57234
0.06552
0.0379
0.6665
0.58425
0.09526
0.07649
0.07442
0.08194
0.05938
0.14489
0.08549
0.06015
0.04915
0.0517
0.30238
0.19372
0.05444
0.06215
0.08314
0.09408
0.53645
0.54286
0.58094
0.67767
0.41366
0.18178
0.06876
0.08113
0.13407
0.0789
0.87328
0.7854
0.07937
0.04597
0.09603
0.12656
0.16785
0.13883
0.09247
0.1548
0.63016
0.52398
0.06574
0.12625
0.17558
0.16985
0.24409
0.19161
0.02913
0.03579
0.78499
0.80311
0.39221
0.62519
0.1154
0.08634
0.5041
0.75633
0.05426
0.03643
0.21437
0.19037
0.10076
0.10938
0.05145
0.04074
0.25909
0.13284
0.1861
0.17471
0.61908
0.37904
0.1689
0.2018
0.59879
0.22938
0.08925
0.10505
0.16706
0.15147
0.11464
0.11179
0.09465
0.1403
0.34851
0.35008
0.2742
0.46122
0.21175
0.23142
0.76776
0.91834
0.09453
0.11078
0.3335
0.37235
0.10357
0.08154
0.05716
0.0674
0.80043
0.82599
0.03716
0.03671
0.32388
0.17193
0.27506
0.30062
0.91653
0.93704
0.14152
0.19153
0.09543
0.09973
0.2241
0.16099
0.50717
0.506
0.18891
0.12746
0.05244
0.0871
0.19457
0.15465
0.62873
0.37826
0.65721
0.50696
0.14174
0.26894
0.41822
0.31152
0.30929
0.29385
0.12395
0.14646
0.06978
0.05362
0.09777
0.08157
0.06337
0.05773
0.48092
0.281
0.12221
0.15033
0.05493
0.06751
0.09001
0.09728
0.13045
0.09333
0.80411
0.82054
0.07494
0.12041
0.32495
0.372
0.65634
0.51102
0.166
0.13059
0.09976
0.09992
0.05864
0.14514
0.10506
0.14703
0.39461
0.16904
0.1473
0.05564
0.8128
0.82007
0.03822
0.06586
0.06809
0.07724
0.2561
0.26507
0.17581
0.17242
0.87154
0.41079
0.45862
0.44948
0.63225
0.60559
0.30211
0.32189
0.05109
0.03804
0.28071
0.22659
0.05821
0.04741
0.12172
0.13136
0.08435
0.11425
0.07728
0.0874
0.16977
0.23847
0.16992
0.1224
0.07388
0.05264
0.40333
0.21598
0.266
0.57049
0.67604
0.5408
0.15574
0.14315
0.06562
0.0481
0.13078
0.06184
0.3311
0.29579
0.46271
0.43692
0.04475
0.07217
0.08594
0.10031
0.0558
0.06612
0.11948
0.16675
0.09101
0.09692
0.19997
0.25748
0.0515
0.06607
0.19828
0.16503
0.72041
0.69726
0.05062
0.04171
0.34976
0.32215
0.76605
0.42578
0.23635
0.29486
0.04824
0.05438
0.09619
0.0545
0.12083
0.12002
0.75752
0.62456
0.01839
0.01855
0.65447
0.43541
0.1682
0.19402
0.35822
0.33633
0.19935
0.16996
0.05931
0.08572
0.06685
0.20813
0.10154
0.08412
0.82625
0.82606
0.09964
0.10292
0.24673
0.24156
0.60535
0.52691
0.07447
0.06673
0.1184
0.11446
0.06899
0.07839
0.05073
0.11639
0.945
0.92493
0.60669
0.57481
0.15824
0.12507
0.1987
0.20377
0.05975
0.08644
0.04591
0.0626
0.18675
0.17954
0.10601
0.14381
0.70125
0.2585
0.22164
0.24745
0.76671
0.71596
0.24517
0.21506
0.18122
0.20639
0.04389
0.0607
0.15764
0.39512
0.13812
0.1434
0.18852
0.18993
0.8097
0.85123
0.33785
0.08774
0.11781
0.05851
0.14408
0.10462
0.20661
0.18062
0.45481
0.22298
0.08368
0.17232
0.63037
0.55706
0.787
0.74403
0.0716
0.05249
0.17414
0.35054
0.05257
0.04702
0.36159
0.45141
0.14806
0.08795
0.12232
0.09291
0.03669
0.02808
0.53749
0.81231
0.12135
0.06539
0.96192
0.93546
0.04801
0.07062
0.10202
0.11814
0.10372
0.11656
0.15326
0.11764
0.22587
0.17788
0.17234
0.18805
0.13314
0.3254
0.08133
0.04881
0.02127
0.06414
0.52662
0.61977
0.89507
0.91676
0.10069
0.14047
0.38137
0.2299
0.27129
0.24064
0.13504
0.13468
0.64273
0.71627
0.82486
0.8797
0.07878
0.13995
0.0922
0.07387
0.03573
0.05034
0.38463
0.59532
0.43812
0.35394
0.20205
0.15747
0.73096
0.72839
0.42126
0.4473
0.0506
0.08184
0.46891
0.11536
0.05777
0.04608
0.52104
0.51486
0.04482
0.13026
0.10405
0.13199
0.07802
0.06819
0.06973
0.09097
0.41936
0.3954
0.05799
0.14795
0.09263
0.10052
0.11297
0.07533
0.13808
0.19254
0.38397
0.44015
0.36231
0.34304
0.17204
0.16229
0.87918
0.85436
0.31935
0.14681
0.23717
0.66504
0.38799
0.30127
0.07706
0.07166
0.21854
0.17144
0.79881
0.73918
0.60057
0.52111
0.22033
0.24211
0.06477
0.05489
0.63779
0.81451
0.26639
0.25582
0.04585
0.05371
0.4689
0.53244
0.01984
0.03269
0.65465
0.75345
0.13786
0.19574
0.15636
0.12131
0.10736
0.1507
0.20449
0.27832
0.56018
0.66916
0.66204
0.65494
0.19167
0.14338
0.47717
0.26779
0.50222
0.46608
0.11628
0.17444
0.10314
0.09516
0.11699
0.12631
0.30497
0.31332
0.10167
0.08959
0.41918
0.37359
0.03534
0.05345
0.36393
0.73662
0.07126
0.15606
0.08352
0.09696
0.28956
0.23838
0.33562
0.27541
0.51652
0.6244
0.57091
0.3264
0.11627
0.24293
0.09593
0.10145
0.03138
0.04009
0.06839
0.09249
0.12262
0.11681
0.07816
0.09923
0.07991
0.07424
0.76634
0.64046
0.29253
0.22981
0.89787
0.92829
0.07337
0.03529
0.05231
0.06864
0.06438
0.05814
0.09468
0.08576
0.22849
0.27046
0.52581
0.54976
0.05619
0.07685
0.14254
0.1383
0.07267
0.05483
0.06753
0.12274
0.07318
0.0988
0.07322
0.10684
0.30885
0.27562
0.93955
0.94265
0.06749
0.04518
0.4533
0.48282
0.6052
0.55859
0.30791
0.41286
0.06227
0.05905
0.06957
0.11188
0.55492
0.70746
0.93209
0.68933
0.11887
0.22849
0.09684
0.114
0.04545
0.05035
0.78543
0.89123
0.05879
0.05964
0.09206
0.04556
0.04437
0.07062
0.43602
0.54549
0.73401
0.32809
0.67163
0.76104
0.21942
0.18337
0.08114
0.13857
0.04308
0.0553
0.25641
0.13319
0.29908
0.13015
0.03369
0.04655
0.9122
0.92915
0.03011
0.02659
0.04513
0.04283
0.08142
0.09917
0.19041
0.2322
0.27197
0.24407
0.14941
0.15343
0.10446
0.11423
0.09757
0.08679
0.33836
0.35024
0.26906
0.41767
0.11143
0.11729
0.18211
0.1402
0.16091
0.17766
0.10466
0.15288
0.11318
0.09605
0.18214
0.13633
0.83856
0.77732
0.11092
0.11347
0.41834
0.83903
0.06395
0.07013
0.26676
0.13623
0.02422
0.0356
0.1632
0.29122
0.86735
0.48837
0.09756
0.07143
0.63687
0.40853
0.08567
0.0809
0.02754
0.02085
0.12484
0.05907
0.78324
0.39152
0.12052
0.15378
0.07776
0.15296
0.01691
0.01954
0.09721
0.13487
0.65305
0.65724
0.32596
0.21865
0.09142
0.08065
0.17486
0.2103
0.76881
0.63225
0.51155
0.36387
0.05936
0.06274
0.03915
0.04366
0.05695
0.05472
0.10644
0.10652
0.18823
0.19543
0.93698
0.91457
0.10023
0.13916
0.16772
0.16303
0.10175
0.04094
0.17822
0.16439
0.14291
0.38856
0.05533
0.06427
0.26431
0.32517
0.07118
0.09962
0.48936
0.34168
0.47386
0.66279
0.08203
0.06993
0.64004
0.71502
0.54165
0.46142
0.08295
0.14785
0.63457
0.57502
0.45863
0.3954
0.5043
0.71208
0.03716
0.03438
0.03046
0.02863
0.1388
0.13737
0.1549
0.14472
0.57164
0.31375
0.05181
0.05277
0.42599
0.45138
0.06822
0.06438
0.12041
0.29787
0.26415
0.12773
0.06734
0.05411
0.92405
0.90969
0.1453
0.21879
0.06876
0.07291
0.06998
0.06196
0.05301
0.0308
0.56845
0.50203
0.12828
0.11211
0.04418
0.06147
0.69769
0.57067
0.22705
0.50539
0.13893
0.17354
0.03611
0.04471
0.22591
0.18819
0.07029
0.07643
0.12117
0.07045
0.41951
0.47372
0.03732
0.05438
0.74635
0.94027
0.17591
0.10536
0.15006
0.10704
0.61494
0.50843
0.4565
0.32885
0.18587
0.13562
0.04781
0.05208
0.15252
0.12077
0.51352
0.41736
0.85871
0.86634
0.08977
0.0729
0.13228
0.13027
0.20552
0.18213
0.53685
0.3936
0.14762
0.13016
0.07094
0.04457
0.06292
0.11474
0.27389
0.21496
0.15557
0.12744
0.27326
0.24428
0.05098
0.04141
0.06859
0.2454
0.21568
0.08918
0.59671
0.81193
0.20947
0.44136
0.11984
0.09184
0.03101
0.04235
0.8628
0.90708
0.9087
0.84569
0.95036
0.81684
0.09777
0.03933
0.1118
0.12095
0.06506
0.08954
0.14078
0.2102
0.03057
0.03553
0.14349
0.22563
0.12024
0.15426
0.07031
0.11233
0.02647
0.02929
0.06906
0.15229
0.03646
0.04583
0.06394
0.04339
0.03456
0.03747
0.2516
0.17275
0.1482
0.12678
0.36421
0.27546
0.0424
0.05145
0.28181
0.30324
0.09035
0.09146
0.04308
0.04695
0.5101
0.47315
0.05793
0.15507
0.14528
0.11888
0.1962
0.13075
0.62511
0.53246
0.07241
0.05642
0.39567
0.53535
0.25267
0.10815
0.60158
0.63497
0.07265
0.06735
0.11933
0.14371
0.03951
0.0381
0.08166
0.09031
0.33949
0.33823
0.35248
0.4418
0.90766
0.86685
0.14659
0.15086
0.08796
0.05588
0.06102
0.23435
0.32056
0.18133
0.0773
0.07965
0.85279
0.79316
0.92017
0.83691
0.54232
0.86199
0.05816
0.0382
0.09279
0.12741
0.04293
0.04466
0.78028
0.05645
0.08801
0.11622
0.6325
0.4865
0.07699
0.09521
0.12865
0.1599
0.14803
0.09663
0.4406
0.26462
0.02523
0.02711
0.05212
0.07888
0.37828
0.30798
0.10717
0.09249
0.03741
0.0345
0.334
0.80681
0.0718
0.04764
0.34421
0.33583
0.08431
0.09078
0.1854
0.30826
0.28868
0.27618
0.35666
0.44594
0.11224
0.11745
0.38649
0.29029
0.14348
0.08273
0.20847
0.14574
0.21377
0.23012
0.08726
0.09544
0.11874
0.13931
0.46649
0.44594
0.18851
0.19849
0.58768
0.3023
0.07978
0.13501
0.64097
0.3456
0.73464
0.67445
0.02884
0.05213
0.06717
0.08536
0.14509
0.11093
0.19193
0.15381
0.19974
0.35288
0.5604
0.6724
0.20095
0.29739
0.45772
0.5807
0.47515
0.20881
0.09882
0.1128
0.10083
0.08778
0.10153
0.08041
0.26979
0.15885
0.18737
0.21407
0.4557
0.37849
0.17979
0.14327
0.03341
0.02049
0.04389
0.22106
0.1433
0.21228
0.08555
0.1913
0.42761
0.19819
0.7604
0.37968
0.76872
0.73784
0.03567
0.04159
0.08691
0.13448
0.44129
0.35143
0.13061
0.11347
0.04791
0.0355
0.24518
0.21377
0.10221
0.09208
0.08039
0.07175
0.11775
0.08311
0.06247
0.06779
0.09408
0.05439
0.26161
0.17266
0.08042
0.06743
0.70027
0.75537
0.264
0.3196
0.10437
0.08778
0.05651
0.06387
0.12632
0.11933
0.03055
0.0546
0.84931
0.88508
0.18363
0.17701
0.2718
0.25033
0.07229
0.08063
0.10763
0.09905
0.02353
0.03663
0.03437
0.03328
0.07815
0.09777
0.06319
0.05282
0.64366
0.56399
0.15271
0.12582
0.51091
0.5513
0.36952
0.51944
0.11142
0.11412
0.12942
0.20987
0.78159
0.21739
0.38756
0.22266
0.28359
0.30938
0.06744
0.09727
0.05981
0.06477
0.47814
0.50405
0.12316
0.14236
0.14244
0.15488
0.60772
0.67941
0.36929
0.42941
0.11541
0.21638
0.44308
0.39111
0.22319
0.15415
0.14188
0.25207
0.09355
0.16669
0.11252
0.09603
0.07521
0.07365
0.25575
0.23926
0.54688
0.63031
0.19807
0.2493
0.19422
0.13157
0.07818
0.05093
0.07343
0.08402
0.08665
0.10332
0.08329
0.06839
0.46997
0.07399
0.06557
0.05975
0.78123
0.56854
0.18528
0.16517
0.24726
0.20885
0.03409
0.02501
0.07327
0.05867
0.17768
0.57966
0.0686
0.05451
0.07616
0.12402
0.03727
0.03875
0.14855
0.06354
0.48464
0.30138
0.23629
0.20897
0.43801
0.50502
0.50099
0.46453
0.06742
0.11752
0.07172
0.1178
0.27414
0.27885
0.57972
0.62914
0.10917
0.15589
0.3352
0.20932
0.7893
0.62888
0.26718
0.29169
0.28066
0.20078
0.06743
0.13656
0.33136
0.30617
0.06911
0.12173
0.28848
0.21916
0.05063
0.05208
0.89776
0.92175
0.78774
0.74134
0.18875
0.16215
0.11877
0.08754
0.29684
0.1655
0.18989
0.27467
0.56996
0.72309
0.04584
0.17277
0.79212
0.68872
0.33227
0.3247
0.11168
0.14045
0.08604
0.16665
0.05613
0.0406
0.04419
0.03199
0.95295
0.95104
0.1246
0.28532
0.10913
0.09774
0.71013
0.74026
0.61748
0.39685
0.45867
0.47573
0.10173
0.10465
0.09163
0.09051
0.06762
0.06121
0.05408
0.06183
0.2562
0.29324
0.16777
0.1221
0.21486
0.28925
0.16681
0.14889
0.06858
0.05827
0.35045
0.60148
0.11357
0.04679
0.30535
0.36409
0.16316
0.16077
0.56137
0.51793
0.11427
0.70885
0.31762
0.13795
0.52202
0.52243
0.11554
0.20152
0.47517
0.43444
0.08361
0.12854
0.60032
0.34828
0.04773
0.04088
0.10494
0.0789
0.03365
0.06292
0.22554
0.27012
0.19187
0.18532
0.05887
0.07434
0.11975
0.42309
0.10862
0.11824
0.22639
0.20352
0.11998
0.1207
0.14128
0.21767
0.42053
0.84219
0.42161
0.27622
0.15374
0.16121
0.22305
0.31174
0.08156
0.09813
0.20423
0.1365
0.05582
0.14485
0.23201
0.27991
0.07142
0.13632
0.26425
0.15068
0.13508
0.10039
0.72431
0.75077
0.04466
0.04638
0.14506
0.20476
0.84453
0.72284
0.20567
0.2372
0.09417
0.10926
0.76227
0.66533
0.1231
0.11552
0.10088
0.11565
0.08551
0.10372
0.06834
0.11108
0.06383
0.05788
0.07393
0.0547
0.03345
0.03144
0.28392
0.16566
0.26032
0.32837
0.10778
0.07501
0.03874
0.05893
0.0532
0.05547
0.16712
0.17633
0.05195
0.05096
0.02023
0.01803
0.16135
0.17
0.05179
0.04957
0.35915
0.65774
0.27589
0.33338
0.09449
0.11531
0.18305
0.09285
0.03074
0.03843
0.09547
0.26063
0.0325
0.02853
0.03821
0.03687
0.11812
0.13909
0.53461
0.47079
0.10403
0.08566
0.10218
0.08522
0.05889
0.12201
0.09632
0.07354
0.57383
0.37125
0.14469
0.17566
0.05758
0.0514
0.14435
0.38534
0.5981
0.31469
0.0669
0.05142
0.0491
0.09372
0.0731
0.10504
0.03154
0.03225
0.06703
0.05973
0.13608
0.2791
0.37652
0.35726
0.05511
0.07596
0.0478
0.03762
0.05839
0.0517
0.08541
0.12193
0.07412
0.05891
0.43023
0.24512
0.22663
0.34285
0.04834
0.19167
0.32113
0.54506
0.0947
0.05431
0.23335
0.24722
0.04212
0.03981
0.14926
0.08229
0.09703
0.19279
0.18258
0.16823
0.10958
0.12108
0.27894
0.18308
0.14625
0.24651
0.25634
0.26931
0.10722
0.18513
0.07755
0.02368
0.19512
0.17206
0.10591
0.10775
0.04846
0.08664
0.50465
0.50842
0.0763
0.08911
0.08046
0.26658
0.09014
0.12134
0.18042
0.11318
0.13938
0.13637
0.09432
0.09549
0.29596
0.21702
0.07244
0.07286
0.1816
0.19839
0.08666
0.09768
0.38344
0.67547
0.17773
0.10616
0.02842
0.03958
0.10594
0.10012
0.16277
0.09938
0.12635
0.14384
0.11199
0.12991
0.13953
0.14126
0.05514
0.08064
0.92399
0.90144
0.61867
0.74877
0.75216
0.78657
0.13756
0.12452
0.18347
0.09434
0.0747
0.06169
0.10286
0.10727
0.06879
0.05518
0.09914
0.08941
0.13576
0.08108
0.12832
0.12201
0.06771
0.06508
0.13817
0.20481
0.0742
0.12532
0.19093
0.15315
0.05885
0.06585
0.35769
0.29319
0.25775
0.15453
0.79278
0.70505
0.24113
0.25097
0.64818
0.69065
0.5107
0.24979
0.11056
0.11009
0.46697
0.57706
0.05989
0.09834
0.097
0.07361
0.06803
0.08407
0.53841
0.27363
0.36897
0.24911
0.03907
0.02901
0.07695
0.13722
0.03594
0.04353
0.0594
0.09943
0.07421
0.04352
0.04579
0.03459
0.04255
0.06378
0.08581
0.27937
0.11022
0.11925
0.02615
0.02599
0.81795
0.3569
0.05772
0.05868
0.15978
0.14737
0.06003
0.06676
0.92187
0.94478
0.46124
0.42152
0.1082
0.09367
0.02764
0.02785
0.37414
0.09839
0.08424
0.07837
0.03076
0.02664
0.14816
0.13995
0.28222
0.27358
0.07384
0.05851
0.22103
0.34772
0.10243
0.12457
0.87902
0.89457
0.07434
0.11584
0.1334
0.09081
0.123
0.12299
0.11636
0.1514
0.55217
0.48675
0.22254
0.15757
0.13176
0.16478
0.02527
0.03701
0.24479
0.19629
0.47749
0.53567
0.1309
0.14834
0.03102
0.02403
0.08155
0.04509
0.0772
0.08195
0.43843
0.30539
0.03552
0.08489
0.28664
0.28657
0.05384
0.04474
0.0812
0.05227
0.03496
0.03121
0.11345
0.12501
0.02731
0.02219
0.05154
0.04634
0.07561
0.0939
0.60988
0.7183
0.1265
0.11688
0.21281
0.18287
0.2119
0.27077
0.34855
0.29679
0.06238
0.05348
0.0372
0.05703
0.09112
0.07773
0.08443
0.16742
0.27982
0.40953
0.05378
0.07814
0.06562
0.11175
0.5732
0.05649
0.37221
0.03513
0.09406
0.1125
0.15713
0.24764
0.47497
0.22034
0.12251
0.13492
0.13626
0.22494
0.09825
0.09791
0.11088
0.0655
0.13934
0.13446
0.04931
0.15793
0.04491
0.0357
0.06401
0.08187
0.24998
0.11964
0.62616
0.60143
0.74599
0.70571
0.09932
0.10275
0.0353
0.03801
0.03542
0.06146
0.44484
0.12963
0.11369
0.10116
0.19184
0.15878
0.37838
0.23361
0.03483
0.03308
0.10233
0.11282
0.04957
0.05617
0.0347
0.0444
0.16708
0.19799
0.50932
0.3647
0.15221
0.04839
0.10952
0.16318
0.11492
0.30075
0.15142
0.17065
0.55735
0.17504
0.05243
0.03953
0.07716
0.10322
0.33116
0.21277
0.06319
0.04313
0.24304
0.2165
0.18478
0.20774
0.11799
0.17894
0.13025
0.14401
0.12039
0.12729
0.86814
0.90169
0.14439
0.15153
0.81633
0.83872
0.03296
0.02715
0.05739
0.06393
0.07224
0.04652
0.25514
0.25455
0.88892
0.8991
0.40147
0.19516
0.0969
0.33961
0.68641
0.74979
0.26669
0.23514
0.10422
0.06893
0.20901
0.12803
0.06764
0.05933
0.06622
0.06613
0.20013
0.18261
0.76664
0.68261
0.16282
0.1259
0.14197
0.12702
0.15237
0.13212
0.21892
0.18715
0.03679
0.03547
0.14635
0.15672
0.22431
0.14827
0.6767
0.7289
0.74654
0.8313
0.14519
0.36321
0.06601
0.0693
0.08584
0.08502
0.05887
0.06915
0.1868
0.16061
0.10411
0.25124
0.06502
0.06908
0.02763
0.03016
0.01705
0.02703
0.22424
0.19869
0.0388
0.04175
0.06274
0.06399
0.27516
0.22338
0.12577
0.0972
0.03776
0.02888
0.04779
0.05416
0.11491
0.07955
0.07982
0.06569
0.64864
0.58021
0.13325
0.17005
0.11417
0.1049
0.23219
0.11768
0.03617
0.05056
0.15278
0.14432
0.20847
0.18313
0.0495
0.04763
0.15961
0.10042
0.06399
0.11727
0.11177
0.09884
0.42639
0.45502
0.10436
0.0904
0.17393
0.15415
0.08029
0.1347
0.07386
0.05643
0.043
0.02325
0.06897
0.08502
0.25004
0.14825
0.22121
0.27736
0.24242
0.33565
0.14533
0.12345
0.17528
0.14835
0.0703
0.07231
0.07825
0.08995
0.18931
0.1359
0.04113
0.05202
0.06
0.06153
0.48606
0.44025
0.13324
0.3068
0.33735
0.29754
0.12592
0.07961
0.16367
0.21302
0.08527
0.08963
0.1693
0.30332
0.41788
0.39917
0.02834
0.02103
0.18535
0.22487
0.14936
0.20199
0.87529
0.72576
0.19337
0.09807
0.10646
0.08505
0.14945
0.25535
0.02299
0.03327
0.2811
0.25923
0.09928
0.08417
0.03321
0.05041
0.03682
0.07119
0.11283
0.08702
0.1113
0.11531
0.0793
0.06523
0.13881
0.10787
0.07533
0.05908
0.32449
0.10393
0.11395
0.29701
0.14666
0.11728
0.44895
0.37083
0.27094
0.62188
0.09493
0.12253
0.09545
0.0667
0.14788
0.13491
0.11386
0.15679
0.217
0.22004
0.65382
0.43295
0.05709
0.09173
0.03555
0.0642
0.04954
0.03968
0.09888
0.10923
0.34978
0.25897
0.09462
0.06441
0.43423
0.55938
0.10729
0.09877
0.08556
0.07715
0.30341
0.34424
0.08449
0.07593
0.7402
0.67661
0.15828
0.21078
0.22109
0.31227
0.02302
0.02261
0.14647
0.2365
0.22376
0.2224
0.22436
0.41186
0.88899
0.84017
0.87577
0.90868
0.90624
0.84024
0.72071
0.73666
0.08506
0.08506
0.08121
0.04863
0.04758
0.04498
0.16875
0.30935
0.06358
0.09959
0.22265
0.28766
0.05584
0.05179
0.12285
0.24092
0.20549
0.1716
0.64884
0.47382
0.0477
0.05209
0.9176
0.89961
0.68068
0.62548
0.0988
0.10245
0.51064
0.58924
0.17352
0.16505
0.04655
0.04625
0.05401
0.04484
0.15061
0.20682
0.18302
0.08889
0.09956
0.10179
0.46529
0.60204
0.25417
0.10468
0.15976
0.14029
0.45898
0.55681
0.39625
0.29926
0.27924
0.25984
0.52288
0.5838
0.29314
0.31071
0.20188
0.11726
0.14676
0.14982
0.20535
0.08908
0.64779
0.47695
0.15145
0.16089
0.07812
0.03041
0.14625
0.15079
0.04991
0.14021
0.1355
0.16894
0.66581
0.65243
0.06004
0.1173
0.76394
0.80043
0.32178
0.29996
0.04403
0.03165
0.10699
0.10557
0.7506
0.83925
0.0623
0.04094
0.52076
0.44781
0.04517
0.04394
0.16295
0.17221
0.07257
0.08661
0.03759
0.09573
0.47934
0.50334
0.77202
0.81187
0.67921
0.75107
0.1973
0.20123
0.03739
0.04275
0.47179
0.36341
0.61675
0.44507
0.68026
0.39779
0.68442
0.3267
0.13532
0.15882
0.06948
0.07517
0.06656
0.0698
0.32979
0.09773
0.41682
0.61503
0.18802
0.13849
0.06581
0.04326
0.10705
0.06255
0.65692
0.93553
0.04145
0.06565
0.49955
0.5178
0.2588
0.20373
0.81622
0.80669
0.22472
0.15355
0.27813
0.27586
0.16682
0.84627
0.91283
0.89701
0.35932
0.47026
0.2071
0.17157
0.02755
0.04859
0.06106
0.06391
0.36814
0.78167
0.13446
0.11585
0.38597
0.46335
0.14549
0.16558
0.12707
0.12876
0.08663
0.07869
0.23234
0.25688
0.02608
0.04296
0.07808
0.13725
0.29485
0.54284
0.2852
0.48565
0.06883
0.07057
0.05244
0.03597
0.15745
0.12805
0.06405
0.07844
0.03275
0.04321
0.14066
0.15795
0.04442
0.16704
0.08722
0.13424
0.92069
0.91493
0.89175
0.4162
0.88463
0.50837
0.03252
0.02627
0.08395
0.08495
0.67789
0.64833
0.11606
0.18867
0.12205
0.11252
0.82504
0.90104
0.89868
0.8714
0.82191
0.84158
0.07589
0.09573
0.92665
0.80943
0.04281
0.08083
0.1071
0.08574
0.05164
0.13877
0.1117
0.1514
0.18709
0.11983
0.05303
0.04887
0.16097
0.18324
0.04224
0.04043
0.13927
0.12539
0.08261
0.06571
0.59777
0.28389
0.29467
0.17275
0.08731
0.19225
0.60547
0.66643
0.26515
0.227
0.10843
0.13277
0.05838
0.04495
0.03209
0.03183
0.19039
0.17489
0.33458
0.1466
0.04125
0.03538
0.74592
0.46861
0.05311
0.0403
0.0686
0.06198
0.76467
0.83032
0.75142
0.73421
0.12806
0.1357
0.06682
0.10925
0.70899
0.60371
0.35689
0.18529
0.03828
0.08283
0.38483
0.37173
0.34542
0.27497
0.14712
0.192
0.08169
0.07437
0.1686
0.16258
0.25124
0.30033
0.17372
0.39075
0.07405
0.05339
0.40838
0.53462
0.06146
0.10554
0.04942
0.0302
0.02978
0.02625
0.13972
0.09389
0.25042
0.15026
0.07602
0.07359
0.14708
0.32476