0.04225
0.02636
0.13682
0.14231
0.48742
0.23259
0.03069
0.00307
0.78986
0.69164
0.68662
0.88203
0.00127
0.00253
0.03452
0.04175
0.30698
0.24199
0.30785
0.13289
0.17442
0.52255
0.03684
0.16697
0.0887
0.04554
0.10576
0.05562
0.0261
0.01624
0.00529
0.00519
0.43112
0.33652
0.03927
0.02901
0.0608
0.24963
0.02166
0.02851
0.77624
0.32467
0.43257
0.33972
0.79166
0.56087
0.18198
0.09289
0.01887
0.02454
0.45126
0.52035
0.40057
0.14039
0.50945
0.12668
0.57983
0.20733
0.04448
0.2079
0.49599
0.16708
0.01179
0.00521
0.38562
0.36004
0.17148
0.05801
0.19751
0.60104
0.08642
0.1801
0.04074
0.03638
0.07321
0.06178
0.93405
0.96221
0.70615
0.35205
0.03033
0.01808
0.87251
0.66453
0.04087
0.25293
0.27909
0.16306
0.24968
0.14133
0.04132
0.04778
0.35823
0.37744
0.00804
0.01758
0.19304
0.18676
0.86079
0.22517
0.01649
0.01834
0.01216
0.02686
0.93939
0.95064
0.08816
0.04088
0.12264
0.02114
0.22672
0.22771
0.1135
0.50253
0.93195
0.82023
0.61032
0.28094
0.9761
0.99777
0.99734
0.99283
0.02421
0.03037
0.02717
0.07718
0.04695
0.18506
0.11636
0.24033
0.99234
0.99385
0.96269
0.9899
0.80131
0.94433
0.09148
0.08158
0.91144
0.97835
0.57153
0.54361
0.02702
0.03463
0.99981
0.99964
0.69461
0.56894
0.63587
0.20921
0.92558
0.91107
0.19989
0.04169
0.73815
0.54234
0.51269
0.34
0.49298
0.43305
0.23151
0.68755
0.99849
0.99962
0.99353
0.99676
0.99789
0.99575
0.74906
0.63344
0.93594
0.62902
0.99726
0.99893
0.05444
0.01484
0.99912
0.99876
0.52432
0.71162
0.05028
0.05592
0.9988
0.99493
0.3266
0.34369
0.81862
0.78358
0.42
0.49802
0.45903
0.37604
0.02714
0.01731
0.11468
0.19265
0.99879
0.99679
0.99948
0.9968
0.08793
0.11712
0.60267
0.51634
0.99942
0.99968
0.01063
0.01771
0.99589
0.99509