0.91083
0.81249
0.34252
0.41578
0.11178
0.14541
0.46486
0.22031
0.92077
0.94568
0.91735
0.91095
0.9635
0.95647
0.30344
0.3421
0.91885
0.95674
0.54387
0.28999
0.06345
0.08073
0.97219
0.9697
0.74247
0.94938
0.96468
0.97644
0.96013
0.95905
0.98282
0.98565
0.59877
0.92616
0.38709
0.57891
0.95623
0.95461
0.96252
0.96464
0.82099
0.81205
0.88127
0.89719
0.92161
0.91886
0.78193
0.7387
0.13332
0.06164
0.71971
0.73491
0.87408
0.84935
0.88356
0.88458
0.89141
0.88446
0.11043
0.23359
0.58616
0.60863
0.8794
0.86526
0.9465
0.94377
0.13702
0.50952
0.92732
0.90435