0.77935
0.95167
0.10955
0.18125
0.05859
0.0601
0.04969
0.07178
0.00123
0.00071
0.00386
0.00865
0.00615
0.00134
0.16701
0.06231
0.0025
0.00116
0.00419
0.01519
0.01184
0.0026
0.0007
0.00505
0.00975
0.00519
0.01223
0.02109
0.03734
0.10605
0.63553
0.22602
0.99057
0.9816
0.82443
0.82124
0.69041
0.96987
0.92988
0.9752
0.05077
0.07353
0.00015
0.00043
4e-05
0.00017
0.85527
0.8302
0.54823
0.79324
0.88362
0.69037
0.72082
0.68135
0.38281
0.7014
0.39909
0.30526
0.18521
0.18552
0.58057
0.98013
0.98834
0.99855
0.99196
0.99173
0.25714
0.21218
0.0017
0.02472
0.90033
0.49512
0.59064
0.92985
0.92336
0.84379
0.34704
0.24059
0.0219
0.01588
0.29362
0.65828
0.3824
0.12346
0.99889
0.99893
0.55115
0.7164
0.56484
0.21864
0.93055
0.98221
0.17829
0.43951
0.30595
0.23532
0.32969
0.3422
0.80498
0.40765
0.66892
0.91266
0.3957
0.45582
0.92072
0.97784
0.07289
0.03425
0.93957
0.95547
0.97302
0.93322
0.47215
0.26128
0.01837
0.00106
0.43884
0.44586
0.81671
0.38922
0.68798
0.53214
0.55637
0.92057
0.13227
0.14405