0.91545
0.77719
0.83558
0.64391
0.35597
0.22933
0.90253
0.88
0.81848
0.90018
0.02045
0.0119
0.18402
0.1424
0.73978
0.73462
0.69376
0.68395
0.9505
0.85953
0.4869
0.49246
0.40395
0.52283
0.32826
0.26808
0.90018
0.87103
0.54904
0.17017
0.47665
0.70046
0.41416
0.11112
0.26995
0.20081
0.11651
0.12801
0.72268
0.8546
0.78603
0.70568
0.49367
0.7365
0.92916
0.94543
0.45981
0.38581
0.72443
0.80706
0.15281
0.28105
0.07675
0.09271
0.24468
0.43073
0.25506
0.27641
0.92284
0.89316
0.03273
0.07025
0.80254
0.89033
0.82641
0.81958
0.8891
0.8311
0.89756
0.8047
0.62255
0.68533
0.58822
0.33907
0.01821
0.08124
0.64393
0.54718
0.39301
0.15045
0.81818
0.86829
0.86558
0.82239
0.68162
0.67794
0.35904
0.51973
0.15513
0.25988
0.94851
0.92897
0.79382
0.87861
0.26245
0.08399
0.88958
0.83098
0.12182
0.04778
0.12971
0.102
0.25717
0.20814
0.55493
0.5991
0.53505
0.52532
0.28074
0.34468
0.38352
0.18815
0.87581
0.83753
0.04691
0.35338
0.20171
0.1757
0.93888
0.93375
0.25236
0.24865
0.74657
0.77171
0.73311
0.83439
0.00456
0.00675
0.43539
0.55761
0.96345
0.97106
0.0211
0.0175
0.15737
0.16022
0.64966
0.77215
0.0513
0.10897
0.60857
0.69232
0.09351
0.10216
0.12846
0.11648
0.97
0.9078
0.88504
0.90761
0.06842
0.10348
0.57042
0.28894
0.11423
0.10368
0.24051
0.37181
0.91371
0.91813