0.17657
0.2697
0.40526
0.66081
0.95989
0.96452
0.70795
0.553
0.95376
0.97278
0.98612
0.9009
0.94901
0.92827
0.08666
0.28756
0.96755
0.89164
0.99588
0.99844
0.98235
0.91999
0.7387
0.55309
0.99699
0.98942
0.07847
0.1209
0.98239
0.99671
0.94343
0.97274
0.98213
0.99057
0.06453
0.04554
0.00881
0.01186
0.39682
0.16883
0.34482
0.54112
0.97644
0.98591
0.52204
0.56396
0.17642
0.24815
0.99942
0.99929
0.97152
0.98338
0.41554
0.46201
0.47334
0.61437
0.4596
0.59933
0.11039
0.22912
0.99391
0.99541
0.96402
0.97357
0.9271
0.97934
0.90331
0.8088
0.07986
0.19041
0.99014
0.97759
0.99183
0.99009
0.95002
0.94493
0.08214
0.61694
0.95007
0.95535
0.12916
0.24184
0.99762
0.97968
0.9947
0.98666
0.99573
0.99718
0.88407
0.85843
0.28369
0.42108
0.84329
0.94849
0.41845
0.62987
0.27398
0.44074
0.15317
0.20113
0.92643
0.97528
0.57228
0.40032
0.84079
0.82319
0.98084
0.69294
0.13186
0.05838