0.11751
0.17555
0.62199
0.69345
0.10028
0.07027
0.05652
0.0365
0.96753
0.95767
0.91092
0.67401
0.22195
0.0871
0.04519
0.04876
0.66677
0.67734
0.02714
0.00754
0.95666
0.95217
0.91603
0.88856
0.64232
0.44249
0.14298
0.36306
0.32912
0.69465
0.41934
0.67886
0.37797
0.1018
0.30814
0.69544
0.06064
0.01632
0.94211
0.95591
0.04123
0.04487
0.65559
0.68524
0.34196
0.79711
0.19949
0.04615
0.1223
0.33025
0.03099
0.02005
0.01876
0.03192
0.33951
0.22177
0.00816
0.14
0.02461
0.01456
0.99662
0.99194
0.99969
0.9994
0.64537
0.71986
0.12488
0.14189
0.53287
0.7359
0.71115
0.65476
0.04268
0.06384
0.59024
0.50459
0.00446
0.00342