0.99877
0.97944
0.97561
0.97984
0.13888
0.56283
0.48016
0.72743
0.12591
0.09448
0.96875
0.93144
0.19417
0.43816
0.01622
0.05188
0.00751
0.00202
0.95958
0.92433
0.14676
0.03212
0.72459
0.90901
0.00039
0.00086
0.00013
0.00021
0.25387
0.20615
0.00313
0.0012
0.01538
0.07046
0.99365
0.9933
0.9975
0.99732
0.9724
0.88235
0.00042
0.00034
0.63617
0.71445
0.99964
0.99912
0.7847
0.79792
0.16538
0.09422
0.0459
0.05844
0.1807
0.29942
0.84434
0.8433
0.11724
0.48197
0.01353
0.01854
0.88695
0.92905
0.20578
0.28812
0.30552
0.65568
0.0397
0.01936
0.00514
0.0022
0.77769
0.68342
0.00759
0.004
0.05237
0.04039
0.0041
0.00988
0.90903
0.6152
0.72021
0.27143
0.08447
0.00973
0.18298
0.1704
0.09613
0.40542
0.89287
0.89466
0.13178
0.04017
0.00114
0.00176
0.6026
0.41551
0.00497
0.02477
0.24986
0.11582
0.00342
0.00351
0.00295
0.00469
0.00025
7e-05
0.34516
0.56493
0.36906
0.33276
0.02572
0.01332
0.45115
0.06813
0.29309
0.11041
0.01584
0.02154
0.24928
0.35457
0.79406
0.66686
0.99387
0.99204
0.57231
0.60453
0.68157
0.29104
0.7698
0.63556
0.96742
0.98203
0.09126
0.08495
0.0897
0.06666
0.11004
0.37311
0.99812
0.99648
0.96341
0.83089