0.15924
0.12478
0.95918
0.94933
0.90451
0.90736
0.74342
0.71862
0.99239
0.99495
0.54664
0.61837
0.98351
0.98516
0.86557
0.84671
0.94979
0.94514
0.99069
0.99016
0.98775
0.98873
0.88708
0.88886
0.90657
0.89718
0.96984
0.96272
0.9869
0.97939
0.95885
0.96676
0.03422
0.8715
0.95722
0.97833
0.98738
0.98479
0.81536
0.92413
0.99532
0.93054
0.87053
0.88866
0.99354
0.99667
0.97906
0.93795
0.91661
0.90659
0.9365
0.95106
0.90685
0.87898
0.92144
0.9175
0.99931
0.99857
0.99902
0.99842
0.88304
0.9068
0.87866
0.84206
0.96194
0.95299
0.56224
0.46261
0.97261
0.98318
0.01699
0.02873
0.98853
0.9787
0.6979
0.7059
0.99493
0.99861
0.9957
0.99476
0.92347
0.91962
0.99913
0.9991
0.99808
0.98791
0.99855
0.99906
0.93555
0.94666
0.99567
0.99667
0.99193
0.99423
0.88324
0.88726
0.99617
0.98644
0.76333
0.78252
0.8242
0.89652
0.99592
0.9958
0.99462
0.99445
0.99767
0.99705
0.70143
0.71519
0.88708
0.88886
0.009
0.98383
0.96398
0.95469
0.99387
0.99207