0.08241
0.06573
0.00682
0.00313
0.99576
0.96068
0.0598
0.06434
0.11222
0.16052
0.01452
0.01323
0.03932
0.02801
0.68675
0.17876
0.23179
0.35515
0.73133
0.76084
0.70797
0.68809
0.15797
0.03013
0.06329
0.06358
0.04654
0.0218
0.25237
0.21627
0.01178
0.05825
0.01176
0.01352
0.09056
0.09649
0.79687
0.90213
0.66018
0.64038
0.00304
0.00266
0.03858
0.3825
0.92248
0.61399
0.12071
0.15794
0.05322
0.03877
0.89232
0.98256
0.00689
0.01116
0.04187
0.25449
0.02619
0.28324
0.90063
0.92476
0.88067
0.90376
0.07516
0.27808
0.93624
0.99778
0.01888
0.07574