0.9616
0.9564
0.99743
0.98302
0.99533
0.99563
0.99169
0.91346
0.03792
0.05378
0.91798
0.91023
0.23711
0.21096
0.67749
0.70074
0.22628
0.17456
0.27503
0.16261
0.99426
0.9938
0.98778
0.98782
0.9992
0.99871
0.94612
0.98092
0.99983
0.9994
0.99986
0.99976
0.9887
0.98685
0.97324
0.95334
0.82331
0.84559
0.06354
0.06865
0.85198
0.81492
0.96091
0.97125
0.99876
0.98969
0.83938
0.77917
0.9771
0.99894
0.65228
0.51425
0.99558
0.99035
0.94085
0.93499
0.9812
0.85433
0.99921
0.9985
0.99927
0.99901
0.98626
0.98891
0.94852
0.9627
0.92476
0.96609
0.99873
0.99895
0.92265
0.92124
0.98805
0.98592
0.10951
0.13833
0.18588
0.50987
0.98212
0.95954
0.99403
0.99421
0.96515
0.97849
0.86375
0.84003
0.9931
0.99314
0.9353
0.94285
0.64574
0.63549
0.9536
0.92973
0.98722
0.98391
0.97676
0.96781
0.99671
0.99666
0.02598
0.03835
0.59074
0.65093
0.72604
0.77933
0.9839
0.97998
0.20651
0.1999
0.83583
0.81027
0.97943
0.97526
0.26146
0.36639
0.90771
0.95543
0.99402
0.99392
0.9543
0.9237
0.76236
0.79953
0.75526
0.73173
0.07365
0.07838
0.73216
0.79199
0.99069
0.97852
0.96037
0.58643
0.26125
0.09886
0.99703
0.99803
0.76176
0.78942
0.07361
0.14539
0.9804
0.99744
0.7304
0.97698
0.82132
0.57409
0.98835
0.99857
0.99354
0.99194
0.04453
0.03246
0.96159
0.93602
0.99284
0.9936
0.14267
0.08985
0.02395
0.02106
0.80988
0.49671
0.70762
0.30156
0.99267
0.98569
0.98112
0.95641
0.99142
0.99056
0.97853
0.98698
0.96226
0.9756
0.68556
0.90559
0.83547
0.77649
0.84378
0.89095
0.4645
0.4632
0.99462
0.99612
0.94436
0.95613
0.9355
0.93504
0.99202
0.99861
0.84886
0.91471
0.08153
0.08436
0.97753
0.60202
0.68029
0.562
0.90224
0.96004
0.7422
0.81063
0.9564
0.95048
0.99617
0.99669
0.82886
0.8536
0.041
0.03904
0.97963
0.97877
0.89653
0.90242
0.9285
0.96846
0.99227
0.99693
0.21923
0.40236
0.09487
0.09695
0.39267
0.39611
0.66716
0.49888
0.76589
0.7274
0.28954
0.27696
0.98393
0.97938
0.69946
0.75823
0.91867
0.93132
0.0936
0.10444
0.99947
0.9993
0.99981
0.99976
0.99249
0.98797
0.81691
0.83525
0.95528
0.95595
0.93141
0.95879
0.91679
0.94164
0.87849
0.77616
0.92709
0.94216
0.84965
0.85632
0.88837
0.75729
0.98798
0.98202
0.9761
0.97105
0.71636
0.33109
0.29576
0.32214
0.76983
0.90191
0.697
0.71687
0.18438
0.14839