0.39218
0.36384
0.39459
0.45870
0.49203
0.46667
0.75694
0.72946
0.77793
0.75878
0.47851
0.51408
0.26378
0.19413
0.59239
0.54027
0.26771
0.27794
0.60563
0.42515
0.36676
0.34002
0.44758
0.43881
0.45190
0.45590
0.72827
0.61780
0.56697
0.39295
0.90479
0.90030
0.44758
0.45388
0.56898
0.57625
0.62266
0.63793
0.35485
0.36074
0.79179
0.84018
0.35828
0.41946
0.34209
0.32194
0.23815
0.29607
0.39041
0.36872
0.52465
0.40290
0.36585
0.39496
0.32997
0.32332
0.56940
0.40690
0.39076
0.27571
0.26678
0.28220
0.54352
0.48122
0.74677
0.64531
0.69843
0.71052
0.37828
0.32645
0.41808
0.37353
0.67984
0.66420
0.34658
0.32348
0.37002
0.35348
0.55754
0.61930
0.61487
0.75624
0.64524
0.59596
0.75642
0.77205
0.60290
0.56666
0.24129
0.46084
0.64982
0.61371
0.40006
0.51747
0.82202
0.83839
0.61593
0.59397
0.42625
0.54496
0.47533
0.49592
0.27100
0.23180
0.56097
0.49723
0.27373
0.32291
0.66627
0.67358
0.38092
0.42014
0.68015
0.72883
0.89694
0.90919
0.73282
0.76338
0.24655
0.21224
0.50723
0.47803
0.36678
0.36748
0.49970
0.57143
0.50697
0.53481
0.28437
0.30877
0.46890
0.45793
0.62339
0.67839
0.68394
0.64897
0.34826
0.58556
0.59617
0.57822
0.61878
0.43959
0.65631
0.67851
0.38783
0.39036
0.77070
0.73670
0.37798
0.20907
0.09380
0.10602
0.17500
0.18113
0.50065
0.49405
0.52748
0.51577
0.38398
0.38440
0.56261
0.54073
0.43115
0.40245
0.40678
0.40968
0.24645
0.25986
0.50079
0.48819
0.73293
0.75114
0.37650
0.39461
0.22268
0.25217
0.69395
0.71234
0.64800
0.65052
0.65499
0.68580
0.22884
0.17795
0.22344
0.27126
0.07634
0.12769
0.58925
0.53420
0.34898
0.41831
0.22445
0.29469
0.42253
0.42765
0.12367
0.12186
0.87187
0.82687
0.28518
0.30551
0.23754
0.39567
0.50632
0.45239
0.54796
0.55330
0.24059
0.21961
0.43854
0.43335
0.54973
0.69106
0.72153
0.72800
0.26245
0.22373
0.34579
0.34447
0.34899
0.36025
0.19625
0.18224
0.39278
0.22995
0.21217
0.23697
0.32745
0.28470
0.23663
0.16098
0.83375
0.65437
0.45240
0.52906
0.50174
0.52789
0.39656
0.30531
0.47265
0.43501
0.81609
0.83405
0.52697
0.52493
0.76049
0.72118
0.46790
0.51988
0.19868
0.14276
0.71122
0.69726
0.16028
0.13011
0.72423
0.82909
0.03047
0.14297
0.69986
0.71083
0.17381
0.19273
0.63976
0.50607
0.74024
0.76681
0.56035
0.53418
0.64838
0.68205
0.55947
0.53671
0.22203
0.22705
0.20748
0.21319
0.56671
0.64498
0.56371
0.53433
0.28081
0.33432
0.67768
0.66080
0.26871
0.23727
0.32709
0.32229
0.55159
0.58852
0.35958
0.33507
0.20880
0.62960
0.81260
0.83501
0.79623
0.81415
0.59355
0.60517
0.35049
0.30064
0.60326
0.36197
0.62053
0.72513
0.53198
0.47194
0.68600
0.58787
0.54967
0.55886
0.56750
0.55902
0.71727
0.73688
0.29558
0.30978
0.21124
0.21808
0.21470
0.29464
0.72633
0.72249
0.80901
0.83307
0.57239
0.57213
0.38043
0.36683
0.52362
0.46287
0.49204
0.50021
0.48401
0.52180
0.28984
0.32320
0.68200
0.72743
0.46949
0.45085
0.15377
0.25173
0.35112
0.44964
0.48446
0.50412
0.54655
0.44880
0.12635
0.20443
0.49003
0.55560
0.20439
0.22465
0.61524
0.63375
0.24381
0.21380
0.25432
0.29186
0.44835
0.41384
0.41990
0.43721
0.41117
0.38957
0.14451
0.13700
0.32812
0.68725
0.32370
0.38000
0.19919
0.18749
0.78629
0.77090
0.47970
0.48192
0.36715
0.30926
0.31790
0.27951
0.25178
0.24157
0.41909
0.43034
0.24994
0.28516
0.33129
0.32171
0.36963
0.40207
0.45426
0.61355
0.15498
0.21848
0.29380
0.28990
0.53063
0.43440
0.78248
0.80716
0.54126
0.67858
0.72829
0.76616
0.41466
0.40016
0.80073
0.82229
0.73292
0.73879
0.50573
0.47155
0.40973
0.41781
0.62949
0.63832
0.34274
0.33643
0.38957
0.36187
0.45278
0.23671
0.11045
0.10764
0.67116
0.63531
0.63801
0.64931
0.70191
0.70695
0.58735
0.52050
0.53337
0.51642
0.57672
0.46381
0.31136
0.24070
0.39677
0.36174
0.10601
0.10095
0.39578
0.39373
0.46311
0.42223
0.16514
0.18807
0.29444
0.31025
0.24708
0.23337
0.23966
0.28491
0.22962
0.20822
0.31942
0.44255
0.38691
0.42297
0.45149
0.45622
0.65461
0.76660
0.42572
0.42380
0.55162
0.40536
0.71934
0.78216
0.57245
0.70894
0.58685
0.55653
0.17800
0.15955
0.29693
0.37072
0.35703
0.35746
0.33154
0.30946
0.23198
0.25680
0.44641
0.44124
0.57058
0.56603
0.19001
0.48603
0.86064
0.79988
0.90605
0.92297
0.33688
0.35080
0.37393
0.30974
0.56072
0.65912
0.57750
0.58522
0.37602
0.39903
0.24906
0.19354
0.18129
0.30189
0.26077
0.28927
0.22111
0.23112
0.82899
0.83435
0.45798
0.40624
0.36464
0.32562
0.64861
0.63489
0.68974
0.66052
0.52252
0.43646
0.41759
0.38904
0.58949
0.61498
0.53581
0.47566
0.50301
0.45717
0.33098
0.33424
0.81718
0.84321
0.64620
0.67651
0.69711
0.72455
0.76265
0.75259
0.65097
0.70748
0.24928
0.21470
0.47361
0.42439
0.45911
0.49586
0.36743
0.44822
0.31147
0.37532
0.68941
0.72024
0.41612
0.25839
0.59072
0.58311
0.40096
0.41436
0.33366
0.33164
0.52826
0.48974
0.64050
0.50920
0.42241
0.43395
0.28045
0.31426
0.62525
0.58671
0.38488
0.38375
0.25060
0.26304
0.11248
0.12718
0.52125
0.45067
0.40214
0.38958
0.86983
0.91909
0.30527
0.38178
0.17279
0.17243
0.57667
0.60293
0.22845
0.27643
0.36962
0.32504
0.68807
0.68347
0.48512
0.43851
0.56706
0.54910
0.81475
0.82986
0.43087
0.24666
0.35581
0.34173
0.50713
0.58666
0.58569
0.38804
0.18181
0.17335
0.41547
0.37151
0.59899
0.67507
0.56988
0.56357
0.19622
0.21781
0.79866
0.80927
0.40294
0.33082
0.04927
0.02884
0.27471
0.29469
0.50430
0.56310
0.41649
0.37024
0.59437
0.40398
0.08930
0.07434
0.23579
0.20149
0.39328
0.36785
0.43969
0.52966
0.52605
0.52331
0.56046
0.56821
0.25524
0.18909
0.42496
0.62967
0.69749
0.66677
0.77463
0.78823
0.44635
0.61674
0.35994
0.38258
0.31680
0.59873
0.78406
0.76603
0.29441
0.55843
0.61995
0.59979
0.13579
0.16555
0.35698
0.38564
0.11538
0.11226
0.65593
0.67925
0.61549
0.58916
0.53857
0.44335
0.41889
0.38771
0.48799
0.53076
0.77937
0.73267
0.34438
0.28789
0.06941
0.08664
0.66725
0.69949
0.37974
0.33473
0.34610
0.37967
0.66084
0.79746
0.48388
0.43937
0.77666
0.80102
0.29250
0.27043
0.34686
0.37486
0.63151
0.66744
0.34942
0.39459
0.35146
0.76977
0.26327
0.31991
0.64460
0.63486
0.56315
0.63002
0.36939
0.33952
0.36066
0.42181
0.41451
0.38653
0.40829
0.41953
0.60448
0.64321
0.22500
0.20924
0.38727
0.38084
0.22100
0.18096
0.78560
0.77507
0.39538
0.34367
0.57874
0.69887
0.73066
0.74146
0.68618
0.69745
0.52715
0.54979
0.34092
0.36944
0.34928
0.33601
0.39059
0.44643
0.32756
0.43267
0.45351
0.46222
0.30462
0.24154
0.47529
0.40732
0.19169
0.21248
0.36834
0.33615
0.29557
0.30298
0.34226
0.43529
0.38919
0.37787
0.37569
0.38998
0.24601
0.28602
0.28456
0.24792
0.37209
0.41377
0.37541
0.36422
0.40280
0.41364
0.60733
0.59825
0.48149
0.56658
0.18927
0.16404
0.29475
0.31659
0.27486
0.28796
0.41391
0.57531
0.19745
0.23666
0.41524
0.45101
0.49105
0.53673
0.31837
0.29120
0.27191
0.36984
0.43315
0.42501
0.33973
0.32409
0.40443
0.43514
0.31517
0.36014
0.79352
0.64900
0.33626
0.42150
0.55426
0.60570
0.67374
0.62698
0.39731
0.41323
0.15028
0.15459
0.57974
0.55850
0.68773
0.68558
0.62621
0.66993
0.48623
0.45659
0.63350
0.64898
0.43169
0.44411
0.55981
0.53165
