0.46383
0.30515
0.38703
0.34923
0.32690
0.34954
0.20255
0.17456
0.22135
0.31010
0.07827
0.07219
0.12561
0.14834
0.29522
0.33667
0.47455
0.57953
0.13828
0.17945
0.25356
0.31827
0.17248
0.17429
0.69250
0.64219
0.38802
0.35528
0.68370
0.72438
0.74742
0.72672
0.58117
0.58578
0.50868
0.59396
0.59772
0.47401
0.28960
0.30673
0.45807
0.42380
0.69172
0.75608
0.76040
0.74082
0.02072
0.02391
0.82325
0.79001
0.27823
0.34847
0.22224
0.35816
0.36270
0.44407
0.72322
0.99937
0.33568
0.20215
0.34357
0.56217
0.26364
0.35182
0.64260
0.68193
0.01887
0.03489
0.44808
0.50718
0.40893
0.38358
0.41908
0.37915
0.74087
0.70736
0.74882
0.77465
0.06648
0.10439
0.17718
0.15000
0.58055
0.70623
0.69094
0.64495
0.85414
0.99287
0.57675
0.59699
0.60093
0.55399
0.40786
0.27118
0.40712
0.44682
0.01548
0.01609
0.30664
0.29576
0.65033
0.68205
0.69772
0.71026
0.11525
0.23623
0.33159
0.39561
0.31329
0.32896
0.57994
0.61090
0.20927
0.22855
