0.02701
0.02771
0.12842
0.02088
0.01528
0.03076
0.10398
0.11966
0.02146
0.02268
0.03569
0.04117
0.02426
0.02099
0.47133
0.61579
0.03787
0.03135
0.01000
0.01298
0.01281
0.01029
0.03111
0.01472
0.01969
0.01470
0.02284
0.02185
0.05356
0.11862
0.02389
0.02922
0.04907
0.06023
0.01236
0.01203
0.02715
0.02716
0.01482
0.01551
0.02073
0.02491
0.04653
0.05342
0.02962
0.01249
0.02188
0.01825
0.01174
0.01357
0.12764
0.13006
0.01781
0.01973
0.04310
0.03187
0.98377
0.96034
0.00920
0.00903
0.01208
0.01777
0.01231
0.01093
0.00705
0.00947
0.03514
0.03086
0.00960
0.00909
0.03800
0.04782
0.57235
0.56997
0.01144
0.01236
0.01420
0.01068
0.00751
0.00822
0.92959
0.93213
0.00898
0.00900
0.01999
0.03336
0.01580
0.05619
0.01268
0.01256
0.02221
0.01855
0.01968
0.01351
0.15533
0.15327
0.03137
0.03262
0.01046
0.01085
0.00846
0.00973
0.01982
0.01978
0.01305
0.01374
0.01711
0.01725
0.02499
0.02781
0.01240
0.00503
0.01207
0.01385
0.05829
0.20323
0.01324
0.01385
0.03062
0.02895
0.01378
0.01424
0.01894
0.02074
0.95834
0.96255
0.02147
0.01875
0.84879
0.85206
0.02504
0.01834
0.02722
0.01616
0.02091
0.02802
0.01714
0.01572
0.03329
0.03112
0.01133
0.01027
0.01592
0.00810
0.03985
0.03693
0.00811
0.01036
0.08501
0.09474
0.02011
0.02113
0.03564
0.03995
0.01110
0.01144
0.03827
0.03603
0.04435
0.03755
0.94264
0.93506
0.01225
0.01750
0.02464
0.02586
0.03523
0.02186
0.02280
0.01989
0.02843
0.01849
0.01417
0.01205
0.97883
0.88961
0.01259
0.01247
0.03321
0.02530
0.06527
0.13046
0.00975
0.00988
0.02032
0.01603
0.04014
0.03215
0.01895
0.01538
0.01957
0.01686
0.13305
0.09930
0.02218
0.02908
0.02062
0.04852
0.81074
0.80561
0.99422
0.99349
0.99859
0.99641
0.01756
0.01828
0.01154
0.01268
0.04595
0.01485
0.01217
0.01011
0.01704
0.01774
0.99673
0.99559
0.01353
0.00895
0.03848
0.02945
0.86483
0.33407
0.96021
0.89721
0.01821
0.01537
0.02979
0.02919
0.03353
0.03217
0.02080
0.02446
0.02138
0.01075
0.03520
0.11143
0.03067
0.02314
0.02627
0.01996
0.03579
0.04529
0.03792
0.02848
0.03089
0.02238
0.01022
0.01129
0.02544
0.03447
0.01114
0.01043
0.02023
0.02063
0.09560
0.09989
0.02002
0.01988
0.43454
0.60758
0.01706
0.02192
0.01947
0.01710
0.20483
0.29261
0.01399
0.01220
0.01374
0.01244
0.02259
0.01752
0.01532
0.01430
0.01243
0.01786
0.90717
0.08850
0.96487
0.96739
0.00953
0.01016
0.01857
0.01739
0.01609
0.02123
0.02170
0.01981
0.02505
0.02547
0.01489
0.01481
0.02244
0.02006
0.01001
0.01126
0.02176
0.00862
0.02723
0.02506
0.01484
0.02897
0.03555
0.02286
0.01790
0.02639
0.01716
0.01409
0.34553
0.41495
0.02635
0.02499
0.02424
0.02615
0.02509
0.01640
0.05150
0.03076
0.99639
0.99646
0.01993
0.02198
0.01035
0.01063
0.01048
0.01070
0.01243
0.01546
0.01766
0.02122
0.01386
0.01489
0.01287
0.01255
0.01796
0.01445
0.01827
0.01656
0.98872
0.99156
0.98395
0.98092
0.02331
0.02446
0.01550
0.01488
0.99905
0.99871
0.01904
0.02033
0.02632
0.03495
0.02037
0.05466
0.00622
0.00615
0.01546
0.01522
0.01431
0.01437
0.98654
0.99500
0.02597
0.02720
0.03618
0.03429
0.03808
0.04246
0.01139
0.00964
0.09809
0.06151
0.01369
0.01213
0.99620
0.99623
0.99876
0.99737
0.02447
0.03709
0.02597
0.04393
0.01508
0.01454
0.04518
0.02665
0.00921
0.00879
0.02076
0.02255
0.01314
0.01379
0.04355
0.04176
