0.59629
0.61770
0.54539
0.53537
0.45679
0.58098
0.92631
0.79998
0.58309
0.57622
0.59545
0.60107
0.39091
0.50191
0.54569
0.53551
0.43022
0.36854
0.37396
0.38431
0.46331
0.49551
0.58666
0.59121
0.60712
0.62618
0.55539
0.46474
0.50663
0.42943
0.58549
0.59735
0.52055
0.48656
0.55059
0.49779
0.44027
0.43873
0.64423
0.68138
0.38258
0.36541
0.64584
0.63652
0.55832
0.58996
0.54287
0.56114
0.44440
0.43994
0.57721
0.54413
0.56118
0.57179
0.48389
0.38252
0.38831
0.35651
0.46337
0.35246
0.31622
0.41543
0.41492
0.43831
0.52585
0.47475
0.64437
0.55632
0.61306
0.59343
0.46893
0.55373
0.63290
0.59157
0.59176
0.55608
0.58538
0.64820
0.39636
0.37137
0.72208
0.65846
0.61715
0.57286
0.34896
0.30380
0.53997
0.54377
0.39574
0.39140
0.46214
0.46874
0.77219
0.69343
0.43923
0.42646
0.34828
0.34239
0.55779
0.52167
0.49432
0.49420
0.34743
0.39751
0.53893
0.54470
0.52824
0.57616
0.53163
0.50503
0.61468
0.54130
0.36456
0.42472
0.57336
0.36400
0.29339
0.31003
0.22276
0.32461
0.58003
0.56766
0.38815
0.42340
0.46654
0.49681
0.37199
0.30608
0.42146
0.44252
0.46485
0.40777
0.43014
0.38806
0.32538
0.31043
0.23054
0.23753
0.68304
0.64325
0.61764
0.58788
0.34772
0.34907
0.24187
0.27550
0.35415
0.32951
0.50841
0.40514
0.54476
0.53112
0.39347
0.39195
0.46980
0.53644
0.36774
0.36869
0.42862
0.43613
0.48003
0.48268
0.47595
0.40255
0.53278
0.55663
0.49162
0.49029
0.57258
0.56898
0.46457
0.44596
0.55643
0.57732
0.49289
0.53031
0.51553
0.48136
0.41506
0.40666
0.39367
0.38691
0.35673
0.37374
0.36165
0.43193
0.42856
0.35336
0.51394
0.43962
0.49936
0.49031
0.68738
0.67459
0.58903
0.60334
0.53116
0.53297
0.30395
0.37507
0.40891
0.39353
0.47496
0.41135
0.63729
0.61790
0.45760
0.46550
0.56799
0.57517
0.48791
0.45876
0.18977
0.18990
0.20761
0.26279
0.63395
0.61674
0.64558
0.62730
0.64369
0.79611
0.50205
0.56650
0.51925
0.54041
0.62250
0.61130
0.65765
0.59418
0.52970
0.52929
0.60462
0.57311
0.92697
0.76903
0.59085
0.61492
0.67340
0.62714
0.40076
0.36766
0.45741
0.48141
0.84169
0.83684
0.51621
0.56599
0.59088
0.60693
0.57228
0.55141
0.43627
0.42961
0.61842
0.67039
0.57312
0.58698
0.42105
0.49507
0.39332
0.43469
0.47467
0.48318
0.36513
0.58425
0.98645
0.98629
0.48990
0.48074
0.48736
0.51431
0.48261
0.46941
0.36381
0.37518
0.52294
0.51803
0.56191
0.54964
0.32058
0.31971
0.51709
0.52305
0.41083
0.40452
0.57296
0.55340
0.74704
0.72213
0.42837
0.45456
0.36620
0.40399
0.22597
0.28416
0.68214
0.63057
0.54582
0.57196
0.85306
0.85058
0.31509
0.27331
0.48589
0.43287
0.43663
0.44447
0.50630
0.48873
0.42441
0.43442
0.64666
0.63946
0.61738
0.58783
0.48787
0.44448
0.61333
0.61883
0.61761
0.59730
0.59779
0.53557
0.50845
0.54011
0.49056
0.52921
0.53054
0.53876
0.44028
0.41832
0.52817
0.52721
0.33055
0.32777
0.75340
0.74680
0.59311
0.53946
0.62414
0.59231
0.53385
0.51138
0.61260
0.67241
0.28261
0.26869
0.47077
0.46611
0.42513
0.44698
0.41871
0.38590
0.60935
0.60896
0.15523
0.20334
0.43567
0.42178
0.51509
0.51287
0.72164
0.70076
0.55278
0.57653
0.48916
0.48249
0.40516
0.41370
0.28930
0.30650
0.21626
0.23166
0.57801
0.53712
0.88477
0.94541
0.40173
0.37302
0.56773
0.57576
0.57176
0.59619
0.41846
0.39925
0.42562
0.40840
0.22481
0.24013
0.53329
0.57701
0.48326
0.49201
0.48951
0.56498
0.51210
0.50317
0.56319
0.55349
0.47721
0.41346
0.52454
0.51065
0.67175
0.68582
0.52195
0.49956
0.53431
0.54835
0.35509
0.36531
0.55354
0.63788
0.40205
0.39757
0.40260
0.42897
0.56397
0.52832
0.68007
0.75278
0.37617
0.41849
0.45496
0.47852
0.50518
0.47478
0.73357
0.65301
0.70532
0.71770
0.45594
0.46595
0.27890
0.28406
0.53292
0.50521
0.44043
0.44172
0.58646
0.58050
0.42997
0.57300
0.35149
0.37673
0.43235
0.43239
0.48016
0.47118
0.30877
0.08434
0.68436
0.62195
0.65617
0.65650
0.44763
0.36920
0.45942
0.41135
0.44030
0.47569
0.40738
0.44379
0.36575
0.33645
0.59762
0.58137
0.40867
0.33478
0.47279
0.54352
0.50811
0.53695
0.42368
0.43747
0.61467
0.58020
0.44217
0.41507
0.46670
0.51034
0.23592
0.23951
0.54080
0.58488
0.79867
0.80207
0.45412
0.47358
0.62622
0.63464
0.54551
0.58272
0.47875
0.43776
0.64343
0.48831
0.53477
0.58049
0.56592
0.53010
0.62445
0.68818
0.38476
0.32112
0.55576
0.54530
0.45529
0.56922
0.53255
0.45445
0.62919
0.61461
0.55067
0.47744
0.35960
0.38450
0.59814
0.59215
0.53701
0.47153
0.48529
0.67451
0.62452
0.64281
0.30255
0.40757
0.99630
0.99598
0.62754
0.58743
0.51777
0.48478
0.42437
0.39488
0.69285
0.69052
0.48616
0.45154
0.69520
0.66515
0.62859
0.63379
0.46187
0.46444
0.52245
0.55188
0.49361
0.49778
0.99780
0.99698
0.52951
0.48976
0.39173
0.40758
0.62827
0.66662
0.45909
0.53134
0.27980
0.28449
0.32797
0.38088
0.48363
0.55021
0.48262
0.54417
0.54405
0.53889
0.20856
0.33852
0.42593
0.43529
0.48821
0.50422
0.60320
0.62244
0.38984
0.40274
0.60191
0.56383
0.45408
0.54790
0.35928
0.36471
0.43121
0.35850
0.46337
0.43224
0.71673
0.78351
0.38485
0.35068
0.61345
0.57580
0.42338
0.37636
0.28426
0.25439
0.43992
0.46556
0.47149
0.46864
0.71984
0.73605
0.38902
0.48417
0.40480
0.44232
0.51163
0.52290
0.64959
0.68357
0.42693
0.43858
0.41241
0.30827
0.66118
0.60047
0.36848
0.46035
0.54170
0.57379
0.57445
0.58348
0.54232
0.54664
0.77991
0.69245
0.39459
0.31004
0.52960
0.53513
0.62517
0.63529
0.61368
0.59459
0.51572
0.47133
0.64535
0.68128
0.36103
0.36839
0.31943
0.29017
0.61204
0.61464
0.59693
0.55722
0.68775
0.69701
0.46660
0.48039
0.65854
0.65857
0.44960
0.49718
0.94520
0.94485
0.60372
0.55745
0.56876
0.56758
0.65443
0.64266
0.44437
0.44163
0.77902
0.77497
0.34608
0.34506
0.58429
0.58532
0.55333
0.50557
0.40519
0.44006
0.43975
0.41262
0.34015
0.36251
0.67857
0.71096
0.32454
0.33393
0.35031
0.36450
0.29080
0.30104
0.42065
0.41723
0.52578
0.51217
0.45019
0.48497
0.35775
0.36739
0.57184
0.55230
0.26017
0.28145
0.55187
0.52036
0.37984
0.40503
0.33380
0.32105
0.39250
0.35819
0.79424
0.79753
0.78023
0.78666
0.41851
0.40953
0.58817
0.59125
0.25753
0.23303
0.25171
0.34562
0.39321
0.39011
0.42668
0.43754
0.28397
0.24830
0.49386
0.53421
0.56516
0.51898
0.53594
0.46879
0.35062
0.35211
0.63990
0.64977
0.66072
0.76849
0.54546
0.53282
0.60907
0.55688
0.55318
0.52121
0.61925
0.58200
0.67930
0.69247
0.29589
0.31420
0.37666
0.39655
0.48772
0.43080
0.77078
0.73833
0.62434
0.63491
0.55891
0.65781
0.61431
0.62025
0.52552
0.50431
0.90161
0.90157
0.92833
0.90793
0.58744
0.59593
0.65748
0.66734
0.59946
0.52398
0.58115
0.70282
0.27973
0.30309
0.45160
0.47313
0.22250
0.23198
0.64976
0.65283
0.95762
0.97347
0.36429
0.33276
0.27799
0.26326
0.44496
0.45831
0.59703
0.60133
0.41888
0.33839
0.57178
0.59588
0.23517
0.23111
0.65669
0.61951
0.71136
0.67920
0.45734
0.46178
0.46409
0.45044
0.46063
0.44081
0.47218
0.45483
0.29602
0.28474
0.44194
0.43765
0.40400
0.30517
0.39800
0.42073
0.37124
0.44575
0.54555
0.55849
0.59502
0.59178
0.83772
0.83602
0.69109
0.68648
0.61536
0.62342
0.62887
0.60413
0.60509
0.60272
0.57255
0.59922
0.49976
0.48060
0.69354
0.72352
0.56391
0.62943
0.58721
0.60406
0.43270
0.50260
0.57466
0.44931
0.63101
0.63719
0.30712
0.30435
0.60184
0.66299
0.38543
0.41719
0.46067
0.54426
0.70980
0.74491
0.33933
0.33216
0.25776
0.32957
0.77888
0.45143
0.65697
0.68839
0.34315
0.29474
0.31218
0.27703
0.51648
0.45288
0.44863
0.51426
0.42979
0.42111
0.48586
0.49013
0.97519
0.97454
0.45303
0.45173
0.63580
0.62196
0.31130
0.29414
0.99431
0.99330
0.51529
0.54620
0.64971
0.66266
0.65282
0.63381
0.54141
0.56192
0.35574
0.35695
0.54407
0.55846
0.47823
0.51642
0.60379
0.53848
0.45802
0.43658
0.47802
0.59566
0.57829
0.60646
0.59185
0.59124
0.49466
0.50029
0.49992
0.54846
0.78478
0.79299
0.42907
0.41373
0.47405
0.34559
0.49579
0.52071
0.22326
0.24531
0.54332
0.53070
0.48219
0.50788
0.49970
0.49527
0.37613
0.30025
0.39213
0.42948
0.56214
0.57643
0.51338
0.45942
0.30931
0.26112
0.46642
0.49372
0.50220
0.50649
0.52642
0.53665
0.63111
0.61002
0.45713
0.50861
0.61998
0.72726
0.53068
0.45969
0.59090
0.60340
0.60017
0.55919
0.41936
0.35485
0.53455
0.55086
0.48946
0.55603
0.31457
0.31229
0.32952
0.37292
0.24310
0.24673
0.65389
0.67114
0.46178
0.46653
0.53180
0.54576
0.57067
0.59427
0.56290
0.56938
0.61431
0.58450
0.39796
0.36379
0.54677
0.52387
0.28295
0.24919
0.43771
0.47591
0.62508
0.58480
0.57118
0.54814
0.51234
0.42016
0.61950
0.49036
0.89640
0.80984
0.33685
0.23779
0.43147
0.56740
0.38071
0.33607
0.55930
0.57279
0.54932
0.59884
0.42272
0.44681
0.94561
0.94724
0.56558
0.53287
0.64880
0.66383
0.64986
0.65143
0.67270
0.65251
0.59679
0.63216
0.80654
0.78265
0.74450
0.71722
0.49668
0.40195
0.42041
0.42991
0.42046
0.41306
0.54660
0.50714
0.49738
0.53198
0.48106
0.50703
0.36904
0.34501
0.61897
0.59775
0.39632
0.41161
0.60804
0.67153
0.43754
0.50295
0.54949
0.54003
0.45455
0.45612
0.57337
0.52077
0.46660
0.39391
0.49061
0.48150
0.48227
0.45068
0.51370
0.53982
0.42556
0.41085
0.35854
0.35738
0.47805
0.45266
0.45579
0.53708
0.78165
0.78777
0.83585
0.77135
0.51410
0.54376
0.28785
0.30019
0.38275
0.39899
0.67034
0.67077
0.54473
0.61058
0.62021
0.59665
0.58058
0.57612
0.42678
0.45867
0.42568
0.44317
0.37032
0.37006
0.55480
0.58893
0.46349
0.44102
0.46381
0.45717
0.58280
0.56734
0.77075
0.77154
0.63067
0.36837
0.41366
0.21804
0.45271
0.42298
0.36202
0.35267
0.50240
0.49126
0.57181
0.55099
0.36963
0.52075
0.58226
0.45898
0.56511
0.52379
0.32176
0.37309
0.46287
0.47883
0.17536
0.25696
0.55196
0.54868
0.68976
0.70542
0.35470
0.39431
0.55166
0.56635
0.53089
0.53008
0.63704
0.64617
0.45655
0.48832
0.46426
0.42055
0.50702
0.58116
0.55070
0.59740
0.23917
0.28701
0.46234
0.28537
0.41449
0.43484
0.40838
0.42992
0.37706
0.37498
0.52910
0.51325
0.39666
0.41820
0.87708
0.83731
0.65809
0.65266
0.66903
0.69799
0.52257
0.56285
0.71394
0.71905
0.70999
0.65740
0.52501
0.52444
0.35240
0.33219
0.44213
0.46673
0.67754
0.58962
0.52359
0.48499
0.54509
0.54063
0.33276
0.31408
0.49138
0.47652
0.38688
0.46887
0.40359
0.39216
0.52739
0.48196
0.39034
0.40436
0.48285
0.43372
0.29897
0.30671
0.52984
0.54284
0.25846
0.25310
0.69349
0.77060
0.43037
0.40666
0.63859
0.62846
0.61784
0.62522
0.53768
0.52580
0.99732
0.99786
0.33117
0.36422
0.30629
0.30285
0.19356
0.20494
0.47880
0.50638
0.46433
0.53100
0.58551
0.61814
0.59847
0.58614
0.87887
0.86097
0.53355
0.46845
0.48078
0.42819
0.49148
0.50472
0.62691
0.61387
0.55736
0.58869
0.48305
0.45997
0.47609
0.47306
0.40162
0.39959
0.55238
0.57756
0.52360
0.57701
0.38600
0.40490
0.37003
0.36408
0.53858
0.53117
0.56414
0.55600
0.25257
0.23448
0.64194
0.61728
0.40448
0.43090
0.58194
0.54295
0.42939
0.42374
0.36662
0.34909
0.71834
0.72606
0.42912
0.39484
0.64026
0.64733
0.59506
0.57967
0.32838
0.32201
0.42548
0.42939
0.72083
0.77502
0.89016
0.87260
0.33995
0.34394
0.54450
0.54201
0.72837
0.73409
0.54574
0.51174
0.58718
0.58849
0.26333
0.26180
0.63747
0.63876
0.56954
0.60370
0.41988
0.52338
0.31970
0.33286
0.36115
0.37940
0.49722
0.50169
0.63262
0.60728
0.39492
0.48896
0.57699
0.59869
0.45275
0.43728
0.52398
0.49740
0.37910
0.38082
0.25481
0.25519
0.94299
0.95102
0.57460
0.57572
0.44768
0.44201
0.58733
0.56796
0.98388
0.98936
0.50641
0.51774
0.44223
0.48971
0.67942
0.67777
0.31696
0.31363
0.94254
0.94977
0.58917
0.57889
0.34752
0.48833
0.59305
0.61114
0.47007
0.51686
0.27624
0.32370
0.50454
0.48343
0.41019
0.34704
0.49428
0.52477
0.50419
0.54197
0.36656
0.34192
0.62023
0.61436
0.58067
0.55305
0.56792
0.56547
0.39268
0.40025
0.58493
0.58084
0.33259
0.33687
0.44869
0.46041
0.57143
0.71818
0.34249
0.32445
0.49210
0.51221
0.32410
0.33618
0.29525
0.29666
0.46537
0.44505
0.54118
0.40680
0.94498
0.81877
0.56730
0.54642
0.42019
0.49606
0.39689
0.38325
0.47657
0.46573
0.26686
0.36798
0.76690
0.80472
0.31896
0.32234
0.35173
0.43548
0.58797
0.56052
0.89965
0.89890
0.28575
0.34386
0.56665
0.57395
0.45014
0.44551
0.63828
0.66880
0.52403
0.44789
0.24902
0.23377
0.46583
0.49791
0.46571
0.42390
0.55790
0.63624
0.24632
0.23668
0.48161
0.48981
0.39174
0.38037
0.43037
0.41512
0.52115
0.53134
0.57565
0.55775
0.54563
0.48468
0.22699
0.21703
0.58292
0.58011
0.61222
0.61885
0.39248
0.43437
0.38113
0.36963
0.53015
0.53480
0.46469
0.49045
0.61987
0.57232
0.30884
0.31324
0.69725
0.63390
0.36154
0.55775
0.59728
0.63549
0.66651
0.67977
0.41323
0.42569
0.52469
0.52304
0.26133
0.35415
0.45524
0.49328
0.61703
0.61325
0.46218
0.45550
0.63193
0.64705
0.29896
0.26806
0.25233
0.29489
0.22307
0.22308
0.62593
0.61591
0.50072
0.52942
0.55068
0.54462
0.41127
0.45000
0.49727
0.51429
0.56143
0.61275
0.42176
0.44419
0.24909
0.24192
0.62932
0.64927
0.52879
0.59087
0.44609
0.44927
0.78083
0.79275
0.47418
0.50027
0.56574
0.55079
0.64277
0.65634
0.39956
0.37515
0.68425
0.61709
0.46055
0.42306
0.40283
0.42872
0.46219
0.46445
0.48783
0.48816
0.51988
0.52410
0.51102
0.47959
0.56102
0.56912
0.58294
0.57935
0.59417
0.60706
0.54960
0.55374
0.54990
0.57660
0.57846
0.54819
0.51160
0.51870
0.55101
0.52782
0.44245
0.44402
0.60014
0.56826
0.40763
0.34268
0.55555
0.57087
0.60887
0.58041
0.51526
0.51751
0.26753
0.23694
0.62550
0.60961
0.61387
0.65270
0.96172
0.95781
0.71265
0.71965
0.40875
0.50361
0.39606
0.40036
0.27954
0.29524
0.55419
0.57339
0.36577
0.47573
0.48072
0.47471
0.71057
0.67958
0.61229
0.62278
0.99756
0.99742
0.33990
0.35823
0.42001
0.42821
0.45868
0.46087
0.36579
0.39166
0.40419
0.38783
0.59138
0.56012
0.35970
0.50983
0.56297
0.56790
0.48531
0.53101
0.57026
0.58183
0.26023
0.26418
0.40833
0.42082
0.37413
0.36930
0.39291
0.43716
0.25916
0.26725
0.63200
0.60196
0.53636
0.51231
0.59524
0.58984
0.50460
0.48369
0.49406
0.45985
0.47036
0.48778
0.33819
0.32191
0.35578
0.34434
0.67888
0.68650
0.71569
0.64635
0.58874
0.53790
0.62720
0.63817
0.35398
0.37566
0.62101
0.60516
0.50389
0.44080
0.43946
0.44470
0.39578
0.39412
0.57746
0.57165
0.62753
0.54478
0.64518
0.59451
0.39160
0.38473
0.44599
0.47561
0.59147
0.60664
0.47178
0.44595
0.74544
0.75579
0.59893
0.54105
0.58708
0.59902
0.84896
0.83575
0.27202
0.28440
0.59529
0.62924
0.40683
0.42250
0.34636
0.35842
0.40022
0.41859
0.39198
0.44330
0.57361
0.57848
0.55023
0.57699
0.67274
0.65417
0.66679
0.67514
0.44501
0.54005
0.61328
0.61002
0.35582
0.36009
0.41277
0.43785
0.30770
0.30172
0.39845
0.42398
0.28662
0.35932
0.47626
0.41087
0.98947
0.99069
0.33862
0.33857
0.60638
0.59651
0.38579
0.39226
0.52977
0.55582
0.39986
0.42076
0.57922
0.57425
0.51433
0.45936
0.61951
0.60839
0.32056
0.31309
0.41563
0.43413
0.41420
0.44380
0.26231
0.27174
0.34992
0.36357
0.48678
0.46036
0.76497
0.77518
0.50971
0.47351
0.49626
0.52948
0.73185
0.66056
0.54326
0.54799
0.25969
0.32884
0.32294
0.32492
0.36797
0.38915
0.53841
0.55372
0.32544
0.31273
0.54821
0.54307
0.58543
0.55303
0.39676
0.36570
0.44455
0.52346
0.61684
0.60032
0.52492
0.47361
0.97929
0.98232
0.41750
0.38181
0.65677
0.62941
0.44043
0.42559
0.52984
0.62118
0.57743
0.52670
0.25164
0.20132
0.45926
0.47102
0.24590
0.27119
0.30740
0.31302
0.38619
0.40368
0.54250
0.59959
0.40625
0.42975
0.44330
0.41643
0.48437
0.52637
0.72575
0.70461
0.32845
0.27097
0.52948
0.63998
0.60810
0.62537
0.39310
0.43851
0.36289
0.29842
0.42631
0.41136
0.44582
0.31873
0.76215
0.71524
0.98064
0.97675
0.23883
0.21433
0.67504
0.68547
0.42592
0.49296
0.54578
0.54205
0.49257
0.48515
0.49578
0.48192
0.27450
0.30451
0.72045
0.73548
0.34766
0.33538
0.23676
0.24048
0.54249
0.53849
0.46606
0.55609
0.58475
0.61440
0.66701
0.67444
0.50310
0.50709
0.39376
0.42835
0.49241
0.52086
0.97464
0.98448
0.52175
0.54473
0.59493
0.55989
0.73949
0.74042
0.77176
0.68994
0.52554
0.50113
0.53513
0.54335
0.57780
0.56835
0.65129
0.64943
0.42274
0.44342
0.59104
0.64944
0.65065
0.63360
0.99693
0.99347
0.40264
0.43036
0.55684
0.58955
0.36884
0.36959
0.27947
0.28190
0.43771
0.47591
0.61502
0.60024
0.56184
0.57903
0.36994
0.35539
0.57281
0.54141
0.70759
0.76138
0.53984
0.55586
0.61089
0.58913
0.27340
0.31205
0.42012
0.39559
0.65098
0.69901
0.52877
0.51963
0.41046
0.39420
0.66623
0.67372
0.37552
0.36453
0.54841
0.46879
0.41985
0.39641
0.56066
0.53378
0.35192
0.50609
0.30325
0.20787
0.35705
0.35416
0.57037
0.56992
0.42885
0.45925
0.82686
0.72901
0.67761
0.66718
0.51035
0.50498
0.44513
0.44910
0.67983
0.66155
0.39584
0.54495
0.60631
0.58093
0.60519
0.57121
0.43303
0.42820
0.62945
0.63702
0.54452
0.48324
0.52355
0.52079
0.59085
0.55215
0.39431
0.43065
0.47065
0.45033
0.56142
0.51978
0.42617
0.41129
0.58003
0.23551
0.46233
0.45970
0.41703
0.40040
0.42555
0.39571
0.62662
0.60722
0.47595
0.49455
0.41638
0.40748
0.59804
0.61051
0.32126
0.32709
0.58208
0.54243
0.41333
0.41170
0.99740
0.99828
0.97424
0.81726
0.55155
0.55326
0.26792
0.29816
0.64498
0.64723
0.63154
0.62606
0.41547
0.44634
0.32574
0.26679
0.37209
0.39730
0.48791
0.56033
0.54843
0.48218
0.63340
0.65874
0.51966
0.43574
0.76381
0.72347
0.33782
0.33626
0.41417
0.43062
0.44533
0.45797
0.51332
0.58057
0.65546
0.62588
0.51473
0.59832
0.44088
0.38687
0.26827
0.32541
0.61872
0.60711
0.24471
0.28845
0.63233
0.66906
0.65141
0.65802
0.34541
0.32011
0.52799
0.52395
0.58940
0.56359
0.47384
0.33918
0.61440
0.62091
0.43684
0.48205
0.52324
0.52477
0.43167
0.45549
0.32871
0.24294
0.88836
0.72207
0.45168
0.42453
0.63574
0.62597
0.29209
0.30161
0.74282
0.73953
0.26855
0.28215
0.47709
0.48508
0.25662
0.22513
0.59056
0.57259
0.64080
0.63744
