0.85643
0.86453
0.77264
0.76221
0.37070
0.25667
0.30869
0.30975
0.11705
0.12756
0.69753
0.83971
0.11970
0.12581
0.77199
0.79322
0.99061
0.96911
0.59167
0.55453
0.31470
0.87272
0.17343
0.17900
0.28106
0.83819
0.13419
0.15429
0.40020
0.63444
0.99191
0.98055
0.53940
0.52348
0.87237
0.89607
0.87892
0.87667
0.57853
0.52397
0.72841
0.90362
0.85405
0.76535
0.98904
0.99897
0.97997
0.81832
0.14095
0.14408
0.08078
0.33894
0.81260
0.81225
0.42612
0.36226
0.39180
0.30143
0.70317
0.78978
0.95168
0.95147
0.14556
0.15001
0.85944
0.87112
0.77052
0.62877
0.14396
0.26171
0.74003
0.63591
0.10400
0.13658
0.67412
0.67828
0.16495
0.17546
0.44101
0.65033
0.24552
0.26301
0.13182
0.12840
0.98107
0.98089
0.19133
0.16836
0.83555
0.83349
0.72816
0.68102
0.84159
0.86711
0.94951
0.94008
0.57069
0.52643
0.99044
0.99066
0.34995
0.55004
0.69210
0.67117
0.64832
0.56128
0.08532
0.16221
0.97112
0.96005
0.89689
0.83228
0.42619
0.37541
0.99147
0.99361
0.83269
0.77664
0.41247
0.81373
0.71762
0.70663
0.98566
0.98446
0.84165
0.80216
0.71367
0.81476
0.86895
0.95038
0.15918
0.15628
0.85403
0.96502
0.71560
0.71552
0.35642
0.22778
0.93227
0.92224
0.74194
0.75085
0.11373
0.13561
0.99935
0.99933
0.18246
0.25795
0.69184
0.70819
0.38658
0.36585
0.49415
0.52220
0.74246
0.71437
0.39637
0.81459
0.12348
0.13503
0.55477
0.62149
0.25125
0.20563
0.26094
0.25892
0.15103
0.16811
0.75163
0.78204
0.22690
0.25593
0.53565
0.54310
0.99308
0.99337
0.70426
0.64409
0.30043
0.27123
0.96527
0.94579
0.72307
0.72548
0.85014
0.84415
0.55202
0.65996
0.30268
0.31528
0.29805
0.33381
0.14204
0.16987
0.98741
0.98533
0.66123
0.65091
0.22592
0.25624
0.92975
0.94500
0.89556
0.74459
0.95356
0.92754
0.13894
0.07696
0.62933
0.68333
0.96896
0.97184
0.98496
0.98463
0.76511
0.97113
0.27447
0.38265
0.24422
0.27619
0.92881
0.88269
0.39203
0.33431
0.90507
0.89536
0.46438
0.50993
0.97494
0.97122
0.38544
0.39482
0.30110
0.63632
0.09901
0.07657
0.32680
0.28724
0.46730
0.46925
0.98950
0.98685
0.11387
0.11730
0.38569
0.39937
0.99710
0.99726
0.18409
0.19472
0.23913
0.16297
0.62377
0.37022
0.88525
0.89039
0.66358
0.63200
0.38178
0.38117
0.68972
0.65896
0.77566
0.73461
0.37108
0.76079
0.99545
0.22124
0.76341
0.97863
0.98821
0.72661
0.77084
0.73878
0.82645
0.85749
0.90437
0.89656
0.23535
0.21129
0.94973
0.95716
0.77732
0.78195
0.19663
0.24364
0.25257
0.28158
0.24617
0.34855
0.41812
0.38032
0.21503
0.19342
0.43106
0.91783
0.95115
0.94776
0.44205
0.24793
0.22653
0.19619
0.93186
0.94403
0.88638
0.90148
0.10325
0.21608
0.54548
0.75991
0.90653
0.90459
0.79416
0.83473
0.99589
0.99562
0.92457
0.92073
0.79814
0.83058
0.94820
0.95126
0.18848
0.19238
0.19713
0.18379
0.35743
0.24917
0.99225
0.99327
0.88000
0.92015
0.84760
0.96238
0.22416
0.19906
0.99031
0.98981
0.12638
0.07583
0.21633
0.46824
0.32577
0.37470
0.98010
0.97323
0.83021
0.81887
0.71473
0.78099
0.27325
0.34146
0.86531
0.82552
0.90850
0.84901
0.10483
0.10355
0.16660
0.18859
0.27680
0.24946
0.76857
0.69097
0.61187
0.66459
0.85526
0.87239
0.15584
0.19970
0.33964
0.41472
0.46576
0.49040
0.25150
0.18343
0.67295
0.40576
0.46900
0.69193
0.23106
0.23168
0.93572
0.94258
0.61594
0.84016
0.09949
0.18147
0.24242
0.23826
0.51696
0.57080
0.31627
0.20068
0.95033
0.94198
0.82723
0.93515
0.98257
0.42784
0.14705
0.15064
0.22596
0.57989
0.99796
0.98422
0.78922
0.77336
0.18135
0.19259
0.21895
0.22837
0.17454
0.16177
0.38182
0.69916
0.38721
0.28931
0.29731
0.35317
0.92951
0.94665
0.69906
0.65590
0.63633
0.60917
0.69376
0.69750
0.78507
0.82631
0.21877
0.15752
0.13165
0.14465
0.34125
0.38962
0.97303
0.97788
0.62946
0.67591
0.58412
0.58620
0.98558
0.96188
0.53074
0.38632
0.20050
0.23206
0.12562
0.12970
0.95496
0.94948
0.96941
0.99191
0.82674
0.74702
0.16914
0.18408
0.82611
0.82032
0.97128
0.95880
0.12912
0.13224
0.91379
0.93583
0.52861
0.55518
0.60012
0.55602
0.58587
0.45855
0.83494
0.84838
0.70138
0.69835
0.15315
0.15969
0.89756
0.89365
0.20948
0.75794
0.99783
0.99867
0.91817
0.91993
0.31936
0.31058
0.99210
0.99415
0.15554
0.34900
0.12472
0.17647
0.28091
0.25676
0.83600
0.82484
0.77626
0.78323
0.99023
0.99262
0.42623
0.45127
0.77751
0.77236
0.79980
0.75027
0.32391
0.57477
0.34603
0.37215
0.44524
0.52215
0.15674
0.09827
0.28647
0.28317
0.99834
0.99778
0.80779
0.79560
0.18044
0.16491
0.11290
0.09290
0.96098
0.57132
0.18653
0.18600
0.99060
0.97852
0.95749
0.96232
0.91155
0.84009
0.99836
0.99848
0.86032
0.86357
0.95316
0.96353
0.63675
0.63841
0.69165
0.72693
0.91427
0.92950
0.74483
0.77552
0.64063
0.62884
0.26559
0.24372
0.83861
0.63692
0.76468
0.76739
0.70358
0.47892
0.78479
0.78115
0.82506
0.66393
0.21543
0.16215
0.18081
0.18436
0.63749
0.64968
0.96905
0.98627
0.99266
0.99417
0.31190
0.32345
0.36279
0.26593
0.94346
0.86419
0.30116
0.26140
0.98684
0.98728
0.28001
0.27714
0.17836
0.22038
0.14822
0.15697
0.99890
0.99715
0.80116
0.89582
0.28321
0.28653
0.16999
0.23955
0.53112
0.58052
0.96131
0.96222
0.96117
0.96647
0.88822
0.99115
0.98739
0.97266
0.25033
0.22116
0.17588
0.16938
0.15827
0.16166
0.28705
0.19970
0.23788
0.81931
0.58976
0.40815
0.17449
0.20962
0.99387
0.99384
0.16399
0.26956
0.69230
0.77293
0.16610
0.27784
0.42874
0.40094
0.74455
0.73977
0.58896
0.49336
0.34980
0.42179
0.27119
0.26286
0.28768
0.18453
0.25268
0.28968
0.61319
0.81579
0.28215
0.35195
0.89285
0.75487
0.09630
0.09442
0.58308
0.59539
0.13788
0.28992
0.17053
0.18495
0.99620
0.97411
0.99834
0.99550
0.76891
0.60518
0.12846
0.09513
0.66996
0.61023
0.70593
0.68216
0.21748
0.21391
0.29053
0.21396
0.94618
0.90417
0.35663
0.34651
0.17794
0.18409
0.27820
0.15466
0.56497
0.41470
0.22793
0.35404
0.99329
0.97689
0.42179
0.40562
0.81593
0.84767
0.99187
0.99347
0.25308
0.21812
0.17574
0.27112
0.03356
0.03140
0.99389
0.98280
0.87173
0.83377
0.78978
0.78654
0.98228
0.97392
0.98919
0.98670
0.26670
0.28281
0.10628
0.11002
0.32132
0.51722
0.56412
0.72973
0.13850
0.11180
0.96753
0.90726
0.98594
0.98098
0.74617
0.86561
0.80327
0.83358
0.95190
0.94003
0.99754
0.99872
0.99518
0.98955
0.36049
0.35710
0.35585
0.43621
0.80173
0.82231
0.99523
0.98727
0.25568
0.30720
0.76333
0.72737
0.73246
0.69847
0.13315
0.13267
0.95136
0.94205
0.64005
0.69330
0.97912
0.97166
0.66757
0.47282
0.98869
0.99387
0.65059
0.37332
0.94785
0.94467
0.97557
0.94556
0.83550
0.88803
0.70229
0.68697
0.97052
0.83342
0.99428
0.99419
0.89757
0.88883
0.58253
0.72656
0.70681
0.69186
0.98046
0.96649
0.99911
0.99942
0.99966
0.99975
0.98028
0.89470
0.23433
0.58028
0.95275
0.94156
0.79188
0.77424
0.20942
0.31660
0.82816
0.84733
0.54580
0.64190
0.37257
0.40083
0.79027
0.77109
0.56420
0.47579
0.30359
0.31578
0.90879
0.91120
0.98448
0.98572
0.99676
0.94559
0.99058
0.99112
0.82701
0.75008
0.99107
0.71181
0.42344
0.45221
0.88379
0.80615
0.99484
0.98024
0.54595
0.54687
0.25646
0.28035
0.27279
0.28151
0.70950
0.68766
0.81075
0.79685
0.78199
0.78150
0.95773
0.99829
0.71722
0.72670
0.96910
0.96913
0.86125
0.80553
0.13969
0.14073
0.12754
0.12967
0.17837
0.20204
0.37571
0.65538
0.12050
0.13988
0.14914
0.18752
0.82673
0.79460
0.69250
0.71789
0.71305
0.20618
0.71732
0.70397
0.28801
0.23916
0.58695
0.74244
0.93458
0.93643
0.37511
0.41286
0.98872
0.98916
0.99522
0.99742
0.98550
0.98390
0.97180
0.96550
0.81065
0.70530
0.36360
0.37763
0.90766
0.89731
0.98494
0.97639
0.98659
0.98213
0.81568
0.82460
0.52169
0.44456
0.98565
0.98882
0.62379
0.80188
0.98293
0.87891
0.10507
0.11552
0.89221
0.86641
0.93145
0.91337
0.96661
0.97268
0.94936
0.97885
0.99941
0.99942
0.71026
0.74938
0.44586
0.28712
0.63126
0.51452
0.96632
0.97327
0.97579
0.97783
0.89639
0.91429
0.95102
0.94979
0.36360
0.26921
0.77026
0.73877
0.95257
0.79662
0.13354
0.19801
0.37648
0.45188
0.99102
0.98301
0.96097
0.96131
0.66645
0.57620
0.96680
0.89225
0.92278
0.93295
0.87670
0.92503
0.94982
0.95465
0.92181
0.92903
0.99930
0.99077
0.77381
0.66288
0.99378
0.98448
0.30676
0.48790
0.78241
0.78844
0.61150
0.69896
0.48436
0.36711
0.17177
0.18768
0.21717
0.26379
0.27465
0.28589
0.96318
0.95120
0.87038
0.84375
0.87204
0.84969
0.97056
0.97217
0.98103
0.96395
0.99463
0.99292
0.63520
0.96199
0.97896
0.99569
0.69651
0.69436
0.21797
0.23264
0.69338
0.59769
0.34441
0.20419
0.11242
0.67995
0.87388
0.87794
0.99825
0.99754
0.86426
0.87160
0.86227
0.83043
0.98626
0.99207
0.98528
0.98467
0.58868
0.65977
0.64877
0.62195
0.40229
0.45755
0.96264
0.94816
0.80248
0.65570
0.25408
0.24655
0.29404
0.13243
0.99386
0.98978
0.99700
0.99283
0.99881
0.99962
0.94890
0.94306
0.43066
0.32861
0.99951
0.99915
0.18392
0.18911
0.65778
0.66534
0.15176
0.80520
0.81024
0.82851
0.98746
0.99378
0.22876
0.14426
0.93116
0.93395
0.90234
0.86596
0.76066
0.76554
0.98767
0.98952
0.40952
0.26982
0.36687
0.22358
0.40382
0.48766
0.05116
0.04093
0.74018
0.61849
0.94964
0.93863
0.82943
0.79055
0.35135
0.29027
0.76757
0.65985
0.28328
0.25824
0.82540
0.84728
0.79445
0.79584
0.47230
0.46942
0.36378
0.35333
0.62527
0.64884
0.28424
0.30257
0.93635
0.94020
0.82222
0.70756
0.96571
0.97181
0.89934
0.83644
0.21230
0.23009
0.36782
0.37217
0.48649
0.83801
0.33059
0.34340
0.56715
0.61563
0.33365
0.34213
0.14169
0.18877
0.34951
0.44095
0.74713
0.71434
0.55819
0.32028
0.23836
0.27895
0.86178
0.90270
0.98145
0.98759
0.99981
0.99950
0.40114
0.13897
0.33027
0.31909
0.08808
0.10395
0.87936
0.88503
0.17356
0.17061
0.99896
0.99859
0.54751
0.52876
0.66282
0.64469
0.82142
0.82269
0.38861
0.38990
0.04796
0.04984
0.27823
0.28667
0.19482
0.14372
0.35090
0.31184
0.57310
0.65427
0.55698
0.56977
0.94686
0.96957
0.17067
0.21744
0.87718
0.88480
0.91676
0.93118
0.11619
0.16676
0.82446
0.84782
0.13203
0.12104
0.39396
0.32819
0.98528
0.90905
0.10195
0.14783
0.43472
0.39026
0.62727
0.58619
0.18691
0.19561
0.17197
0.16322
0.84678
0.90257
0.99450
0.99143
0.80628
0.85756
0.29431
0.27719
0.92758
0.86479
0.80877
0.82677
0.77564
0.74121
0.71343
0.42338
0.90277
0.87218
0.99291
0.99473
0.98459
0.98673
0.13284
0.12053
0.27135
0.30888
0.97572
0.97718
0.85577
0.33741
0.89889
0.88300
0.41061
0.45651
0.09966
0.13123
0.13299
0.09613
0.45413
0.58404
0.39220
0.21931
0.24259
0.34182
0.15971
0.19799
0.74883
0.69462
0.12006
0.11334
0.90734
0.88210
0.98393
0.96888
0.31826
0.27877
0.31727
0.31022
0.42448
0.38942
0.92481
0.86257
0.65826
0.68777
0.08646
0.10932
0.12066
0.09991
0.59706
0.60618
0.32293
0.29225
0.65263
0.74011
0.26370
0.26849
0.49270
0.56087
0.50427
0.42483
0.92028
0.84533
0.99711
0.99660
0.13771
0.14615
0.97536
0.96985
0.58022
0.59629
0.11227
0.08556
0.49013
0.60558
0.57910
0.31984
0.88000
0.82552
0.99673
0.99798
0.85378
0.85878
0.98213
0.96077
0.20072
0.85523
0.90128
0.80078
0.91095
0.91125
0.15361
0.12197
0.40021
0.45652
0.56814
0.60340
0.94808
0.93243
0.98110
0.98992
0.76837
0.75599
0.41685
0.40044
0.80935
0.80325
0.71731
0.64522
0.16409
0.18362
0.33890
0.35186
0.93634
0.93173
0.99986
0.99985
0.96113
0.96779
0.63209
0.75698
0.37476
0.35981
0.25200
0.26954
0.77959
0.95028
0.82850
0.71676
0.25293
0.18597
0.19506
0.20882
0.84601
0.82630
0.99086
0.99244
0.30781
0.35003
0.28145
0.26147
0.90645
0.90369
0.84172
0.85261
0.99341
0.95296
0.43245
0.55258
0.95102
0.98272
0.96045
0.95637
0.86078
0.86199
0.20420
0.19236
0.87013
0.86812
0.15766
0.18515
0.09912
0.09531
0.93044
0.97038
0.28704
0.34061
0.80424
0.57077
0.70337
0.71787
0.44506
0.53731
0.94173
0.96075
0.17816
0.15184
0.18457
0.17774
0.38192
0.41156
0.99903
0.99969
0.57600
0.77816
0.13401
0.14777
0.92617
0.95079
0.41661
0.39281
0.23955
0.80885
0.95769
0.90629
0.97751
0.93409
0.15880
0.36256
0.45147
0.44716
0.11634
0.08580
0.98639
0.98014
0.09750
0.15896
0.11176
0.05260
0.48387
0.47168
0.44568
0.39236
0.13087
0.12845
0.94171
0.93861
0.25292
0.27060
0.39408
0.28530
0.98838
0.97818
0.93396
0.91219
0.22754
0.17474
0.81638
0.80590
0.99767
0.99782
0.94761
0.95408
0.79128
0.78806
0.37273
0.46386
0.30474
0.44083
0.99713
0.99680
0.58176
0.45800
0.19488
0.19151
0.19857
0.19835
0.96745
0.99193
0.80552
0.79112
0.99780
0.99647
0.09190
0.08426
0.84130
0.22887
0.65761
0.69469
0.92039
0.93696
0.19384
0.18504
0.76667
0.70564
0.96092
0.96925
0.99039
0.97589
0.99323
0.99421
0.49911
0.42799
0.74326
0.71797
0.39806
0.45471
0.98680
0.99022
0.18014
0.21101
0.56680
0.66334
0.20246
0.16235
0.78304
0.58382
0.85634
0.98265
0.16179
0.14804
0.97596
0.99377
0.79452
0.60156
0.45468
0.31895
0.97906
0.98778
0.15577
0.21333
0.64432
0.65667
0.15107
0.15918
0.65065
0.67127
0.31386
0.22253
0.95456
0.96083
0.82139
0.83580
0.62849
0.35165
0.56445
0.77937
0.92023
0.92350
0.07501
0.08703
0.26332
0.19700
0.98299
0.95663
0.28455
0.19351
0.83951
0.81987
0.26228
0.11643
0.17235
0.20075
0.58591
0.61382
0.62025
0.61000
0.53882
0.63728
0.95087
0.93825
0.25968
0.26064
0.12268
0.11571
0.12366
0.42293
0.31732
0.32495
0.34896
0.37509
0.80592
0.65260
0.14071
0.12628
0.51918
0.47860
0.57672
0.74407
0.51476
0.34741
0.32779
0.30036
0.92347
0.91997
0.23724
0.39289
0.10899
0.17519
0.13398
0.60269
0.30127
0.32145
0.26121
0.22488
0.27261
0.29119
0.55736
0.32346
0.26204
0.16901
0.98495
0.97291
0.23498
0.25992
0.30023
0.36306
0.75867
0.98914
0.70419
0.61205
0.60096
0.66073
0.98850
0.98901
0.38205
0.41644
0.14988
0.18048
0.18337
0.16383
0.31932
0.28510
0.36149
0.35165
0.40668
0.46830
0.97336
0.96190
0.57096
0.52679
0.14753
0.19947
0.13894
0.10563
0.96315
0.94997
0.12142
0.11709
0.88732
0.90028
0.37171
0.30248
0.33572
0.37120
0.64106
0.64028
0.68896
0.70880
0.15323
0.15558
0.98576
0.99243
0.99949
0.99635
0.13137
0.21422
0.59087
0.56499
0.32291
0.29559
0.59062
0.63562
0.52843
0.60920
0.20736
0.14197
0.17427
0.17858
0.33694
0.30329
0.10511
0.10375
0.67845
0.66863
0.97994
0.94677
0.15341
0.13362
0.98099
0.98853
0.49176
0.59517
0.11290
0.09649
0.14693
0.17029
0.22189
0.24683
0.98656
0.99505
0.99420
0.95489
0.16111
0.26069
0.98773
0.99060
0.34970
0.33097
0.18398
0.16073
0.99897
0.99620
0.77620
0.79924
0.41457
0.43879
0.19650
0.21830
0.87172
0.86937
0.92090
0.78528
0.75901
0.78851
0.99285
0.99269
0.99764
0.99968
0.48229
0.58465
0.66796
0.68409
0.35023
0.19950
0.15493
0.14240
0.09668
0.13174
0.37673
0.38710
0.20741
0.27462
0.28485
0.27092
0.84991
0.83769
0.71475
0.38318
0.57710
0.58053
0.77509
0.61980
0.90365
0.72727
0.47377
0.49783
0.71113
0.71511
0.97480
0.97247
0.31457
0.35915
0.58422
0.51848
0.95538
0.98395
0.39914
0.28589
0.14472
0.12527
0.57984
0.35720
0.99282
0.99615
0.68139
0.69151
0.52608
0.48186
0.22553
0.11183
0.10458
0.10781
0.29036
0.32078
0.17976
0.21477
0.13149
0.14120
0.31445
0.34038
0.07147
0.09307
0.16605
0.14125
0.89995
0.90201
0.86568
0.84772
0.96572
0.97223
0.33262
0.22627
0.98444
0.96051
0.35165
0.49073
0.83017
0.86371
0.56895
0.38983
0.96313
0.96756
0.14330
0.15588
0.21828
0.15919
0.76050
0.83949
0.15148
0.20243
0.14919
0.14693
0.98144
0.98333
0.12907
0.15041
0.05370
0.05268
0.91309
0.83429
0.61259
0.63856
0.10027
0.10137
0.15930
0.14580
0.35050
0.37248
0.26577
0.23397
0.63042
0.61962
0.52980
0.52126
0.13197
0.11781
0.26039
0.21870
0.21886
0.79435
0.98819
0.99012
0.90707
0.89591
0.19053
0.19387
0.34045
0.36887
0.55853
0.67440
0.19296
0.17208
0.90702
0.90243
0.90600
0.82480
0.34076
0.33291
0.15374
0.18450
0.17418
0.17762
0.72502
0.69405
0.82724
0.75212
0.19714
0.20911
0.16795
0.17973
0.15739
0.13770
0.19366
0.24920
0.26011
0.24180
0.15717
0.15712
0.15246
0.18230
0.29103
0.26033
0.55180
0.70908
0.71740
0.75103
0.42142
0.59399
0.94042
0.94719
0.25317
0.29534
0.57782
0.67390
0.16057
0.12387
0.07410
0.09532
0.31870
0.56833
0.33838
0.30533
0.66880
0.65293
0.06714
0.09627
0.95317
0.98613
0.08055
0.08673
0.96485
0.95199
0.88937
0.95688
0.10192
0.10898
0.99141
0.99245
0.98690
0.97579
0.67288
0.75678
0.15054
0.15093
0.54704
0.77933
0.98985
0.98782
0.94912
0.96317
0.35696
0.30540
0.99282
0.99269
0.57878
0.56856
0.87111
0.84821
0.99989
0.99970
0.72237
0.74355
0.81474
0.28392
0.97709
0.92183
0.27644
0.23776
0.11312
0.09684
0.99289
0.99332
0.67837
0.66639
0.30183
0.29522
0.86278
0.83694
0.94432
0.94875
0.77720
0.84496
0.20052
0.21396
0.19962
0.64156
0.54627
0.25196
0.99002
0.99737
0.58574
0.57564
0.37221
0.35079
0.96921
0.97400
0.74249
0.67747
0.95367
0.45354
0.13514
0.16390
0.96877
0.97321
0.65818
0.67820
0.11422
0.10973
0.20627
0.22348
0.37833
0.36867
0.54216
0.55053
0.77686
0.76567
0.28946
0.29218
0.35068
0.37537
0.92855
0.87876
0.48188
0.94716
0.65695
0.72047
0.99721
0.99736
0.58539
0.56808
0.13981
0.48292
0.84354
0.76903
0.87640
0.92636
0.44736
0.32607
0.16433
0.15721
0.98756
0.99354
0.28254
0.40521
0.19884
0.17313
0.19508
0.20508
0.75479
0.79857
0.64632
0.68867
0.79044
0.15180
0.88175
0.95435
0.90780
0.90039
0.75613
0.64640
0.37831
0.59699
0.36167
0.64032
0.97718
0.95697
0.91441
0.80984
0.38760
0.23763
0.29759
0.27079
0.72999
0.58132
0.20099
0.24987
0.42490
0.48513
0.17980
0.18093
0.34944
0.56100
0.86139
0.93343
0.99021
0.98960
0.13325
0.19362
0.39378
0.41765
0.91165
0.88492
0.39103
0.19181
0.93531
0.93381
0.29844
0.36469
0.85819
0.92967
0.37958
0.39299
0.27026
0.42201
0.10191
0.09380
0.70999
0.86760
0.65387
0.84952
0.95494
0.93388
0.67573
0.46540
0.76973
0.71988
0.28710
0.28766
0.85759
0.88590
0.54349
0.62066
0.70924
0.80478
0.57896
0.63300
0.93328
0.92484
0.12132
0.12910
0.27049
0.27267
0.20279
0.22828
0.85504
0.84995
0.80247
0.84855
0.24294
0.26027
0.87196
0.84958
0.34510
0.34320
0.68601
0.27145
0.07903
0.08687
0.68679
0.74711
0.50838
0.22764
0.59302
0.63085
0.89718
0.99138
0.12319
0.11668
0.37471
0.38315
0.99647
0.99569
0.44040
0.43125
0.74054
0.93236
0.17529
0.17052
0.42450
0.41502
0.65944
0.70357
0.65212
0.65200
0.33593
0.69175
0.35694
0.60561
0.33701
0.50974
0.77636
0.80344
0.30045
0.31032
0.59538
0.59477
0.65075
0.67038
0.99550
0.97576
0.87342
0.89407
0.44740
0.35131
0.59857
0.59519
0.13135
0.11398
0.58009
0.35558
0.95191
0.99579
0.19580
0.24579
0.17015
0.19545
0.58342
0.58792
0.22838
0.18973
0.96160
0.97332
0.58135
0.61584
0.71386
0.64499
0.75860
0.59929
0.29288
0.16007
0.89996
0.87343
0.17931
0.15444
0.53902
0.41795
0.73470
0.69948
0.29807
0.25090
0.34460
0.30592
0.44332
0.44188
0.70941
0.75491
0.24728
0.30030
0.98661
0.98345
0.34459
0.37278
0.81280
0.82377
0.21504
0.22393
0.72971
0.91997
0.09518
0.07444
0.71151
0.65432
0.13002
0.17445
0.36312
0.48503
0.11707
0.12837
0.95056
0.92347
0.92445
0.94465
0.51233
0.47610
0.19580
0.18193
0.86105
0.82171
0.87340
0.84480
0.80706
0.53195
0.14740
0.15451
0.11751
0.12508
0.99790
0.99679
0.81616
0.72374
0.24555
0.17721
0.68451
0.80268
0.40438
0.39134
0.07098
0.06201
0.19248
0.20677
0.84611
0.63186
0.16497
0.14630
0.87198
0.88645
0.32030
0.34746
0.25262
0.91137
0.08017
0.11875
0.17032
0.19303
0.31076
0.31146
0.92574
0.95423
0.69726
0.68611
0.92543
0.91438
0.10978
0.11944
0.21073
0.22371
0.98096
0.98982
0.98923
0.94986
0.18210
0.18602
0.99784
0.99644
0.82589
0.27008
0.68824
0.52290
0.16267
0.08019
0.61530
0.70448
0.25868
0.22419
0.17831
0.20970
0.29795
0.28088
0.99843
0.99851
0.28072
0.37167
0.83425
0.83690
0.06574
0.05030
0.33663
0.34682
0.12906
0.13543
0.96438
0.95905
0.95882
0.96082
0.89043
0.96148
0.90828
0.86186
0.13834
0.47428
0.60347
0.62346
0.10780
0.08781
0.13605
0.14394
0.27735
0.27256
0.10282
0.10021
0.19115
0.16422
0.27633
0.34732
0.50363
0.52617
0.55793
0.91614
0.18153
0.14708
0.95546
0.87154
0.89951
0.85348
0.95030
0.94586
0.33077
0.29523
0.20372
0.25243
0.16411
0.14593
0.80462
0.84541
0.65618
0.40318
0.90710
0.82564
0.12730
0.12002
0.33288
0.17728
0.79712
0.82659
0.83978
0.88911
0.95536
0.96297
0.19112
0.18313
0.99690
0.99118
0.72502
0.39251
0.80717
0.84149
0.71739
0.73563
0.96055
0.97300
0.14407
0.61574
0.20805
0.24536
0.93037
0.91378
0.48507
0.53210
0.76814
0.66636
0.82755
0.76760
0.96132
0.92323
0.66115
0.71472
0.95652
0.87457
0.94617
0.75963
0.36732
0.43987
0.13622
0.20712
0.68753
0.72570
0.66329
0.66339
0.96977
0.91651
0.99913
0.99882
0.36393
0.36934
0.19549
0.19845
0.90526
0.91351
0.29237
0.35568
0.28916
0.28184
0.05856
0.06297
0.73189
0.68342
0.07473
0.07929
0.87236
0.86096
0.91832
0.90613
0.43025
0.30794
0.16008
0.19569
0.94359
0.96087
0.93261
0.93818
0.11279
0.07657
0.26358
0.26575
0.73516
0.60979
0.98930
0.98983
0.99943
0.99551
0.94910
0.93068
0.30235
0.31482
0.97810
0.98406
0.76432
0.61735
0.48762
0.46787
0.94009
0.74337
0.28987
0.44123
0.97195
0.90250
0.22543
0.23145
0.26829
0.23319
0.87470
0.91306
0.94094
0.89798
0.89920
0.88923
0.07672
0.08878
0.97268
0.94604
0.74487
0.71281
0.20554
0.57662
0.78110
0.75235
0.96352
0.96077
0.49169
0.63864
0.28316
0.29005
0.36617
0.30692
0.98138
0.97332
0.08784
0.16332
0.28286
0.21311
0.22894
0.26673
0.89909
0.85771
0.40369
0.39890
0.16664
0.14191
0.95620
0.87287
0.56063
0.59124
0.66039
0.14465
0.32536
0.25568
0.32452
0.29960
0.29329
0.19581
0.56769
0.61226
0.24551
0.20279
0.13707
0.12952
0.99535
0.99449
0.49518
0.56114
0.78430
0.69479
0.31191
0.31211
0.56488
0.54472
0.11185
0.11848
0.19772
0.29461
0.41927
0.43465
0.98619
0.94973
0.09848
0.10192
0.99571
0.99582
0.23922
0.24313
0.65641
0.49004
0.23654
0.24561
0.12749
0.75545
0.63690
0.66494
0.08700
0.07612
0.75095
0.79646
0.17598
0.22768
0.14321
0.12300
0.36019
0.36910
0.86827
0.86645
0.24020
0.20099
0.43197
0.34638
0.94967
0.94811
0.74508
0.57264
0.97224
0.98460
0.18650
0.41567
0.99451
0.99879
0.79412
0.58410
0.60784
0.68661
0.29161
0.41647
0.45697
0.50267
0.98781
0.98488
0.19712
0.19271
0.22419
0.25765
0.14269
0.13440
0.12314
0.12104
0.14203
0.16180
0.08980
0.11813
0.96918
0.99562
0.15092
0.24148
0.80713
0.81195
0.88707
0.94762
0.15316
0.16747
0.17576
0.16391
0.35333
0.32229
0.10583
0.08660
0.37111
0.34217
0.06884
0.15149
0.58434
0.10152
0.15683
0.22797
0.32488
0.26084
0.27573
0.31270
0.26624
0.17126
0.19997
0.13208
0.99037
0.99198
0.11495
0.12944
0.88680
0.86968
0.41338
0.34544
0.97830
0.97858
0.39432
0.42493
0.99823
0.99738
0.99419
0.99378
0.98888
0.98879
0.93838
0.93971
0.75474
0.79822
0.13326
0.10243
0.75190
0.81028
0.09378
0.10094
0.88892
0.87479
0.99858
0.90455
0.30268
0.29210
0.29214
0.16327
0.08949
0.10558
0.19194
0.25392
0.25995
0.31847
0.98596
0.98943
0.99287
0.99097
0.89874
0.92419
0.26906
0.24179
