0.63628
0.62597
0.60548
0.58918
0.36974
0.33415
0.61152
0.61498
0.61190
0.62398
0.52279
0.53576
0.58405
0.55466
0.60493
0.59183
0.59250
0.59823
0.54648
0.59599
0.51867
0.46013
0.51001
0.52831
0.60566
0.64996
0.39766
0.38959
0.39326
0.42390
0.65207
0.65488
0.49279
0.47509
0.60180
0.61710
0.39182
0.49885
0.40489
0.41975
0.51634
0.58260
0.56564
0.51720
0.58596
0.56905
0.64544
0.69347
0.58487
0.57775
0.42198
0.40936
0.56722
0.46621
0.56888
0.53094
0.75171
0.75704
0.45036
0.38347
0.59063
0.57965
0.57400
0.59028
0.61780
0.60166
0.51347
0.55849
0.13729
0.54181
0.58344
0.59032
0.56298
0.61929
0.63489
0.60210
0.61706
0.64676
0.53970
0.49779
0.63856
0.60067
0.61160
0.62824
0.61129
0.61065
0.52614
0.53382
0.48656
0.49552
0.60869
0.61905
0.55770
0.56171
0.68750
0.71028
0.66565
0.63429
0.67526
0.64757
0.56256
0.60062
0.69051
0.66416
0.54286
0.54430
0.68366
0.64457
0.60955
0.60868
0.47476
0.44035
0.62514
0.61052
0.68204
0.69452
0.67516
0.66864
0.72758
0.73839
0.40106
0.43344
0.59695
0.60287
0.65294
0.63581
0.56874
0.56142
0.48332
0.47106
0.66324
0.64984
0.48600
0.48781
0.60983
0.62401
0.57535
0.63217
0.68911
0.65729
0.58089
0.57402
0.61697
0.51237
0.63377
0.60748
0.52675
0.55074
0.55251
0.54879
0.56837
0.57856
0.55908
0.52389
0.48262
0.48560
0.68013
0.67979
0.53739
0.54639
0.57451
0.54501
0.33491
0.36888
0.59892
0.56698
0.36697
0.41443
0.63360
0.65363
0.46361
0.51240
0.57658
0.59896
0.68028
0.67218
0.61295
0.60174
0.39893
0.36637
0.71964
0.69807
0.53858
0.53601
0.46242
0.42831
0.56166
0.53674
0.68903
0.67279
0.67540
0.66928
0.59344
0.40841
0.65709
0.65357
0.55154
0.55462
0.58097
0.57314
0.60674
0.46853
0.48841
0.45747
0.69286
0.70536
0.52173
0.51948
0.06237
0.03938
0.68649
0.69374
0.34349
0.38056
0.40707
0.44152
0.47866
0.42421
0.58505
0.57744
0.73496
0.71845
0.65930
0.64371
0.40136
0.44914
0.64345
0.60043
0.58824
0.54287
0.68820
0.70133
0.47934
0.47682
0.54761
0.42454
0.61768
0.63659
0.62739
0.64633
0.58006
0.59270
0.75002
0.75199
0.44245
0.42341
0.56887
0.52747
0.65762
0.54343
0.56174
0.47186
0.36837
0.38802
0.52980
0.50177
0.63855
0.63223
0.59611
0.59220
0.51633
0.51933
0.62395
0.62129
0.39186
0.37518
0.52662
0.48572
0.55976
0.55538
0.57186
0.61333
0.57985
0.56568
0.58284
0.60458
0.58133
0.60506
0.40344
0.50974
0.39798
0.38112
0.63641
0.67118
0.50669
0.48564
0.61231
0.60810
0.44678
0.54174
0.38563
0.39652
0.59083
0.64071
0.53282
0.42673
0.61184
0.64200
