0.59007
0.58457
0.54798
0.54872
0.42719
0.42801
0.45349
0.47771
0.43134
0.37211
0.86050
0.87752
0.65730
0.69348
0.40223
0.45851
0.81911
0.82591
0.31769
0.32019
0.67381
0.64775
0.93431
0.85242
0.46445
0.46016
0.62484
0.61773
0.72140
0.72471
0.82167
0.83050
0.39631
0.39337
0.54449
0.52684
0.48520
0.47919
0.68589
0.69906
0.32403
0.36624
0.78444
0.97579
0.40026
0.36880
0.24399
0.51895
0.37209
0.34951
0.49986
0.80245
0.88353
0.96082
0.46188
0.44170
0.23776
0.24795
0.68931
0.68341
0.52256
0.55067
0.36322
0.41005
0.13912
0.14552
0.60552
0.54325
0.54427
0.69305
0.98627
0.97445
0.71877
0.72047
0.61304
0.60256
0.65377
0.65252
0.69076
0.65786
0.96023
0.86808
0.67202
0.66768
0.81529
0.82622
0.94013
0.92651
0.67091
0.66662
0.58521
0.56426
0.63462
0.61487
0.70763
0.69664
0.58959
0.61910
0.69242
0.70024
0.62023
0.60211
0.65132
0.68779
0.96972
0.96885
0.70804
0.70118
0.44140
0.47080
0.58870
0.57146
0.53081
0.70017
0.97583
0.98067
0.47336
0.45298
0.61998
0.57475
0.94751
0.98891
0.53452
0.54214
0.58032
0.55962
0.62851
0.62087
0.58533
0.56997
0.61203
0.61429
0.35996
0.55718
0.47012
0.47919
0.69566
0.68907
0.38689
0.39595
0.40393
0.39667
0.58352
0.53746
0.69878
0.71000
0.06121
0.05991
0.31248
0.33112
0.49197
0.48536
0.98985
0.52315
0.18506
0.18166
0.43753
0.42891
0.29565
0.23655
0.23354
0.21190
0.58437
0.45462
0.61318
0.61351
0.71717
0.65841
0.46161
0.46036
0.41641
0.44992
0.25570
0.25287
0.60767
0.54485
0.39530
0.36056
0.73393
0.76351
0.27922
0.27700
0.37578
0.38386
0.57797
0.55382
0.52857
0.57062
0.16301
0.15496
0.51655
0.52603
0.38944
0.37604
0.45714
0.45314
0.65011
0.65022
0.60824
0.57560
0.20983
0.15849
0.32313
0.31195
0.75304
0.71983
0.39122
0.35433
0.68462
0.59700
0.68502
0.69925
0.58907
0.59806
0.53260
0.51699
0.38659
0.35339
0.49571
0.50416
0.36605
0.35637
0.63906
0.59544
0.69628
0.69679
0.64007
0.63334
0.56398
0.57425
0.31425
0.34529
0.49539
0.47958
0.75885
0.75826
0.23580
0.26200
0.31894
0.34391
0.60239
0.60246
0.23995
0.22450
0.99474
0.99730
0.99699
0.99758
0.30827
0.37836
0.98463
0.97381
0.35939
0.35842
0.47730
0.55477
0.41640
0.41485
0.43677
0.44032
0.31054
0.37037
0.43300
0.41481
0.57812
0.58141
0.41989
0.41908
0.98233
0.98254
0.38158
0.44755
0.27263
0.24744
0.96388
0.96891
0.44695
0.42711
0.28442
0.27702
0.72985
0.86856
0.26433
0.26978
0.46562
0.39989
0.36026
0.42887
0.50179
0.49058
0.66478
0.57780
0.87730
0.89050
0.46268
0.48399
0.55997
0.40122
0.37055
0.34772
0.36633
0.35049
0.40345
0.49184
0.35890
0.34523
0.56796
0.54871
0.42214
0.43004
0.57313
0.57680
0.38300
0.40383
0.79278
0.80957
0.73997
0.73178
0.30801
0.31213
0.59590
0.64473
0.70897
0.64182
0.93840
0.96175
0.37167
0.34323
0.45052
0.52056
0.57006
0.56456
0.41682
0.41073
0.46206
0.47510
0.37001
0.34590
0.43166
0.43855
0.14829
0.17889
0.41940
0.40085
0.46104
0.46613
0.60551
0.61423
0.94839
0.94851
0.37470
0.39617
0.79786
0.75627
0.40231
0.48368
0.96343
0.96309
0.89754
0.89378
0.51068
0.41316
0.56230
0.55193
0.20683
0.18372
0.43062
0.45543
0.74842
0.83061
0.30342
0.31443
0.33494
0.43776
0.63398
0.60654
0.23523
0.22049
0.77874
0.72723
0.34406
0.30420
0.66207
0.67744
0.57900
0.55987
0.99855
0.99852
0.15379
0.13810
0.22241
0.19214
0.28581
0.30050
0.56692
0.64293
0.55687
0.49106
0.86703
0.87641
0.52108
0.55288
0.88241
0.53536
0.35022
0.34975
0.50871
0.45838
0.62393
0.52527
0.52939
0.52765
0.52933
0.45631
0.33868
0.29877
0.40846
0.38637
0.22817
0.22710
0.25101
0.29762
0.32397
0.39515
0.37906
0.37147
0.53899
0.55240
0.49855
0.54920
0.56751
0.53369
0.47400
0.47619
0.37406
0.37966
0.59924
0.59008
0.67259
0.67892
0.32166
0.40536
0.50528
0.56214
0.99929
0.99881
0.29076
0.28812
0.64420
0.60377
0.29947
0.31120
0.35101
0.33149
0.38132
0.35386
0.23808
0.21489
0.52499
0.42173
0.40307
0.35771
0.15926
0.18909
0.27235
0.27589
0.28996
0.29184
0.24158
0.23489
0.99832
0.87487
0.40419
0.42197
0.64165
0.60987
0.35705
0.37044
0.95746
0.95551
0.99604
0.99403
0.38302
0.37255
0.27028
0.27236
0.43708
0.43730
0.92994
0.93073
0.57480
0.57902
0.49408
0.40577
0.24086
0.26124
0.85284
0.82714
0.47272
0.55087
0.64574
0.63562
0.50918
0.49357
0.33349
0.33786
0.57318
0.55085
0.56660
0.59457
0.23633
0.23835
0.39530
0.42878
0.98520
0.98348
0.26871
0.39508
0.31219
0.29455
0.48804
0.55763
0.45782
0.40010
0.41857
0.40779
0.16869
0.19147
0.22709
0.22033
0.42390
0.51006
0.45618
0.53475
0.63956
0.63190
0.33050
0.33810
0.26963
0.26952
0.36906
0.34443
0.20749
0.20333
0.73214
0.81927
0.47011
0.45896
0.38282
0.44865
0.46213
0.52745
0.26313
0.20153
0.35493
0.41886
0.46690
0.41237
0.37158
0.36563
0.42094
0.41920
0.38454
0.36493
0.84656
0.86326
0.28458
0.29285
0.78756
0.71485
0.26463
0.24745
0.32417
0.31715
0.35188
0.36178
0.43859
0.40629
0.35518
0.34839
0.64519
0.56914
0.60045
0.58851
0.38630
0.39609
0.13596
0.15936
0.21664
0.24405
0.44711
0.43309
0.27466
0.30288
0.31757
0.36416
0.37097
0.36123
0.58198
0.58756
0.54119
0.60203
0.54937
0.53188
0.47720
0.46660
0.31611
0.29641
0.39878
0.40110
0.34678
0.31051
0.49199
0.50378
0.39076
0.36223
0.40301
0.38665
0.91675
0.92827
0.48096
0.37220
0.42858
0.41947
0.52656
0.47573
0.31102
0.30082
0.37869
0.38718
0.18687
0.18528
0.98906
0.99396
0.96745
0.96164
0.99415
0.99395
0.58407
0.58117
0.33784
0.35278
0.42558
0.45511
0.86071
0.86335
0.25081
0.27803
0.55968
0.58095
0.93898
0.96356
0.33193
0.31925
0.30888
0.29441
0.57411
0.57267
0.29357
0.25884
0.35491
0.32507
0.86066
0.86248
0.43684
0.43605
0.31829
0.38499
0.26166
0.28378
0.37349
0.40467
0.37080
0.38400
0.37733
0.36073
0.35163
0.34150
0.44744
0.45193
0.28618
0.33430
0.19216
0.27572
0.34171
0.34902
0.55785
0.44532
0.20226
0.23733
0.42934
0.40341
0.24580
0.21549
0.46445
0.45025
0.26692
0.28921
0.30925
0.26370
0.13515
0.14496
0.42450
0.44257
0.50791
0.51477
0.31849
0.35293
0.38181
0.26505
0.33735
0.33600
0.57802
0.54448
0.77887
0.75569
0.51769
0.52719
0.53192
0.53124
0.88323
0.85806
0.44288
0.44410
0.36980
0.40796
0.32313
0.35581
0.55353
0.55460
0.12650
0.12069
0.30463
0.39272
0.31941
0.30869
0.41631
0.40155
0.96313
0.95545
0.35632
0.37842
0.19604
0.22006
0.27009
0.26100
0.35242
0.38917
0.53107
0.52890
0.45638
0.47684
0.57861
0.63325
0.35744
0.36380
0.33691
0.34824
0.45368
0.33713
0.41588
0.42241
0.38144
0.41514
0.37868
0.41046
0.84312
0.81630
0.63811
0.65466
0.26782
0.27651
0.99978
0.99808
0.25906
0.23976
0.47390
0.43625
0.33376
0.30462
0.50018
0.56313
0.95971
0.96057
0.31394
0.33366
0.40176
0.41154
0.54188
0.51843
0.36515
0.39848
0.99962
0.99968
0.34898
0.35417
0.46304
0.44290
0.75056
0.86114
0.38308
0.36992
0.32304
0.27797
0.36146
0.36508
0.51731
0.50430
0.32757
0.35193
0.35230
0.33335
0.52541
0.54658
0.36590
0.32919
0.25214
0.20447
0.35906
0.36366
0.46882
0.39656
0.56366
0.49507
0.31655
0.27058
0.30037
0.28274
0.60199
0.59268
0.99976
0.99956
0.80773
0.43828
0.43793
0.44491
0.37170
0.34714
0.43701
0.44124
0.60641
0.62035
0.44759
0.40281
0.51500
0.52552
0.40120
0.40535
0.41649
0.35678
0.69146
0.69797
0.27442
0.28959
0.98264
0.99965
0.51190
0.48740
0.49068
0.54664
0.44112
0.46536
0.22821
0.17813
0.22677
0.23667
0.80855
0.79177
0.99013
0.98750
0.27447
0.33015
0.46204
0.47097
0.27266
0.26822
0.40763
0.41353
0.26512
0.27829
0.55302
0.56695
0.91893
0.90547
0.41270
0.41806
0.30440
0.30863
0.41938
0.41602
0.59999
0.54386
0.38153
0.39593
0.48441
0.46095
0.99497
0.99673
0.99473
0.99518
0.50132
0.46497
0.56540
0.54813
0.59821
0.58988
0.42980
0.43261
0.47536
0.48251
0.78984
0.79312
0.53622
0.54902
0.28399
0.32179
0.33899
0.35458
0.47111
0.46356
0.99932
0.99928
0.39096
0.34596
0.34948
0.33401
0.53708
0.57031
0.23962
0.25104
0.10259
0.14318
0.59112
0.57831
0.22097
0.20736
0.35389
0.45527
0.28424
0.22187
0.99734
0.99693
0.99004
0.99578
0.68278
0.67670
0.30610
0.30976
0.23145
0.22187
0.94515
0.94079
0.73556
0.74103
0.24814
0.23985
0.78612
0.80128
