0.00100
0.00191
0.01029
0.00094
0.00003
0.00001
0.00041
0.00094
0.00005
0.00006
0.00231
0.00032
0.00001
0.00001
0.18414
0.27960
0.01347
0.03874
0.00001
0.00001
0.00010
0.00007
0.00560
0.91719
0.00003
0.00003
0.00004
0.00005
0.00002
0.00003
0.70408
0.69693
0.00014
0.00009
0.03234
0.02122
0.00006
0.00007
0.07034
0.02910
0.00002
0.00001
0.12947
0.00040
0.00003
0.00003
0.00001
0.00001
0.00000
0.00002
0.00002
0.00010
0.00083
0.00541
0.00418
0.00252
0.00001
0.00002
0.00148
0.00133
0.00000
0.00001
0.00083
0.00068
0.77290
0.25359
0.00000
0.00000
0.00005
0.00004
0.00001
0.00000
0.05090
0.01786
0.00003
0.00001
0.00002
0.00002
0.00002
0.00002
0.00021
0.00048
0.00003
0.00004
0.00001
0.00001
0.72748
0.00623
0.15187
0.21994
0.00001
0.00001
0.08761
0.04372
0.00001
0.00001
0.00002
0.00002
0.00001
0.00000
0.00001
0.00003
0.85267
0.78802
0.00001
0.00001
0.00006
0.00007
0.00001
0.00001
0.00002
0.00002
0.00001
0.00001
0.00812
0.00736
0.00001
0.00002
0.00002
0.00002
0.00056
0.00007
0.00000
0.00000
0.00002
0.00001
0.00014
0.00014
0.00077
0.00045
0.00005
0.00004
0.00001
0.00002
0.00025
0.00027
0.00063
0.00088
0.00001
0.00001
0.00006
0.00008
0.00001
0.00000
0.00001
0.00001
0.00001
0.00001
0.00015
0.00006
0.43587
0.19070
0.00005
0.00004
0.00001
0.00001
0.00003
0.00002
0.00001
0.00001
0.00002
0.00002
0.00001
0.00001
0.00002
0.00003
0.00003
0.00003
0.23178
0.20310
0.00002
0.00003
0.00001
0.00002
0.00011
0.00250
0.00008
0.00005
0.00281
0.00311
0.00001
0.00001
0.00026
0.00019
0.00001
0.00001
0.00006
0.00166
0.05390
0.12304
0.00009
0.00011
0.00003
0.00003
0.00069
0.00165
0.00002
0.00001
0.00008
0.00008
0.00001
0.00001
0.00001
0.00001
0.10939
0.00025
0.00007
0.00005
0.00028
0.00028
0.00629
0.00640
0.15545
0.18238
0.59473
0.72820
0.00004
0.00005
0.88152
0.60961
0.00010
0.00003
0.80707
0.03595
0.00006
0.00003
0.00003
0.00003
