0.00002
0.00001
0.00001
0.00001
0.00027
0.00031
0.00001
0.00001
0.00009
0.00000
0.00191
0.08454
0.00007
0.00006
0.00002
0.00001
0.00017
0.00005
0.00055
0.00034
0.00001
0.00001
0.00001
0.00002
0.00000
0.00001
0.00001
0.00001
0.00000
0.00000
0.00004
0.00002
0.00042
0.00034
0.00120
0.00017
0.00006
0.00012
0.00001
0.00001
0.00010
0.00048
0.00006
0.00005
0.08600
0.03504
0.00001
0.00001
0.00001
0.00002
0.00000
0.00000
0.00005
0.00005
0.00067
0.00088
0.00013
0.00042
0.00066
0.00045
0.00020
0.00033
0.00021
0.00018
0.00001
0.00002
0.00001
0.00001
0.00029
0.00018
0.50568
0.49882
0.00041
0.00076
0.00012
0.00010
0.00087
0.00085
0.00004
0.00002
0.00002
0.00003
0.00011
0.00024
0.00002
0.00002
0.00000
0.00000
0.00000
0.00000
0.00002
0.00005
0.00000
0.00001
0.00052
0.00102
0.00011
0.00005
0.00001
0.00002
0.00001
0.00002
0.00000
0.00000
0.00001
0.00000
0.00034
0.00020
0.00001
0.00004
0.00124
0.00108
0.00177
0.00046
0.00043
0.00054
0.00019
0.00011
0.00033
0.00016
0.00001
0.00001
0.00822
0.00458
0.00003
0.00008
0.00022
0.00024
0.99997
1.00000
0.00211
0.00227
0.00036
0.00035
0.00004
0.00005
0.00008
0.00003
0.00032
0.00027
0.00006
0.00008
0.00044
0.00030
0.00002
0.00002
0.00001
0.00001
0.00000
0.00000
0.00009
0.00007
0.00005
0.00002
0.00046
0.00030
0.50492
0.99998
0.00001
0.00005
0.00036
0.00035
0.00019
0.00009
0.00001
0.00001
0.00007
0.00011
0.00407
0.00780
0.00003
0.00001
0.00011
0.00005
0.00007
0.00004
0.00015
0.00005
0.00001
0.00003
0.00012
0.00017
0.64642
0.24820
0.00002
0.00002
0.07990
0.08363
0.00031
0.00095
0.00002
0.00001
0.00007
0.00004
0.00187
0.00049
0.00001
0.00000
0.00003
0.00006
0.00004
0.00013
0.00003
0.00006
0.00003
0.00003
0.00000
0.00000
0.00036
0.00032
0.00009
0.00033
0.00001
0.00000
0.00010
0.00020
0.00014
0.00008
0.00003
0.00003
0.00008
0.00007
0.00002
0.00002
0.00001
0.00000
0.08574
0.05393
0.00001
0.00002
0.00003
0.00000
