0.02582
0.02296
0.02185
0.01917
0.04535
0.05125
0.02227
0.01871
0.06630
0.10705
0.16902
0.08446
0.03275
0.02350
0.02611
0.02956
0.03496
0.03215
0.00906
0.01004
0.02988
0.03993
0.03712
0.04036
0.03471
0.03710
0.02321
0.03606
0.11884
0.11928
0.08837
0.05149
0.08569
0.05740
0.03704
0.04488
0.02118
0.02279
0.05224
0.04776
0.02444
0.02710
0.02949
0.04114
0.09483
0.09665
0.04463
0.04058
0.31060
0.27881
0.15633
0.15559
0.02310
0.02196
0.01987
0.01470
0.07140
0.04240
0.08977
0.08646
0.06514
0.06223
0.05246
0.02813
0.03291
0.03144
0.03538
0.04082
0.36339
0.06513
0.05070
0.02698
0.03983
0.03340
0.03224
0.11369
0.04262
0.02489
0.05121
0.05003
0.02406
0.02546
0.04099
0.04681
0.03821
0.04378
0.30596
0.16031
0.06596
0.03505
0.03336
0.78800
0.22908
0.11154
0.02985
0.02471
0.05423
0.03955
0.11455
0.27349
0.02604
0.03177
0.57784
0.09156
0.02970
0.02962
0.01923
0.01904
0.01658
0.01605
0.04211
0.04173
0.05224
0.03834
0.02127
0.17736
0.02503
0.03396
0.04170
0.04471
0.06778
0.03028
0.04036
0.05710
0.03650
0.06510
0.12193
0.07901
0.05287
0.03272
0.02045
0.02121
0.81908
0.64358
0.02966
0.03926
0.05123
0.08586
0.11989
0.11749
0.07033
0.08228
0.03420
0.05238
0.03998
0.05220
0.03915
0.04893
0.03310
0.02930
0.05457
0.04939
0.03332
0.05102
0.08229
0.04067
0.06933
0.07567
0.02825
0.02681
0.06720
0.07552
0.02866
0.02729
0.02181
0.01848
0.07539
0.04306
0.01592
0.01320
0.07982
0.14886
0.02274
0.02179
0.03041
0.04488
0.05713
0.06483
0.02636
0.02954
0.01575
0.01491
0.05369
0.05426
0.08152
0.04576
0.02345
0.02011
0.23156
0.24695
0.05408
0.05608
0.13844
0.07427
0.38516
0.56034
0.01091
0.00915
0.05767
0.18057
0.05136
0.03866
0.03791
0.03616
0.07301
0.16801
0.01500
0.01626
0.06807
0.09103
0.21756
0.05869
0.01793
0.01406
0.12937
0.15300
0.02252
0.03010
0.04249
0.03780
0.05454
0.03119
0.03683
0.04040
0.11068
0.08340
0.03451
0.04431
0.04713
0.03374
0.06498
0.05663
0.07387
0.06001
0.03984
0.03367
0.08526
0.07059
0.02186
0.03056
0.14901
0.10480
0.33161
0.31035
0.04485
0.05039
0.02839
0.28885
0.03753
0.03570
0.02633
0.02819
0.06047
0.10494
0.09998
0.20895
0.09907
0.08969
0.04563
0.04917
0.05149
0.04390
0.02032
0.03400
0.02942
0.01613
0.06255
0.04420
0.03655
0.03467
0.58749
0.61224
0.08855
0.10087
0.19621
0.03723
0.17010
0.08410
0.15583
0.03581
0.02644
0.03637
0.01711
0.01679
0.07084
0.06760
0.01879
0.03989
0.03185
0.03144
0.02135
0.02137
0.01825
0.01756
0.78096
0.76052
0.02896
0.02762
0.17325
0.05125
0.04459
0.03520
0.03796
0.06738
0.08580
0.09075
0.05920
0.03400
0.04104
0.03779
0.02695
0.02709
0.05008
0.05030
0.12838
0.17986
0.05213
0.06198
0.07529
0.07139
0.04737
0.04415
0.01930
0.01853
0.23878
0.08016
0.01547
0.01303
0.03724
0.02361
0.03845
0.05873
0.27455
0.30726
0.06599
0.04565
0.03392
0.05404
0.05319
0.03622
0.69559
0.80384
0.04445
0.02295
0.02320
0.05372
0.03707
0.03216
0.07588
0.06219
0.06971
0.07075
0.24724
0.17265
0.01234
0.02320
0.02051
0.02978
0.63811
0.63025
0.04024
0.04973
0.03439
0.04317
0.02812
0.02529
0.02390
0.02123
0.07048
0.04291
0.53529
0.67470
0.11447
0.03441
0.04935
0.05749
0.03870
0.03216
0.13041
0.13631
0.37561
0.17089
0.04704
0.04598
0.05929
0.09016
0.03176
0.04382
0.05780
0.05469
0.08175
0.12660
0.04417
0.02865
0.02690
0.02222
0.01474
0.01453
0.02927
0.03021
0.12387
0.14784
0.22065
0.24090
0.18001
0.14179
0.04228
0.03067
0.02785
0.02608
0.02963
0.02995
0.30140
0.32013
0.03520
0.02819
0.10254
0.11349
0.14915
0.10703
0.03631
0.11795
0.08677
0.05754
0.07908
0.07157
0.07680
0.06939
0.01811
0.01561
0.00822
0.00756
0.19121
0.20453
0.16400
0.20573
0.11510
0.11409
0.06645
0.09019
0.03471
0.04740
0.01096
0.01229
0.08049
0.04182
0.04046
0.06246
0.03203
0.03613
0.02598
0.02418
0.27842
0.25279
0.04875
0.03325
0.18525
0.12045
0.03080
0.03632
0.01561
0.01507
0.04622
0.04035
0.03525
0.04225
0.07484
0.06802
0.16643
0.21065
0.10187
0.10259
0.21550
0.22213
0.04398
0.04218
0.01176
0.01215
0.02633
0.06306
0.03438
0.08114
0.06103
0.27090
0.04109
0.03061
0.06771
0.07658
0.03222
0.04254
0.29973
0.32475
0.02501
0.03480
0.02411
0.02062
0.04114
0.05433
0.04584
0.04297
0.08615
0.10725
0.02560
0.02708
0.03382
0.03228
0.66846
0.12182
0.20770
0.22968
0.04452
0.05299
0.09616
0.05465
0.12530
0.12168
0.01785
0.01895
0.06221
0.04792
0.02976
0.02505
0.02449
0.02288
0.03359
0.03635
0.03017
0.04016
0.01227
0.01259
0.03844
0.04532
0.04526
0.05887
0.11330
0.07027
0.12216
0.07425
0.05979
0.04404
0.05283
0.05203
0.01758
0.03578
0.03971
0.05423
0.08113
0.14843
0.06776
0.06809
0.04523
0.02592
0.04750
0.07689
0.02809
0.02832
0.02263
0.03209
0.02349
0.08224
0.04327
0.06751
0.03901
0.05659
0.47730
0.06777
0.04457
0.04987
0.45756
0.57193
0.03318
0.02451
0.03112
0.05735
0.03647
0.03411
0.03824
0.03381
0.01538
0.01415
0.14498
0.03546
0.02618
0.02405
0.12928
0.25950
0.05240
0.04856
0.03689
0.06191
0.15710
0.14083
0.22710
0.21614
0.21342
0.21522
0.05523
0.05668
0.06755
0.27915
0.04004
0.03743
0.25821
0.30521
0.20481
0.19341
0.05393
0.04778
0.02800
0.03707
0.03587
0.04248
0.05690
0.06869
0.04730
0.05275
0.02737
0.02585
0.06497
0.08510
0.15879
0.16184
0.05914
0.05771
0.07437
0.12953
0.03365
0.04442
0.03483
0.04982
0.14767
0.12921
0.03095
0.02757
0.08018
0.08005
0.04723
0.10085
0.26477
0.27475
0.09872
0.05031
0.04018
0.02768
0.03550
0.04526
0.01905
0.03329
0.03894
0.05152
0.03768
0.05488
0.07994
0.13941
0.03771
0.04068
0.10727
0.10105
0.04936
0.04702
0.02942
0.02500
0.01823
0.01804
0.02374
0.01823
0.02226
0.01783
0.02905
0.08731
0.03120
0.02171
0.22330
0.12483
0.05562
0.07319
0.04695
0.04040
0.21896
0.82392
0.31523
0.22019
0.35824
0.29293
0.03140
0.02466
0.07334
0.04569
0.03220
0.02679
0.05124
0.09753
0.07227
0.07900
0.13639
0.11965
0.06511
0.06221
0.02305
0.02591
0.52824
0.69501
0.09197
0.10101
0.04918
0.02641
0.05224
0.05098
0.06811
0.04985
0.02968
0.03255
0.05748
0.06251
0.05446
0.09701
0.12521
0.04428
0.01473
0.01136
0.03082
0.03195
0.01101
0.01080
0.03345
0.02879
0.03049
0.03349
0.04767
0.05882
0.36257
0.37884
0.02499
0.02911
0.16770
0.26603
0.03322
0.02096
0.10791
0.30969
0.09182
0.02586
0.03288
0.02711
0.03822
0.02791
0.03954
0.04277
0.04972
0.03803
0.02372
0.02632
0.22545
0.02560
0.04448
0.04701
0.02840
0.03259
0.02717
0.02258
0.02368
0.27257
0.12866
0.11155
0.04323
0.05496
0.06007
0.13311
0.08360
0.07327
0.03504
0.02314
0.04334
0.05650
0.19496
0.22941
0.36130
0.38413
0.03605
0.13198
0.04067
0.03240
0.02730
0.03170
0.11924
0.11239
0.19370
0.21258
0.03251
0.02146
0.07472
0.09339
0.05470
0.06811
0.01633
0.01575
0.72134
0.20214
0.04485
0.03028
0.05288
0.05480
0.05387
0.04844
0.05634
0.05530
0.02097
0.03117
0.02092
0.01926
0.12726
0.09773
0.05161
0.16144
0.02304
0.03151
0.03037
0.03416
0.06726
0.08068
0.18056
0.47731
0.00794
0.00947
0.05541
0.04836
0.23058
0.31688
0.26007
0.03090
0.20809
0.33603
0.05402
0.06239
0.02384
0.02335
0.02847
0.03277
0.07823
0.06709
0.04175
0.04413
0.03704
0.04108
0.02264
0.02342
0.46022
0.58268
0.02076
0.02343
0.04527
0.03672
0.48289
0.47151
0.02699
0.02415
0.02902
0.02573
0.15693
0.12923
0.23835
0.12482
0.02639
0.03547
0.03491
0.03909
0.03946
0.02511
0.00862
0.00828
0.05821
0.05305
0.01899
0.01713
0.03235
0.02984
0.02032
0.03519
0.01535
0.01341
0.01787
0.01914
0.05717
0.05661
0.08324
0.09066
0.10749
0.08011
0.06509
0.05297
0.03462
0.22417
0.02459
0.02020
0.04049
0.03074
0.03993
0.03547
0.04732
0.05725
0.25125
0.29935
0.05426
0.07735
0.02719
0.03668
0.03419
0.08639
0.16107
0.03501
0.02473
0.02896
0.01382
0.01403
0.03685
0.03660
0.00993
0.00616
0.01378
0.01671
0.38491
0.29856
0.47148
0.33204
0.02531
0.02286
0.02208
0.01703
0.01287
0.01638
0.93028
0.92869
0.01905
0.02540
0.05097
0.04765
0.03646
0.03471
0.04597
0.02649
0.04267
0.02486
0.06883
0.07723
0.03063
0.02943
0.01454
0.01599
0.05790
0.05914
0.16487
0.03646
0.01469
0.01259
0.04013
0.02481
0.23796
0.17079
0.01988
0.02022
0.01478
0.01256
0.04647
0.05079
0.09746
0.10805
0.83995
0.68138
0.03965
0.03415
0.06855
0.06406
0.02436
0.01990
0.59514
0.59046
0.01429
0.01435
0.02959
0.03013
0.02526
0.02259
0.06967
0.07518
0.00996
0.00848
0.16291
0.13582
0.02821
0.02710
0.03523
0.10199
0.04022
0.04022
0.12861
0.01764
0.05961
0.06370
0.04593
0.04687
0.49074
0.60565
0.01239
0.01049
0.02066
0.02419
0.20711
0.16767
0.02361
0.02535
0.15722
0.22192
0.03501
0.03116
0.02980
0.03211
0.06404
0.09314
0.04986
0.05067
0.08409
0.10572
0.02414
0.01869
0.11424
0.14327
0.03687
0.01911
0.01726
0.01589
0.04002
0.03857
0.03710
0.02646
0.48148
0.38277
0.02955
0.02172
0.02973
0.23100
0.05182
0.05828
0.24966
0.31080
0.09609
0.12952
0.15868
0.35870
0.31721
0.28440
0.04469
0.04187
0.29597
0.34187
0.03969
0.03185
0.01574
0.01700
0.00756
0.00816
0.37771
0.18833
0.01799
0.02412
0.04684
0.03664
0.09576
0.07139
0.05996
0.07270
0.17427
0.17853
0.06075
0.02873
0.03843
0.04463
0.01133
0.00903
0.07498
0.12543
0.79909
0.74900
0.02453
0.03040
0.01050
0.01119
0.03051
0.02693
0.02760
0.02735
0.19528
0.19797
0.08650
0.08463
0.15393
0.15229
0.01214
0.01085
0.03873
0.02454
0.01619
0.01714
0.17265
0.11976
0.01421
0.01448
0.02387
0.02457
0.01701
0.02160
0.01817
0.01936
0.02979
0.05247
0.21500
0.13395
0.01746
0.01825
0.08169
0.07332
0.04792
0.05151
0.16731
0.15247
0.04353
0.04234
0.03915
0.04025
0.02873
0.03189
0.03572
0.02706
0.01328
0.00998
0.01017
0.00820
0.06052
0.03073
0.02790
0.03438
0.04788
0.05066
0.05216
0.05482
0.00793
0.00824
0.04737
0.04400
0.04180
0.05457
0.04091
0.04757
0.02738
0.02045
0.06263
0.05543
0.03534
0.04623
0.00790
0.00735
0.02184
0.01818
0.00941
0.00903
0.02656
0.09833
0.27756
0.25976
0.02250
0.03409
0.04598
0.05105
0.11644
0.14223
0.14199
0.12906
0.01741
0.01941
0.01521
0.01692
0.04374
0.04659
0.12252
0.12290
0.12146
0.38360
0.05712
0.06507
0.06141
0.02157
0.02375
0.02666
0.00641
0.00620
0.02288
0.01843
0.01743
0.01242
0.01007
0.01133
0.26966
0.24972
0.32531
0.20739
0.02676
0.04692
0.01228
0.01115
0.02007
0.01964
0.01817
0.01401
0.00820
0.00793
0.01782
0.02295
0.02144
0.03986
0.38064
0.38266
0.06353
0.06628
0.02149
0.05632
0.03080
0.02366
0.16908
0.11676
0.04709
0.03814
0.01911
0.01559
0.01418
0.01960
0.02849
0.02259
0.00912
0.00990
0.03994
0.03032
0.02423
0.02349
0.58513
0.17048
0.01966
0.02383
0.03301
0.02245
0.03142
0.03141
0.01585
0.01900
0.02581
0.02248
0.02240
0.06584
0.09457
0.11506
0.01681
0.01360
0.95852
0.46204
0.01231
0.01295
0.03592
0.05493
0.09777
0.12635
0.02162
0.03114
0.01672
0.01785
0.02077
0.02154
0.02407
0.02704
0.01391
0.02179
0.01097
0.03276
0.16263
0.18617
0.00938
0.00942
0.26584
0.24219
0.04564
0.10347
0.01812
0.01459
0.04121
0.06715
0.67413
0.40531
0.00961
0.00899
0.03224
0.03200
0.02122
0.01642
0.12842
0.19153
0.08929
0.03372
0.01699
0.01392
0.04830
0.05944
0.04831
0.03756
0.37426
0.52791
0.15723
0.09776
0.84948
0.85380
0.01390
0.01890
0.02698
0.02127
0.02923
0.02992
0.03669
0.03169
0.03293
0.03654
0.29323
0.30482
0.03047
0.01574
0.09502
0.25718
0.12643
0.05430
0.02663
0.02766
0.04430
0.04159
0.79104
0.16981
0.01241
0.01012
0.43444
0.33840
0.04973
0.03695
0.02824
0.02629
0.06051
0.05728
0.02593
0.03129
0.01661
0.01985
0.09067
0.23424
0.02582
0.02981
0.01151
0.01212
0.01406
0.01348
0.02471
0.02627
0.14740
0.12199
0.04579
0.07143
0.02300
0.02251
0.02470
0.02762
0.03420
0.03809
0.01390
0.01936
0.00894
0.00834
0.17856
0.12718
0.02952
0.02575
0.02946
0.03037
0.05358
0.10214
0.02628
0.02312
0.02772
0.03375
0.05440
0.05119
0.01398
0.01415
0.10397
0.05715
0.02248
0.03733
0.33563
0.45856
0.06028
0.06317
0.01350
0.01325
0.03095
0.02924
0.02491
0.02211
0.02930
0.04155
0.78855
0.85416
0.08133
0.08633
0.03954
0.04824
0.04521
0.02910
0.04061
0.03874
0.04045
0.02520
0.01252
0.01119
0.08834
0.09031
0.00986
0.01030
0.02230
0.01607
0.75606
0.63366
0.01959
0.02111
0.04211
0.04332
0.03951
0.13006
0.02788
0.02811
0.01609
0.02808
0.02672
0.03343
0.19177
0.19350
0.04087
0.01995
0.00871
0.00920
0.05286
0.04803
0.01559
0.01497
0.02681
0.02227
0.04952
0.04728
0.02553
0.01955
0.04660
0.05494
0.29887
0.35747
0.15927
0.06227
0.00969
0.00801
0.05206
0.04215
0.01878
0.01723
0.01560
0.01494
0.13662
0.10525
0.01055
0.01411
0.01505
0.01376
0.01577
0.01747
0.02907
0.02300
0.02675
0.03042
0.53399
0.51855
0.29852
0.59714
0.03032
0.02003
0.01538
0.03297
0.13396
0.11168
0.00962
0.01105
0.00990
0.01032
0.02910
0.03145
0.01975
0.01961
0.42337
0.42826
0.01346
0.01247
0.52843
0.48503
0.01112
0.01242
0.02373
0.02299
0.05599
0.03810
0.60698
0.12996
0.01601
0.01734
0.02622
0.02355
0.00888
0.00804
0.03440
0.05716
0.03078
0.03056
0.02734
0.02319
0.02841
0.02656
0.23341
0.22598
0.50111
0.33930
0.00971
0.00977
0.39285
0.40318
0.07796
0.03884
0.11143
0.18593
0.09030
0.08797
0.03362
0.05829
0.00734
0.00706
0.01147
0.01227
0.03353
0.03567
0.05402
0.05281
0.12203
0.13673
0.00775
0.00568
0.02852
0.02651
0.85037
0.77478
0.08939
0.14074
0.65591
0.03899
0.00581
0.00567
0.90971
0.14433
0.13856
0.03049
0.17824
0.23925
0.01703
0.01790
0.04509
0.03809
0.13567
0.60609
0.03373
0.01918
0.01443
0.01867
0.01614
0.01852
0.36135
0.18010
0.05997
0.05191
0.00756
0.00824
0.03020
0.02974
0.28246
0.33609
0.02596
0.01935
0.50000
0.38970
0.02788
0.03156
0.21694
0.25980
0.02583
0.03426
0.04017
0.02519
0.28222
0.36614
0.11512
0.29646
0.16050
0.06981
0.03009
0.03371
0.01979
0.01535
0.07807
0.03354
0.01335
0.01884
0.01607
0.01398
0.67129
0.14127
0.38699
0.33696
0.02030
0.02296
0.03254
0.03757
0.04962
0.06240
0.03584
0.02330
0.06418
0.14526
0.04763
0.12184
0.44782
0.49908
0.02059
0.03283
0.02673
0.02454
0.17908
0.13644
0.01415
0.03103
0.09142
0.08563
0.65513
0.42985
0.02373
0.02680
0.01995
0.02223
0.02040
0.02114
0.05540
0.02442
0.19619
0.07619
0.02028
0.01961
0.02905
0.03558
0.01912
0.02883
0.02187
0.02381
0.05048
0.04788
0.00748
0.00799
0.04099
0.04016
0.04006
0.03734
0.01413
0.01148
0.33272
0.36617
0.36555
0.06268
0.04903
0.04312
0.06041
0.05511
0.02167
0.02389
0.22828
0.65908
0.19450
0.07618
0.04404
0.02566
0.17226
0.14126
0.06113
0.05124
0.03462
0.03222
0.78809
0.04783
0.03960
0.02931
0.01664
0.01458
0.05112
0.07575
0.02581
0.02320
0.04388
0.03685
0.03238
0.02013
0.17044
0.46516
0.04160
0.04077
0.01081
0.01229
0.01366
0.01601
0.03634
0.03231
0.24567
0.36997
0.01292
0.01404
0.02984
0.04976
0.01228
0.00888
0.00652
0.01045
0.01372
0.01370
0.03953
0.04313
0.07035
0.06948
0.08023
0.12883
0.02903
0.02455
0.07871
0.07403
0.29937
0.23432
0.01725
0.01512
0.04360
0.03771
0.94701
0.85575
0.02800
0.02450
0.00742
0.00751
0.70617
0.86817
0.01137
0.01073
0.03218
0.02456
0.01049
0.01543
0.49486
0.45446
0.02042
0.01886
0.00868
0.00739
0.00651
0.00629
0.03041
0.03238
0.01896
0.01885
0.09429
0.01458
0.01953
0.01752
0.12096
0.10036
0.03519
0.03234
0.01144
0.01230
0.01013
0.00947
0.01711
0.01830
0.02955
0.03172
0.35738
0.81222
0.10035
0.11799
0.00664
0.00615
0.11540
0.02445
0.16483
0.12261
0.01569
0.01738
0.01055
0.01194
0.04779
0.04819
0.01917
0.01403
0.20957
0.18234
0.13080
0.10342
0.01399
0.01611
0.01758
0.01606
0.04195
0.04047
0.14709
0.17605
0.05158
0.04038
0.05320
0.04019
0.05202
0.08473
0.82580
0.82375
0.01489
0.02507
0.02244
0.23211
0.01466
0.01376
0.05387
0.03317
0.05092
0.04534
0.00670
0.00756
0.88704
0.83727
0.01148
0.01457
0.01175
0.01213
0.00862
0.00812
0.01963
0.03093
0.01071
0.00997
0.04455
0.01758
0.01683
0.01814
0.01428
0.01502
0.31512
0.80599
0.00952
0.00979
0.01045
0.01121
0.05054
0.05094
0.01085
0.01047
0.05197
0.07180
0.10231
0.11509
0.02452
0.02875
0.01329
0.01240
0.01753
0.01442
0.03287
0.03294
0.01904
0.01946
0.08300
0.02966
0.01271
0.01256
0.03235
0.01666
0.08133
0.07219
0.27194
0.26924
0.01404
0.01342
0.00945
0.06015
0.00955
0.00809
0.00973
0.00963
0.12853
0.07222
0.01126
0.00874
0.00548
0.00566
0.01374
0.01285
0.03501
0.02431
0.03836
0.04029
0.23176
0.48760
0.02806
0.02753
0.01521
0.01360
0.01202
0.00873
0.07050
0.64306
0.00740
0.00729
0.03400
0.03416
0.01735
0.02109
0.01360
0.01481
0.14271
0.19401
0.24596
0.23403
0.37070
0.33230
0.04554
0.05198
0.02381
0.02736
0.00928
0.00915
0.02414
0.03368
0.02262
0.02407
0.30138
0.33991
0.01889
0.01872
0.04201
0.02350
0.04281
0.04577
0.16176
0.13234
0.01750
0.02262
0.44954
0.46599
0.04460
0.04224
0.04206
0.04210
0.03537
0.02806
0.37517
0.28563
0.31172
0.06775
0.49885
0.65182
0.01091
0.01262
0.01480
0.01457
0.01582
0.01949
0.01705
0.01572
0.38114
0.20389
0.01494
0.01863
0.10917
0.03694
0.03578
0.02518
0.01534
0.00852
0.01177
0.01181
0.00844
0.00919
0.00904
0.00806
0.02602
0.01949
0.01031
0.01100
0.00906
0.00777
0.03403
0.15853
0.00803
0.00719
0.01567
0.01548
0.02808
0.02536
0.01707
0.01629
0.03423
0.10174
0.03419
0.03193
0.78407
0.88268
0.41217
0.41119
0.01299
0.01206
0.01852
0.01950
0.01570
0.01416
0.02413
0.01904
0.01755
0.01815
0.00531
0.00565
0.10949
0.08750
0.01105
0.00869
0.10882
0.16824
0.01604
0.02291
0.89710
0.87100
0.54579
0.62075
0.02854
0.02793
0.01347
0.01252
0.07275
0.10796
0.02682
0.02790
0.01716
0.01375
0.01752
0.01924
0.02258
0.02450
0.04847
0.04078
0.76235
0.75462
0.00959
0.00963
0.00990
0.00993
0.01163
0.01096
0.00883
0.00858
0.00699
0.00697
0.00980
0.00920
0.02357
0.02391
0.03389
0.06876
0.05968
0.02304
0.03520
0.03322
0.01758
0.01326
0.03306
0.03594
0.00768
0.01627
0.00824
0.01152
0.71129
0.75490
0.13869
0.11169
0.02402
0.76295
0.01361
0.01237
0.03107
0.03054
0.04521
0.04066
0.01101
0.01387
0.00964
0.00931
0.03398
0.04610
0.02428
0.02548
0.02183
0.02111
0.00746
0.00756
0.76743
0.28659
0.71811
0.19290
0.04414
0.04806
0.56421
0.59910
0.07819
0.04410
0.00958
0.00969
0.00768
0.00755
0.03546
0.03751
0.01432
0.01299
0.15676
0.16237
0.62667
0.64095
0.01276
0.01251
0.01019
0.01060
0.02649
0.02475
0.80551
0.80618
0.15890
0.06653
0.05107
0.04597
0.03455
0.02748
0.00607
0.00681
0.90574
0.83097
0.03479
0.02716
0.05463
0.05656
0.32401
0.19174
0.01304
0.01271
0.04237
0.04255
0.01208
0.01166
0.00941
0.01046
0.01413
0.01092
0.03165
0.02690
0.76263
0.22707
0.02156
0.04693
0.01939
0.02099
0.01146
0.01280
0.02098
0.01825
0.01663
0.01656
0.20578
0.12294
0.01625
0.01802
0.02982
0.01637
0.04569
0.04343
0.01337
0.01212
0.91759
0.93660
0.00974
0.01079
0.02978
0.03548
0.46119
0.16428
0.00693
0.00783
0.61419
0.69231
0.04005
0.03853
0.02128
0.04147
0.03460
0.02014
0.01182
0.01158
0.46298
0.62486
0.06228
0.04048
0.10637
0.19740
0.15934
0.14226
0.95778
0.43659
0.35750
0.15574
0.04275
0.02289
0.00665
0.00641
0.02269
0.01765
0.08281
0.08496
0.74805
0.67882
0.08054
0.07690
0.02567
0.01706
0.02498
0.02231
0.01830
0.01872
0.00751
0.00772
0.01821
0.01966
0.01077
0.00986
0.01304
0.01356
0.84175
0.80942
0.00757
0.00808
0.00616
0.00800
0.01912
0.02337
0.02092
0.02108
0.01164
0.01149
0.20698
0.23247
0.02956
0.02374
0.03486
0.02901
0.02605
0.01703
0.03246
0.03374
0.37403
0.40305
0.00847
0.00875
0.00918
0.00891
0.07295
0.07807
0.00662
0.00642
0.17833
0.13927
0.01638
0.01512
0.02477
0.01371
0.86569
0.84902
0.92886
0.96539
0.95984
0.89451
0.01620
0.01660
0.01839
0.01997
0.01085
0.01092
0.01577
0.01355
0.18558
0.27357
0.00799
0.00823
0.00603
0.00632
0.01374
0.01586
0.97249
0.95148
0.00750
0.00736
0.00709
0.00605
0.01466
0.01413
0.01016
0.01296
0.00653
0.00670
0.01057
0.01071
0.00831
0.01066
0.01710
0.01669
0.00578
0.00605
0.00950
0.01251
0.01508
0.01372
0.01725
0.04811
0.04413
0.03444
0.82638
0.53230
0.01256
0.01253
0.00801
0.00752
0.06048
0.05327
0.03355
0.01974
0.63312
0.43596
0.17553
0.07326
0.02984
0.02452
0.04197
0.10561
0.01343
0.01398
0.17905
0.17562
0.06185
0.03050
0.74869
0.04092
0.05415
0.05148
0.99371
0.99180
0.01480
0.01878
0.00815
0.00812
0.01280
0.01247
0.03895
0.06892
0.01394
0.01334
0.00945
0.00958
0.00991
0.00912
0.01421
0.01352
0.00865
0.00785
0.02081
0.02026
0.00967
0.00897
0.00795
0.00791
0.01034
0.00858
0.02600
0.03564
0.13558
0.14130
0.03772
0.03908
0.02239
0.02272
0.01385
0.04397
0.01253
0.01359
0.02598
0.08171
0.01432
0.01379
0.13756
0.10865
0.84101
0.76028
0.05662
0.05626
0.01265
0.00987
0.00755
0.00805
0.02288
0.01382
0.04473
0.06642
0.01743
0.01653
0.59288
0.57927
0.01865
0.02085
0.18600
0.15994
0.00813
0.00931
0.52081
0.40795
0.06185
0.06474
0.09419
0.12776
0.90638
0.91608
0.06662
0.06249
0.01307
0.01149
0.02227
0.01670
0.03171
0.01890
0.01534
0.01667
0.30088
0.30423
0.77692
0.68295
0.94998
0.78490
0.10605
0.09256
0.02713
0.03013
0.01351
0.01292
0.03255
0.04969
0.01707
0.02052
0.07459
0.02948
0.12377
0.11136
0.01589
0.01910
0.01591
0.02090
0.01341
0.01396
0.01160
0.01006
0.02348
0.02051
0.97794
0.97491
0.86972
0.85912
0.01636
0.01695
0.61712
0.51811
0.01648
0.01598
0.01997
0.01786
0.03262
0.01891
0.01714
0.01748
0.01613
0.01690
0.30265
0.32755
0.34244
0.72389
0.69412
0.69802
0.15834
0.14290
0.96719
0.95353
0.00873
0.01029
0.01007
0.01132
0.01510
0.01266
0.40223
0.47655
0.02081
0.01866
0.04832
0.07737
0.42406
0.40458
0.02528
0.05790
0.39801
0.23076
0.01024
0.01027
0.00786
0.00807
0.00630
0.00589
0.00995
0.00930
0.22580
0.24956
0.01219
0.02213
0.93808
0.93578
0.01860
0.01875
0.01067
0.01090
0.01703
0.01440
0.89061
0.98427
0.02510
0.02824
0.04854
0.04504
0.01961
0.01970
0.01565
0.01862
0.04050
0.03050
0.26369
0.66174
0.98457
0.98457
0.81055
0.93172
0.82016
0.65912
0.01314
0.01085
0.00807
0.00777
0.96517
0.96823
0.04472
0.04049
0.05418
0.02232
0.05304
0.01643
0.00933
0.00992
0.02286
0.02453
0.01252
0.01206
0.52042
0.11960
0.82687
0.93133
0.07380
0.07092
0.02426
0.02553
0.01232
0.01183
0.52154
0.89345
0.00885
0.00897
0.87927
0.89870
0.06158
0.14401
0.28206
0.29302
0.01844
0.01864
0.04041
0.03034
0.50415
0.77009
0.02276
0.01776
0.12975
0.12296
0.82394
0.72982
0.01634
0.01409
0.01378
0.02018
0.88318
0.87360
0.07287
0.08301
0.64694
0.59853
0.09174
0.10831
0.20721
0.19353
0.01608
0.01371
0.21547
0.12575
0.88379
0.77153
0.02358
0.02197
0.02712
0.08168
0.01448
0.01497
0.00904
0.00930
0.00664
0.00644
0.02082
0.02730
0.01831
0.01717
0.00661
0.00920
0.00754
0.00761
0.09505
0.22913
0.01943
0.02577
0.57192
0.60975
0.76308
0.23434
0.82740
0.01737
0.04087
0.02702
0.01691
0.01248
0.87884
0.85394
0.04931
0.69752
0.01072
0.01479
0.84100
0.23985
0.63342
0.65532
0.17018
0.15817
0.02699
0.02599
0.94180
0.92845
0.11837
0.20565
0.05120
0.04246
0.00882
0.01158
0.00612
0.00624
0.03764
0.03485
0.02399
0.04970
0.01708
0.02103
0.01311
0.01213
0.01584
0.01658
0.03337
0.02555
0.26579
0.18447
0.00603
0.00608
0.00726
0.00690
0.74335
0.82738
0.02725
0.02556
0.00992
0.01167
0.00972
0.00906
0.01049
0.01227
0.01481
0.01992
0.27703
0.02201
0.36753
0.40816
0.17208
0.14455
0.02282
0.02073
0.01969
0.02627
0.89103
0.93069
0.94254
0.95182
0.02751
0.02657
0.00883
0.00906
0.72666
0.72544
0.30593
0.29334
0.01213
0.01158
0.00706
0.00714
0.01868
0.01645
0.46353
0.38835
0.01197
0.01344
0.01788
0.01857
0.00863
0.01049
0.35193
0.30203
0.01160
0.01218
0.02504
0.02483
0.03350
0.02803
0.05643
0.03082
0.01342
0.01379
0.01110
0.01375
0.02788
0.03293
0.02166
0.01521
0.00551
0.00476
