0.09248
0.14927
0.07049
0.06954
0.03579
0.02549
0.55523
0.62221
0.10422
0.09257
0.53053
0.79239
0.61073
0.43160
0.11393
0.12275
0.04348
0.20095
0.07345
0.10871
0.07824
0.06779
0.11208
0.13255
0.15453
0.16295
0.09852
0.06917
0.04489
0.04741
0.03020
0.03226
0.11226
0.13139
0.08399
0.07810
0.19104
0.11066
0.05301
0.05431
0.07649
0.05592
0.19607
0.14488
0.15998
0.18199
0.10267
0.09298
0.39587
0.77168
0.05422
0.05577
0.14455
0.14484
0.20221
0.30191
0.75473
0.79828
0.19294
0.21668
0.08089
0.10915
0.10253
0.09423
0.07773
0.06524
0.03471
0.03455
0.05951
0.12607
0.08357
0.05324
0.22965
0.24178
0.06584
0.04485
0.10124
0.10566
0.21262
0.17597
0.10286
0.10479
0.08782
0.04728
0.09640
0.08823
0.02030
0.10481
0.24864
0.27413
0.08018
0.05123
0.07310
0.14188
0.08071
0.09608
0.20735
0.15417
0.06842
0.09333
0.08804
0.09280
0.08438
0.09649
0.55720
0.34837
0.65694
0.76965
0.11993
0.11201
0.15511
0.19184
0.24706
0.13696
0.09875
0.09832
0.33974
0.29678
0.03211
0.03198
0.17168
0.11430
0.37495
0.46286
0.16715
0.11103
0.03386
0.45302
0.15880
0.17174
0.22189
0.27422
0.16866
0.18589
0.52209
0.50224
0.07431
0.07096
0.94942
0.89069
0.08601
0.09041
0.07484
0.07518
0.36322
0.34819
0.07413
0.05058
0.11451
0.10691
0.10764
0.06322
0.08397
0.08825
0.06370
0.06909
0.03397
0.03213
0.09434
0.08065
0.13567
0.19679
0.14071
0.12889
0.11964
0.13151
0.39894
0.10781
0.45125
0.99857
0.05670
0.05676
0.14153
0.06895
0.13666
0.15124
0.14210
0.09346
0.25675
0.25999
0.99966
0.99975
0.06134
0.06136
0.17074
0.12946
0.11450
0.09936
0.09003
0.37733
0.03903
0.03485
0.04687
0.03876
0.09679
0.07534
0.11636
0.11434
0.52695
0.65303
0.13777
0.10008
0.09343
0.11035
0.04978
0.08855
0.15073
0.10890
0.07945
0.08517
0.05528
0.07216
0.34463
0.61246
0.11110
0.14294
0.55207
0.70401
0.07491
0.10001
0.48611
0.32045
0.10529
0.10528
0.11490
0.10264
0.09931
0.06400
0.54999
0.23976
0.79168
0.99025
0.37067
0.37983
0.10925
0.11328
0.05066
0.05356
0.10516
0.16013
0.15271
0.19875
0.10515
0.05215
0.14005
0.14866
0.14216
0.13250
0.05383
0.06271
0.10229
0.11176
0.05254
0.05433
0.09540
0.09611
0.16728
0.17009
0.81480
0.36028
0.26155
0.43400
0.15030
0.11480
0.16452
0.19799
0.10904
0.12099
0.82186
0.82864
0.77145
0.77139
0.24237
0.21480
0.11085
0.11080
0.02799
0.03431
0.09375
0.24203
0.11488
0.07022
0.15071
0.11751
0.07855
0.09666
0.13058
0.09783
0.07352
0.05852
0.04804
0.05040
0.87097
0.96699
0.07058
0.06916
0.11417
0.12691
0.11743
0.07886
0.19984
0.18910
0.51829
0.08761
0.09097
0.08061
0.13228
0.21504
0.15748
0.16890
0.02888
0.02450
0.22562
0.16322
0.07713
0.10191
0.11384
0.13681
0.13768
0.22179
0.30941
0.30945
0.07879
0.09244
0.10470
0.10298
0.10005
0.08785
0.12564
0.14171
0.04256
0.10103
0.15613
0.17255
0.04494
0.05098
0.18297
0.36372
0.25416
0.27936
0.14254
0.13910
0.06130
0.06665
0.08380
0.08190
0.11023
0.10040
0.16819
0.21034
0.11876
0.13448
0.14977
0.16208
0.31693
0.43920
0.08375
0.07313
0.05176
0.05330
0.07315
0.06985
0.08860
0.12722
0.18034
0.23191
0.06107
0.04427
0.12809
0.28529
0.15241
0.12967
0.04084
0.06780
0.30930
0.30364
0.58679
0.61858
0.71766
0.89034
0.14762
0.12779
0.05120
0.03263
0.05990
0.08269
0.03153
0.04844
0.03028
0.01866
0.08709
0.04482
0.03813
0.05496
0.07035
0.06057
0.04463
0.04805
0.09244
0.10660
0.26158
0.22125
0.34198
0.37377
0.29274
0.40408
0.55939
0.48791
0.03513
0.08212
0.14795
0.20192
0.05794
0.07188
0.14521
0.09337
0.01998
0.02823
0.04980
0.07155
0.07630
0.11566
0.08735
0.07800
0.23243
0.61003
0.29684
0.04327
0.12356
0.08435
0.09980
0.05660
0.14533
0.09795
0.17779
0.14803
0.12522
0.10932
0.16365
0.10177
0.13265
0.10263
0.04019
0.02451
0.04601
0.05166
0.10325
0.09861
0.04641
0.05966
0.15328
0.13707
0.98615
0.98740
0.06958
0.08567
0.08453
0.11121
0.17588
0.11068
0.08234
0.10211
0.02873
0.04902
0.12961
0.16404
0.06995
0.09798
0.06391
0.07674
0.16001
0.15903
0.08450
0.09108
0.02504
0.02470
0.18381
0.14684
0.10344
0.09427
0.04400
0.07052
0.12577
0.09699
0.90306
0.87286
0.04316
0.04940
0.14673
0.10177
0.28896
0.30566
0.11363
0.09717
0.04578
0.20714
0.10737
0.08828
0.06176
0.06561
0.20000
0.05449
0.99977
0.99980
0.09647
0.07546
0.07951
0.07485
0.11743
0.08847
0.10169
0.09554
0.14627
0.09065
0.42115
0.38899
0.20080
0.16629
0.10666
0.12402
0.90642
0.14278
0.27378
0.24982
0.09863
0.12309
0.53687
0.24677
0.05392
0.21541
0.07021
0.05120
0.08889
0.11184
0.11954
0.14356
0.05680
0.05609
0.11499
0.09482
0.20756
0.44199
0.19215
0.12095
0.03041
0.04826
0.03097
0.03776
0.16822
0.18823
0.16361
0.13430
0.84440
0.83028
0.23419
0.26887
0.03310
0.02599
0.06417
0.06099
0.10376
0.30495
0.05722
0.10217
0.15094
0.08082
0.08856
0.11039
0.05553
0.07834
0.05293
0.04962
0.14879
0.15239
0.03801
0.03698
0.73742
0.28620
0.06570
0.05803
0.07276
0.08254
0.26227
0.30368
0.01769
0.02696
0.04257
0.23210
0.62713
0.64821
0.06745
0.08148
0.00500
0.00341
0.25217
0.23749
0.15818
0.20854
0.04013
0.03729
0.07748
0.08505
0.97406
0.96787
0.24771
0.26897
0.08635
0.07361
0.21205
0.25203
0.05542
0.08076
0.09257
0.16119
0.15971
0.12642
0.70672
0.51890
0.05901
0.06007
0.08107
0.07994
0.27385
0.26201
0.06014
0.07170
0.13975
0.15598
0.16986
0.16257
0.32688
0.55180
0.06455
0.05130
0.14164
0.11070
0.02033
0.02934
0.30394
0.42096
0.07577
0.10138
0.05666
0.06794
0.17291
0.26677
0.12042
0.05168
0.05191
0.03547
0.10528
0.08643
0.19032
0.20673
0.08467
0.08465
0.98155
0.96437
0.15480
0.11715
0.07332
0.08101
0.03733
0.03453
0.06503
0.60633
0.35429
0.31712
0.11255
0.15888
0.23748
0.08096
0.08090
0.08806
0.06046
0.05861
0.02832
0.04098
0.04638
0.05368
0.22691
0.17347
0.09046
0.11098
0.09925
0.09519
0.19566
0.17598
0.78031
0.75075
0.90245
0.37289
0.13055
0.17423
0.08439
0.10360
0.56650
0.62406
0.25207
0.12930
0.08975
0.12816
0.06598
0.11435
0.03644
0.04279
0.07339
0.06402
0.69173
0.11778
0.98780
0.63357
0.01150
0.01238
0.74003
0.73337
0.70444
0.73123
0.29396
0.82181
0.10832
0.13219
0.08051
0.04516
0.01224
0.01232
0.19215
0.91615
0.06773
0.13918
0.15093
0.13919
0.11610
0.06769
0.99287
0.99410
0.84568
0.84519
0.04554
0.04779
0.03857
0.04723
0.17519
0.82164
0.28555
0.88652
0.77058
0.73791
0.05719
0.07794
0.17293
0.24872
0.09782
0.12476
0.08229
0.14226
0.18961
0.23975
0.17179
0.14477
0.05598
0.04982
0.16979
0.22988
0.12167
0.11742
0.10001
0.04204
0.08869
0.09760
0.10025
0.06531
0.17518
0.23204
0.91920
0.97638
0.04975
0.05407
0.10013
0.09612
0.17610
0.16759
0.10445
0.09519
0.09556
0.10489
0.04368
0.03960
0.43589
0.35271
0.28894
0.32067
0.05605
0.08999
0.15515
0.14350
0.07994
0.09610
0.13821
0.18784
0.20918
0.25468
0.73706
0.91624
0.25558
0.25100
0.97089
0.97621
0.09072
0.08638
0.89185
0.92250
0.37200
0.40128
0.10994
0.11667
0.08981
0.03611
0.06688
0.12695
0.71866
0.41911
0.94171
0.50402
0.11989
0.12854
0.99973
0.99973
0.08754
0.10145
0.15074
0.14232
0.05018
0.05707
0.52787
0.99806
0.09022
0.07773
0.96437
0.97854
0.11416
0.11257
0.24147
0.21636
0.15307
0.21846
0.11416
0.13497
0.99742
0.99818
0.04759
0.04469
0.32508
0.32217
0.14142
0.19069
0.10323
0.10419
0.03448
0.04471
0.05026
0.05591
0.09976
0.07031
0.25530
0.26280
0.19722
0.13921
0.25957
0.25788
0.13055
0.15566
0.32033
0.28132
0.05839
0.06086
0.03851
0.03044
0.05173
0.05764
0.00925
0.00685
0.10351
0.06261
0.04462
0.05694
0.89004
0.87735
0.71548
0.65035
0.25312
0.09287
0.10888
0.04511
0.50070
0.47601
0.08709
0.09766
0.16271
0.04182
0.15822
0.18095
0.11990
0.13598
0.08674
0.05378
0.01885
0.03553
0.08975
0.08907
0.79848
0.81073
0.06167
0.07333
0.07088
0.06987
0.15113
0.16925
0.04491
0.05504
0.12750
0.06950
0.05236
0.02966
0.06133
0.05316
0.16584
0.09107
0.14096
0.14897
0.16357
0.19954
0.06442
0.03634
0.04770
0.05280
0.07276
0.06089
0.04927
0.05044
0.04734
0.05292
0.04641
0.07599
0.07048
0.06287
0.12362
0.14319
0.06928
0.08298
0.25291
0.26765
0.04834
0.08435
0.13061
0.14309
0.07013
0.12331
0.05167
0.04146
0.14574
0.13699
0.14760
0.10365
0.06596
0.03885
0.22743
0.23559
0.19016
0.15834
0.08297
0.05954
0.09449
0.07817
0.10606
0.15854
0.14182
0.36093
0.12666
0.08583
0.20038
0.16888
0.10731
0.13035
0.81787
0.86682
0.13425
0.09582
0.04405
0.05546
0.19926
0.09617
0.12955
0.15962
0.15165
0.16997
0.15154
0.10452
0.09570
0.12318
0.06381
0.05839
0.09581
0.10225
0.98235
0.98975
0.10625
0.10028
0.17339
0.16649
0.99652
0.78917
0.98435
0.97817
0.10824
0.11319
0.10631
0.07913
0.11437
0.10043
0.11942
0.13715
0.04413
0.05035
0.89786
0.88902
0.14997
0.11543
0.04975
0.06741
0.12332
0.18472
0.08360
0.10244
0.36773
0.19057
0.03502
0.07281
0.32946
0.42409
0.02415
0.03079
0.19107
0.19425
0.05517
0.07159
0.05413
0.03786
0.06662
0.22889
0.04099
0.06486
0.00948
0.01313
0.10814
0.07398
0.08529
0.06440
0.57181
0.36898
0.07104
0.08250
0.26875
0.29435
0.10240
0.09556
0.06556
0.17400
0.20436
0.29993
0.08927
0.09496
0.06605
0.85409
0.60584
0.40341
0.13054
0.09217
0.97089
0.99963
0.08151
0.11267
0.07321
0.27895
0.11181
0.10865
0.17797
0.13707
0.78810
0.69084
0.28987
0.28914
0.12381
0.08476
0.13537
0.13636
0.03860
0.04566
0.13196
0.11584
0.99971
0.99973
0.14454
0.15585
0.04996
0.05969
0.09863
0.08120
0.04860
0.04391
0.09529
0.06366
0.10893
0.10026
0.15400
0.13077
0.11160
0.12751
0.06750
0.04090
0.09944
0.12960
0.12913
0.20946
0.11725
0.16242
0.15610
0.15516
0.04167
0.05265
0.20421
0.21706
0.14848
0.19245
0.14953
0.13993
0.11610
0.03363
0.09227
0.07542
0.79026
0.78760
0.99874
0.96259
0.05892
0.60618
0.99564
0.99759
0.06972
0.08448
0.05831
0.05292
0.22413
0.22643
0.11536
0.12768
0.90104
0.89472
0.03775
0.05204
0.06188
0.07740
0.12218
0.14732
0.08289
0.31785
0.08296
0.12419
0.62720
0.61196
0.16295
0.18392
0.09231
0.09860
0.06321
0.06211
0.08457
0.08117
0.89455
0.88018
0.09057
0.09493
0.87903
0.78479
0.05954
0.07487
0.10002
0.18864
0.20725
0.18312
0.83994
0.90989
0.10504
0.09653
0.02735
0.02161
0.18221
0.19949
0.07304
0.06960
0.06370
0.05913
0.07763
0.17192
0.20819
0.85477
0.09119
0.09834
0.12859
0.09296
0.22276
0.76395
0.14182
0.11800
0.30148
0.30790
0.10740
0.11848
0.07173
0.07875
0.14171
0.11193
0.02857
0.04054
0.11761
0.12053
0.14468
0.10123
0.20643
0.23814
0.15490
0.09456
0.21195
0.13208
0.18653
0.16831
0.05539
0.05825
0.10515
0.08480
0.99293
0.99366
0.07209
0.08281
0.06648
0.05733
0.03176
0.03003
0.04182
0.02691
0.16845
0.20045
0.61094
0.50742
0.89682
0.96842
0.81945
0.84051
0.07412
0.03606
0.09517
0.11308
0.17527
0.22872
0.11675
0.10916
0.08922
0.05650
0.16005
0.09508
0.74319
0.91809
0.07085
0.19503
0.09329
0.09630
0.18667
0.33424
0.03937
0.04653
0.82840
0.76760
0.97244
0.97159
0.14622
0.12337
0.02103
0.02740
0.05739
0.05717
0.99807
0.99592
0.86510
0.85969
0.95456
0.99010
0.11816
0.14077
0.57699
0.38054
0.03698
0.05104
0.10943
0.13598
0.10280
0.06311
0.03415
0.04079
0.21253
0.34423
0.06020
0.08063
0.08698
0.08946
0.08682
0.06802
0.16330
0.17706
0.14669
0.14410
0.11795
0.85199
0.09257
0.09832
0.14766
0.16236
0.11827
0.10551
0.03506
0.06149
0.99915
0.99871
0.13979
0.09327
0.10930
0.12685
0.03364
0.02828
0.99993
0.99988
0.03901
0.03388
0.11568
0.17361
0.99934
0.99905
0.82955
0.83194
0.91357
0.18712
0.13109
0.09775
0.21887
0.28969
0.08409
0.09377
0.60411
0.63051
0.23529
0.17428
0.11407
0.11266
0.13202
0.07491
0.07042
0.11530
0.02703
0.04432
0.04668
0.07329
0.11279
0.11653
0.22367
0.20175
0.06232
0.07853
0.13763
0.16232
0.12450
0.12692
0.15480
0.12680
0.09933
0.07306
0.08524
0.11372
0.16993
0.15835
0.07602
0.08468
0.13217
0.19093
0.81502
0.65495
0.05259
0.04981
0.08791
0.10065
0.06042
0.09164
0.11148
0.10795
0.12103
0.15636
0.03542
0.02464
0.18432
0.16184
0.10641
0.09363
0.07248
0.06377
0.08219
0.06858
0.06319
0.05917
0.11241
0.08916
0.57673
0.53918
0.13771
0.22377
0.20411
0.19711
0.04147
0.04517
0.31283
0.35217
0.21979
0.27783
0.99975
0.99970
0.24417
0.95772
0.09580
0.11650
0.05228
0.05957
0.04017
0.05218
0.01679
0.01451
0.13189
0.14906
0.15467
0.11372
0.99547
0.99219
0.98780
0.99482
0.02860
0.03642
0.86649
0.86300
0.03198
0.02700
0.14141
0.08872
0.13752
0.17543
0.60512
0.46092
0.04563
0.03981
0.68990
0.58570
0.08563
0.09650
0.11014
0.09766
0.16439
0.14928
0.74068
0.61282
0.05749
0.11718
0.53058
0.67364
0.08114
0.08232
0.11257
0.08625
0.16622
0.18505
0.08876
0.10115
0.09030
0.07930
0.06184
0.04688
0.19524
0.15790
0.71517
0.79097
0.09165
0.10052
0.07868
0.05893
0.06040
0.03822
0.38459
0.64441
0.03579
0.52824
0.09870
0.04764
0.06168
0.02188
0.22782
0.28656
0.31926
0.29341
0.69813
0.47705
0.07420
0.06063
0.19083
0.18971
0.30844
0.08968
0.16343
0.15898
0.92561
0.22386
0.53603
0.53777
0.11993
0.11233
0.99423
0.99400
0.12678
0.18747
0.14459
0.13201
0.04159
0.03853
0.06322
0.09677
0.33273
0.32436
0.41350
0.40208
0.04285
0.09842
0.05632
0.03861
0.09838
0.10177
0.02587
0.01946
0.99387
0.99936
0.14180
0.11778
0.07803
0.06708
0.03159
0.03702
0.03987
0.04297
0.91955
0.63636
0.05314
0.05383
0.03596
0.05355
0.04137
0.03458
0.28750
0.26485
0.04407
0.05419
0.99989
0.99985
0.92306
0.55812
0.62544
0.49212
0.14167
0.13288
0.71814
0.97385
0.14344
0.12974
0.09517
0.06379
0.99871
0.99901
0.17488
0.10618
0.06147
0.08356
0.18519
0.08443
0.07424
0.06436
0.05639
0.06978
0.05989
0.08501
0.15656
0.17391
0.03558
0.06209
0.23005
0.07825
0.11701
0.10573
0.98729
0.13901
0.99535
0.99311
0.21767
0.11060
0.14577
0.15692
0.85635
0.41034
0.04628
0.04774
0.12402
0.05949
0.01732
0.01341
0.09060
0.20390
0.64958
0.66124
0.52468
0.61627
0.16069
0.12582
0.05033
0.03014
0.05411
0.04248
0.14841
0.15374
0.13466
0.12163
0.20098
0.19577
0.98363
0.85121
0.12600
0.14296
0.15102
0.13155
0.93029
0.93157
0.07423
0.07700
0.99955
0.99987
0.47674
0.12083
0.19051
0.20552
0.04908
0.05442
0.28220
0.24876
0.16771
0.11514
0.61667
0.83196
0.03991
0.02669
0.13381
0.14608
0.08569
0.07642
0.02448
0.02705
0.13818
0.16664
0.91945
0.68290
0.12106
0.11597
0.07954
0.05466
0.04410
0.03383
0.19365
0.17940
0.07913
0.09155
0.08559
0.09651
0.10749
0.07959
0.06630
0.03835
0.21014
0.23652
0.37362
0.20844
0.09402
0.06952
0.05260
0.03607
0.22381
0.32982
0.07546
0.71075
0.08305
0.08443
0.95089
0.96950
0.16564
0.15545
0.15371
0.16469
0.07349
0.78127
0.17410
0.19579
0.06602
0.05119
0.06142
0.08017
0.13597
0.12268
0.54673
0.57314
0.25003
0.54454
0.16552
0.16216
0.88942
0.54171
0.90011
0.90008
0.67946
0.88968
0.99472
0.99111
0.15694
0.16263
0.26281
0.26436
0.09809
0.06970
0.04950
0.06466
0.11850
0.18045
0.04939
0.04379
0.97513
0.96679
0.09362
0.13062
0.15601
0.08807
0.06942
0.09224
0.62088
0.37152
0.18371
0.17619
0.09446
0.13671
0.05410
0.06216
0.02480
0.01744
0.99954
0.99965
0.05252
0.07055
0.06638
0.06137
0.07473
0.04723
0.07042
0.05507
0.05361
0.05708
0.12560
0.14925
0.21445
0.22951
0.21353
0.18117
0.07796
0.07587
0.07672
0.13820
0.48330
0.58254
0.15859
0.16275
0.05013
0.04819
0.06359
0.10728
0.07711
0.05776
0.02333
0.02004
0.08232
0.09797
0.09080
0.11410
0.09852
0.09172
0.05288
0.07731
0.04162
0.05762
0.09560
0.05530
0.27496
0.23447
0.08145
0.07872
0.08928
0.06509
0.88159
0.74773
0.08822
0.09322
0.09375
0.07949
0.22278
0.20660
0.16026
0.16960
0.15516
0.17839
0.16351
0.07346
0.12776
0.09990
0.08134
0.03137
0.03834
0.05221
0.09449
0.10589
0.02150
0.01579
0.81020
0.82735
0.98650
0.98073
0.21590
0.17078
0.77113
0.70907
0.37376
0.37843
0.08839
0.09040
0.06619
0.05605
0.05218
0.11555
0.02727
0.06117
0.06332
0.06843
0.10835
0.09760
0.20097
0.06961
0.17486
0.12729
0.45320
0.47254
0.13607
0.13627
0.24480
0.20760
0.06803
0.05856
0.03713
0.05827
0.11542
0.13273
0.01858
0.02097
0.13006
0.19148
0.10834
0.10130
0.13597
0.13477
0.07390
0.05949
0.17220
0.23485
0.14383
0.17713
0.17459
0.23009
0.14706
0.10759
0.29605
0.31943
0.15561
0.14939
0.24350
0.28686
0.30304
0.22379
0.14051
0.12438
0.07599
0.09522
0.60215
0.61579
0.03750
0.03720
0.63692
0.06090
0.83767
0.86619
0.05872
0.05920
0.15570
0.13506
0.09199
0.10662
0.71532
0.20733
0.04003
0.05583
0.09829
0.09915
0.06833
0.06012
0.21374
0.23570
0.06549
0.06760
0.06256
0.07116
0.13634
0.20289
0.10867
0.10182
0.10563
0.06556
0.07136
0.07960
0.04241
0.06264
0.26881
0.32198
0.08051
0.09339
0.09865
0.12691
0.03886
0.03926
0.05256
0.06064
0.08146
0.06089
0.16503
0.15867
0.18944
0.19854
0.13900
0.15877
0.98052
0.96823
0.68192
0.60920
0.09060
0.09026
0.06545
0.06339
0.17528
0.21161
0.00527
0.00690
0.03258
0.03219
0.01422
0.03417
0.66496
0.44162
0.12395
0.12815
0.16032
0.09706
0.78315
0.72758
0.99987
0.99989
0.99568
0.99298
0.03737
0.03329
0.99109
0.75451
0.22272
0.30523
0.05061
0.04895
0.09178
0.10628
0.02939
0.02699
0.14747
0.15042
0.10333
0.06263
0.14597
0.12753
0.83173
0.95937
0.33515
0.10455
0.42844
0.30462
0.16779
0.25216
0.06235
0.10617
0.94229
0.86403
0.85616
0.85919
0.13876
0.14417
0.01871
0.01600
0.35827
0.08561
0.04423
0.04491
0.06304
0.09565
0.03677
0.03204
0.17964
0.18415
0.08829
0.08326
0.14985
0.12419
0.21494
0.07165
0.63175
0.49025
0.99927
0.99889
0.08790
0.07482
0.01667
0.01795
0.07795
0.12844
0.10398
0.17067
0.21645
0.19178
0.05501
0.06644
0.04923
0.04368
0.56334
0.53496
0.19594
0.32553
0.06513
0.12382
0.20893
0.21689
0.27846
0.24689
0.07348
0.06784
0.07455
0.05125
0.05979
0.04663
0.04236
0.03418
0.08481
0.09102
0.07956
0.09857
0.06789
0.19052
0.06121
0.05188
0.99733
0.99706
0.33182
0.33523
0.99471
0.98885
0.05481
0.05017
0.12265
0.32066
0.03127
0.03693
0.03616
0.02781
0.78711
0.78855
0.15628
0.05747
0.15308
0.20208
0.96226
0.97975
0.09392
0.10625
0.07956
0.08168
0.14202
0.13068
0.67971
0.71801
0.04030
0.03603
0.12157
0.33352
0.72329
0.75053
0.07277
0.04332
0.68575
0.11572
0.29676
0.33462
0.27749
0.18823
0.15908
0.11678
0.39454
0.37448
0.99928
0.99985
0.96154
0.98599
0.82692
0.84174
0.12740
0.11840
0.15703
0.13976
0.10361
0.08231
0.08180
0.07269
0.91137
0.92761
0.99926
0.99908
0.05411
0.07894
0.11171
0.11026
0.59245
0.71615
0.15466
0.24519
0.02665
0.03890
0.21015
0.20060
0.17772
0.21935
0.16440
0.05721
0.30725
0.27648
0.07189
0.05015
0.99955
0.99940
0.22334
0.19041
0.09290
0.10969
0.04480
0.05147
0.03208
0.03294
0.17177
0.10823
0.56480
0.31462
0.08616
0.17546
0.11832
0.07556
0.11930
0.11216
0.15709
0.17151
0.02158
0.01894
0.88372
0.90512
0.87321
0.54035
0.25868
0.34187
0.02109
0.04851
0.03039
0.03174
0.09272
0.10437
0.11781
0.13396
0.05290
0.03578
0.03996
0.03054
0.17279
0.19826
0.23546
0.20361
0.99945
0.99965
0.08537
0.05933
0.06334
0.07605
0.07027
0.09016
0.16301
0.14404
0.05839
0.06245
0.66547
0.80020
0.18210
0.16254
0.04296
0.03411
0.48006
0.15820
0.03142
0.03407
0.10588
0.49579
0.05312
0.05529
0.07634
0.09488
0.04805
0.05315
0.02217
0.04201
0.05452
0.06957
0.08930
0.08813
0.08368
0.10389
0.09533
0.08349
0.07933
0.06098
0.06542
0.11773
0.04175
0.07139
0.21093
0.28192
0.03411
0.02803
0.09431
0.03630
0.09879
0.10479
0.07416
0.07332
0.24463
0.17425
0.09584
0.09973
0.08514
0.07077
0.30623
0.33812
0.08061
0.06909
0.61525
0.82331
0.97540
0.96765
0.13316
0.14976
0.52718
0.73916
0.23212
0.51083
0.06260
0.05735
0.13420
0.13432
0.80209
0.62479
0.12475
0.13652
0.16220
0.23887
0.95501
0.94961
0.12555
0.10604
0.90006
0.90440
0.05059
0.06176
0.14330
0.13657
0.41249
0.68987
0.09783
0.05847
0.99847
0.99909
0.15215
0.16681
0.25478
0.93188
0.05417
0.06487
0.05242
0.04839
0.39678
0.41101
0.36154
0.29305
0.32149
0.35187
0.07744
0.06862
0.05942
0.05006
0.16971
0.21148
0.06996
0.10426
0.38472
0.19209
0.24455
0.13491
0.25735
0.22209
0.19483
0.30441
0.10256
0.09635
0.99924
0.99872
0.66081
0.86839
0.70199
0.58374
0.99859
0.99828
0.77362
0.54643
0.11704
0.11526
0.13941
0.13124
0.23652
0.47463
0.10056
0.47586
0.10198
0.11259
0.14286
0.12463
0.01399
0.03396
0.07570
0.07752
0.10882
0.16095
0.91757
0.91222
0.13151
0.15869
0.11175
0.04528
0.96676
0.96505
0.99100
0.97333
0.06623
0.86535
0.07676
0.06403
0.17028
0.14860
1.00000
0.99996
0.04808
0.03090
0.99984
0.99975
0.13537
0.13259
0.02619
0.05312
0.03825
0.04408
0.05704
0.04894
0.05774
0.02882
0.08170
0.09293
0.99715
0.99696
0.04076
0.05346
0.05214
0.05868
0.20268
0.81548
0.09472
0.11870
0.57593
0.99331
0.02730
0.02983
0.05342
0.08374
0.09112
0.07887
0.02549
0.02295
0.07424
0.54338
0.06048
0.04995
0.02533
0.03405
0.05375
0.08146
0.42898
0.43144
0.96696
0.72420
0.09997
0.10930
0.35417
0.41338
0.05788
0.04858
0.15873
0.09688
0.76844
0.82322
0.83871
0.82738
0.34942
0.24412
0.23493
0.24502
0.12237
0.09935
0.12092
0.12963
0.06810
0.04711
0.12851
0.09660
0.09254
0.05496
0.05728
0.06944
0.36391
0.45184
0.55434
0.23036
0.62979
0.67836
0.69811
0.70554
0.07415
0.07091
0.55609
0.57559
0.07073
0.03901
0.03810
0.04113
0.14120
0.12988
0.11377
0.11223
0.06417
0.07364
0.03365
0.04856
0.08957
0.11867
0.28920
0.28302
0.81749
0.83268
0.14514
0.14827
0.92423
0.95089
0.16668
0.13458
0.07701
0.11979
0.05259
0.06190
0.81833
0.85752
0.12777
0.07339
0.08284
0.09599
0.20554
0.17817
0.10598
0.08010
0.93001
0.90479
0.10218
0.13123
0.08059
0.09556
0.06422
0.08366
0.02625
0.04652
0.13487
0.15863
0.09330
0.10723
0.04994
0.05396
0.04547
0.07175
0.05171
0.02633
0.27800
0.31542
0.89657
0.84484
0.27182
0.23903
0.58401
0.70647
0.06096
0.04399
0.04389
0.03803
0.10016
0.06275
0.10668
0.19601
0.74741
0.63341
0.05540
0.07434
0.15106
0.15179
0.07317
0.13061
0.10343
0.15986
0.07570
0.08728
0.06324
0.07314
0.06620
0.11352
0.26526
0.25327
0.10138
0.09656
0.05105
0.04392
0.09955
0.07746
0.99974
0.99979
0.82740
0.76311
0.09920
0.06162
0.37245
0.32436
0.02688
0.02628
0.25238
0.17394
0.13834
0.28327
0.15027
0.11406
0.04592
0.06615
0.17194
0.11446
0.68941
0.66229
0.14616
0.12951
0.43620
0.45538
0.05413
0.05554
0.12926
0.11893
0.99999
0.99999
0.14011
0.16461
0.04751
0.03415
0.99952
0.99894
0.99003
0.93232
0.06397
0.07675
0.13349
0.14406
0.14112
0.14299
0.08714
0.11165
0.08976
0.10913
0.99653
0.83455
0.98501
0.98790
0.08376
0.07069
0.19659
0.13487
0.14938
0.11944
0.15152
0.13701
0.74357
0.24009
0.04113
0.03791
0.08963
0.08156
0.06472
0.08089
0.06196
0.06416
0.06796
0.12322
0.05537
0.05526
0.08400
0.11227
0.94523
0.72872
0.08319
0.11443
0.34041
0.11585
0.15552
0.08472
0.99978
0.84180
0.22474
0.22237
0.11917
0.15172
0.16094
0.07836
0.06738
0.06282
0.70418
0.70865
0.10868
0.10843
0.10221
0.04506
0.29276
0.30965
0.15602
0.12905
0.27189
0.14644
0.15457
0.13878
0.02034
0.01428
0.05976
0.04611
0.17733
0.19757
0.08392
0.07245
0.04786
0.02719
0.08581
0.13329
0.15440
0.12800
0.55156
0.59565
0.29414
0.39253
0.11951
0.15804
0.05791
0.11068
0.99430
0.99281
0.60780
0.06168
0.28176
0.10257
0.11066
0.10324
0.15352
0.13969
0.25172
0.25057
0.14648
0.15566
0.19257
0.14338
0.85541
0.88165
0.99974
0.99911
0.17710
0.10420
0.84897
0.82306
0.05752
0.08146
0.08781
0.10652
0.20489
0.18173
0.09585
0.11930
0.01663
0.04216
0.64796
0.69639
0.29182
0.30364
0.23353
0.16397
0.05801
0.03158
0.05369
0.05998
0.07432
0.06801
0.03797
0.03807
0.04890
0.05984
0.21933
0.30049
0.02773
0.04037
0.30907
0.23276
0.17122
0.20696
0.08577
0.15939
0.13169
0.07533
0.03224
0.04007
0.96138
0.97525
0.06005
0.08778
0.99966
0.99983
0.11623
0.12693
0.04219
0.07211
0.14126
0.15093
0.08222
0.06576
0.06469
0.06798
0.20668
0.11321
0.20968
0.20464
0.93586
0.93404
0.04715
0.04788
0.99984
0.99928
0.13731
0.16720
0.16211
0.13470
0.93622
0.93040
0.06049
0.05312
0.13466
0.13065
0.06846
0.12736
0.29608
0.31175
0.18025
0.14100
0.06716
0.08489
0.12016
0.13101
0.16245
0.13657
0.34156
0.46640
0.12192
0.08430
0.85553
0.85288
0.06313
0.06055
0.37279
0.77481
0.06669
0.06038
0.22190
0.20010
0.25407
0.30912
0.11883
0.10561
0.48522
0.58841
0.17583
0.16068
0.37150
0.36203
0.01887
0.01761
0.30386
0.20912
0.24016
0.29756
0.08576
0.07041
0.07004
0.07012
0.06145
0.06689
0.09833
0.12896
0.07535
0.14627
0.11074
0.11400
0.07410
0.09020
0.09908
0.15128
0.21615
0.19139
0.20326
0.18275
0.06460
0.05503
0.99996
0.99997
0.08617
0.08369
0.84561
0.71198
0.85639
0.85463
0.17276
0.16784
0.05487
0.05061
0.21984
0.21848
0.21128
0.23369
0.07374
0.06729
0.59581
0.37588
0.99960
0.99925
0.90539
0.27272
0.19370
0.21944
0.06681
0.09567
0.12618
0.09091
0.03840
0.04242
0.10817
0.13240
0.05144
0.05118
0.14644
0.20494
0.26268
0.04389
0.04085
0.08120
0.03764
0.08182
0.04184
0.03908
0.75441
0.76545
0.64624
0.62103
0.11032
0.08539
0.05461
0.04483
0.39935
0.35725
0.11428
0.09991
0.13503
0.15006
0.18603
0.16864
0.08457
0.10018
0.37351
0.48141
0.08000
0.10209
0.99999
0.99970
0.17109
0.18631
0.05344
0.03601
0.37786
0.18066
0.09446
0.09022
0.99504
0.99858
0.99251
0.98693
0.96387
0.97600
0.39161
0.37304
0.06016
0.07335
0.61019
0.68623
0.97820
0.93678
0.09326
0.09380
0.01707
0.01954
0.08335
0.08748
0.26572
0.17104
0.06274
0.04237
0.08323
0.09252
0.90501
0.72733
0.10257
0.10914
0.04641
0.05841
0.14522
0.13349
0.18304
0.22545
0.07671
0.06476
0.55805
0.50233
0.99790
0.99728
0.08239
0.04185
0.06908
0.09059
0.97039
0.04958
0.04471
0.03726
0.30207
0.17597
0.09853
0.10026
0.04088
0.05428
0.14138
0.13238
0.17115
0.16230
0.10130
0.17228
0.05912
0.02111
0.14494
0.24316
0.06513
0.06280
0.04522
0.03800
0.08374
0.12227
0.07160
0.07505
0.04891
0.06339
0.03008
0.07409
0.09657
0.09264
0.02750
0.02508
0.12691
0.12731
0.10678
0.08970
0.59089
0.50544
0.71323
0.70027
0.04282
0.06341
0.06798
0.05253
0.07340
0.07866
0.08089
0.09191
0.05899
0.06454
0.04550
0.05343
0.46750
0.11015
0.23008
0.24625
0.99816
0.99867
0.02015
0.01977
0.02431
0.03342
0.10224
0.11131
0.01632
0.01823
0.07630
0.09567
0.05402
0.02818
0.09693
0.11625
0.01665
0.01567
0.07286
0.09948
0.06007
0.04269
0.11793
0.23887
0.24258
0.27448
0.12549
0.16621
0.25822
0.18839
0.99999
0.99999
0.11883
0.10395
0.20989
0.11931
0.21572
0.17025
0.96718
0.96486
0.04336
0.06777
0.04721
0.05995
0.45364
0.63946
0.43876
0.29184
0.65811
0.73453
0.08810
0.08401
0.05475
0.05092
0.07649
0.07204
0.10853
0.12648
0.05127
0.03543
0.04545
0.04437
0.05320
0.10324
0.10316
0.08542
0.52223
0.78964
0.77717
0.75806
0.05572
0.06624
0.13193
0.12397
0.14119
0.13300
0.99793
0.99654
0.99724
0.99780
0.18000
0.18447
0.99885
0.99966
0.70898
0.69099
0.31320
0.29748
0.12066
0.11447
0.99606
0.99329
0.29881
0.24928
0.12517
0.11777
0.22555
0.19381
0.64558
0.91730
0.08703
0.07605
0.09316
0.14861
0.09043
0.12494
0.10879
0.17164
0.09639
0.13310
0.07185
0.12465
0.08209
0.06061
0.06413
0.06724
0.07223
0.08948
0.14635
0.14681
0.10140
0.12437
0.20067
0.29622
0.07035
0.11466
0.10370
0.05096
0.16178
0.18694
0.10222
0.07411
0.20601
0.18379
0.13347
0.13375
0.15525
0.16452
0.16762
0.14209
0.11496
0.07400
0.08050
0.07037
0.99992
0.99993
0.08841
0.09311
0.02124
0.03464
0.09438
0.10081
0.01489
0.03337
0.11367
0.11688
0.07743
0.07533
0.14038
0.11602
0.25968
0.25351
0.13909
0.13171
0.16620
0.16570
0.03171
0.03411
0.12716
0.09557
0.11662
0.11944
0.26973
0.31166
0.06521
0.06227
0.23297
0.24484
0.29248
0.27900
0.16758
0.18034
0.07284
0.06486
0.12906
0.24431
0.16917
0.17265
0.71306
0.72484
0.24684
0.13291
0.09660
0.13844
0.91996
0.91227
0.02725
0.04692
0.17557
0.47004
0.06670
0.06097
0.05006
0.13477
0.15732
0.16907
0.08956
0.06657
0.16715
0.14011
0.32727
0.48552
0.99766
0.82790
0.08744
0.05082
0.08763
0.10955
0.03753
0.02624
0.06298
0.09258
0.99894
0.99764
0.14010
0.08536
0.12880
0.12991
0.08975
0.10050
0.99874
0.99874
0.22731
0.20885
0.04226
0.04145
0.03400
0.03505
0.36380
0.40499
0.65967
0.21816
0.15805
0.11638
0.99858
0.99820
0.23725
0.30896
0.05777
0.06197
0.03911
0.02526
0.05799
0.09080
0.08034
0.15488
0.96499
0.95249
0.27646
0.24541
0.17058
0.14432
0.05511
0.05419
0.07282
0.08019
0.07163
0.13716
0.10758
0.09835
0.87642
0.88998
0.88129
0.86476
0.96678
0.98246
0.73195
0.74491
0.07293
0.08435
0.04339
0.04807
0.08763
0.12380
0.06989
0.08371
0.10937
0.12536
0.04826
0.04684
0.13855
0.11574
0.08741
0.06317
0.15536
0.12754
0.99945
0.99977
0.19204
0.18170
0.19103
0.18265
0.62925
0.61076
0.21264
0.16965
0.20378
0.45981
0.04313
0.04948
0.08955
0.09334
0.09921
0.09308
0.07183
0.05723
0.17710
0.16027
0.42246
0.28926
0.76651
0.90959
0.06074
0.06585
0.08128
0.08322
0.20060
0.74544
0.03880
0.04360
0.54954
0.58936
0.01843
0.02517
0.34205
0.05543
0.08017
0.08343
0.10644
0.11752
0.05219
0.04424
0.01820
0.03155
0.99830
0.95325
0.05456
0.03686
0.08309
0.07075
0.10857
0.13433
0.76423
0.73585
0.18011
0.25472
0.99644
0.99682
0.18088
0.10255
0.98684
0.99750
0.04097
0.04159
0.86467
0.87230
0.15874
0.10328
0.20136
0.49482
0.79938
0.32161
0.03556
0.03380
0.09216
0.09388
0.15613
0.17444
0.09391
0.20193
0.99943
0.99974
0.14471
0.04751
0.20167
0.21959
0.08612
0.08043
0.04823
0.04735
0.06068
0.07059
0.05728
0.05115
0.15165
0.16260
0.99206
0.99184
0.06711
0.05397
0.16206
0.17019
0.13007
0.11750
0.03334
0.04006
0.99992
0.99991
0.04400
0.04485
0.13451
0.12958
0.80041
0.73784
0.06040
0.06038
0.01786
0.02309
0.56562
0.54185
0.17897
0.05550
0.86526
0.87929
0.04533
0.10550
0.06315
0.09756
0.99979
0.99926
0.07556
0.17947
0.01162
0.01077
0.07545
0.09444
0.24267
0.24252
0.99232
0.99293
0.11518
0.11458
0.06640
0.05323
0.99867
0.99987
0.05931
0.07875
0.12017
0.08731
0.13678
0.16272
0.13295
0.15442
0.05701
0.09491
0.07513
0.08853
0.42886
0.35706
0.10854
0.11596
0.16399
0.12842
0.18116
0.17713
0.04883
0.06855
0.27266
0.27181
0.04110
0.02664
0.12979
0.07683
0.04731
0.05014
0.10218
0.09915
0.23701
0.38298
0.11683
0.09329
0.05523
0.03736
0.03134
0.03123
0.07929
0.08223
0.20897
0.21708
0.41862
0.29412
0.09380
0.09546
0.31532
0.18978
0.32999
0.41539
0.62293
0.47124
0.10188
0.11990
0.80329
0.58724
0.97988
0.85915
0.14125
0.14555
0.11862
0.13095
0.35528
0.45367
0.99921
0.99993
0.45633
0.27974
0.10903
0.15500
0.49973
0.37391
0.05656
0.11268
0.10184
0.16601
0.19906
0.17519
0.09575
0.08681
0.08416
0.06911
0.10834
0.10589
0.08405
0.06573
0.09925
0.09962
0.21227
0.17393
0.09816
0.04560
0.06638
0.08901
0.14915
0.14028
0.02696
0.02605
0.03332
0.03131
0.99892
0.99767
0.03303
0.02410
0.90721
0.27610
0.03013
0.03662
0.36109
0.17698
0.20110
0.22056
0.05437
0.07491
0.03081
0.03393
0.06212
0.10644
0.01099
0.01165
0.99995
0.99998
0.04827
0.03036
0.04151
0.05119
0.25849
0.24117
0.14510
0.12972
0.07856
0.05486
0.06036
0.03695
0.11717
0.06082
0.04248
0.05549
0.99316
0.92021
0.21304
0.20778
0.08277
0.07820
0.02037
0.02421
0.94696
0.97731
0.28083
0.22807
0.10149
0.10738
0.99725
0.99772
0.04336
0.06224
0.09368
0.07932
0.08445
0.06961
0.03740
0.00865
0.08171
0.06406
0.07280
0.10489
0.15128
0.21556
0.10917
0.12183
0.99848
0.99891
0.09712
0.09914
0.08383
0.09198
0.02259
0.19630
0.27950
0.44483
0.35266
0.33125
0.99931
0.99796
0.06643
0.06027
0.05292
0.04513
0.14479
0.12073
0.99998
0.99996
0.14289
0.17808
0.59030
0.67115
0.99602
0.97935
0.15249
0.14834
0.11140
0.13098
0.09514
0.22439
0.18415
0.04425
0.38601
0.39147
0.09856
0.08731
0.20647
0.20830
0.14617
0.13822
0.06036
0.06181
0.06918
0.05903
0.13570
0.11347
0.08295
0.06205
0.11279
0.13653
0.52042
0.58291
0.10659
0.11123
0.02982
0.03045
0.06710
0.05923
0.17027
0.22017
0.14318
0.18188
0.99174
0.98056
0.06419
0.05465
0.06077
0.06255
0.06102
0.08229
0.05172
0.06236
0.33853
0.08989
0.97530
0.95353
0.89474
0.91771
0.99996
0.99998
0.99657
0.99674
0.05544
0.04429
0.13803
0.07105
0.99996
0.99996
0.04161
0.03332
0.07580
0.05744
0.99985
0.99997
0.94103
0.90989
0.09388
0.14641
0.94720
0.94400
0.04691
0.14199
0.05090
0.06863
0.91282
0.92053
0.92875
0.30962
0.73872
0.67035
0.50061
0.59216
0.19551
0.23173
0.97172
0.91943
0.98285
0.98547
0.08262
0.06056
0.06195
0.10208
0.18215
0.18048
0.94193
0.08128
0.10920
0.07042
0.15272
0.14647
0.08831
0.07846
0.06817
0.06976
0.04883
0.04736
0.79780
0.76821
0.95434
0.96321
0.31417
0.06727
0.27200
0.28258
0.06334
0.09827
0.19508
0.23808
0.13406
0.47796
0.92352
0.16979
0.18566
0.18650
0.99997
0.99998
0.96786
0.92868
0.11762
0.10848
0.05857
0.05116
0.19771
0.06147
0.04358
0.03448
0.95040
0.95497
0.05448
0.07940
0.11596
0.10848
0.04642
0.04453
0.34315
0.30111
0.69520
0.67785
0.98548
0.98055
0.59392
0.44033
0.08180
0.05783
0.99936
0.99934
0.08175
0.10109
0.08579
0.13216
0.03170
0.02784
0.11240
0.10720
0.16994
0.14529
0.12010
0.10661
0.08730
0.08106
0.48487
0.98231
0.27004
0.22283
0.06982
0.05565
0.14686
0.14842
0.09133
0.08802
0.49741
0.72939
0.05104
0.07086
0.09216
0.08037
0.03465
0.03267
0.04542
0.03872
0.03140
0.03193
0.08556
0.09566
0.08635
0.13138
0.89904
0.90588
0.96499
0.96685
0.99330
0.99731
0.82207
0.79290
0.03426
0.03386
0.04546
0.13635
0.07573
0.05126
0.07512
0.04309
0.06978
0.11347
0.10803
0.09398
0.99970
0.75093
0.11022
0.07159
0.10523
0.13350
0.51849
0.49701
0.09459
0.06087
0.05757
0.05392
0.07999
0.07422
0.04848
0.08036
0.99992
0.99993
0.27826
0.12712
0.12255
0.15478
0.99991
0.99976
0.02830
0.03750
0.04121
0.06052
0.12087
0.13137
0.35923
0.36188
0.02251
0.02804
0.05934
0.08076
1.00000
1.00000
0.06263
0.23224
0.10821
0.12822
0.10559
0.09120
0.07993
0.05736
0.07068
0.06352
0.12341
0.11934
0.99995
0.99996
0.07600
0.06064
0.09770
0.11208
0.99492
0.97290
0.11854
0.09075
0.23641
0.12787
0.99996
0.99993
0.85753
0.83769
0.09253
0.11339
0.38349
0.30597
0.21417
0.17358
0.20328
0.10674
0.07873
0.07478
0.08821
0.06917
0.98074
0.06275
0.62351
0.98177
0.97782
0.98040
0.81446
0.77131
0.87851
0.91161
0.90764
0.92595
0.97229
0.97154
0.99590
0.99588
0.79914
0.92058
0.99206
0.99504
0.96976
0.95921
0.80998
0.64385
0.88254
0.87070
0.99997
0.99996
0.43909
0.55229
0.08004
0.17686
0.03335
0.04182
0.60939
0.79898
0.38265
0.36945
0.78270
0.70276
0.08061
0.08625
0.05287
0.05855
0.04819
0.04621
0.04826
0.09043
1.00000
1.00000
0.99998
0.99998
0.08744
0.08413
0.11453
0.11427
0.18546
0.20286
0.09843
0.14789
0.25339
0.25005
0.99993
0.99995
0.33819
0.91025
0.19626
0.08709
0.04424
0.03002
0.13709
0.15909
0.60284
0.50107
0.05674
0.06951
0.95172
0.91779
0.10119
0.07742
0.97960
0.97731
0.95144
0.84228
0.07467
0.09045
0.08126
0.04780
0.08464
0.05063
0.32999
0.56602
0.99993
0.99995
0.99995
0.99963
0.02960
0.08538
0.03880
0.03426
0.03760
0.04943
0.07299
0.08902
0.95031
0.96452
0.06635
0.08667
0.05775
0.04975
0.05903
0.05172
0.04011
0.02593
0.09160
0.08479
0.96642
0.21076
0.11650
0.09015
0.14018
0.10216
0.09906
0.09894
0.09954
0.10039
0.11096
0.13386
0.30622
0.27342
0.78134
0.76161
0.17342
0.21858
0.36991
0.30771
0.06327
0.07834
0.70418
0.59450
0.99920
0.99917
0.08960
0.06846
0.19620
0.22775
0.04020
0.05084
0.05533
0.04499
0.07696
0.12033
0.02748
0.02844
0.14501
0.09848
0.04949
0.03861
0.90529
0.31349
0.05906
0.06705
0.04272
0.04902
0.99992
0.99983
0.30636
0.30869
0.03417
0.03265
0.14788
0.27820
0.34401
0.66784
0.11559
0.20218
0.05047
0.06469
0.10367
0.11261
0.16002
0.11945
0.05416
0.08338
0.04045
0.03102
0.04133
0.05334
0.05353
0.05136
0.04676
0.03773
0.99982
0.99991
0.06259
0.03967
0.72586
0.81706
0.08585
0.08314
0.15243
0.09338
0.15348
0.13922
0.03646
0.02503
0.09931
0.08701
0.08632
0.08971
0.10671
0.08080
0.11630
0.11102
0.14811
0.14880
0.14478
0.14925
0.51626
0.94856
0.04882
0.28319
0.99878
0.99883
0.05311
0.05615
0.11326
0.11193
0.18477
0.18304
0.14853
0.13288
0.18214
0.20817
0.05498
0.09400
0.09243
0.07873
0.99652
0.99645
0.11151
0.08393
0.24398
0.22146
0.10022
0.11690
0.02479
0.02354
0.92103
0.93400
0.20591
0.10743
0.25291
0.28183
0.09387
0.06667
0.99931
0.99884
0.99992
0.99990
0.20079
0.17116
0.17611
0.20138
0.06778
0.06876
0.11221
0.10228
0.12277
0.12302
0.15326
0.20106
0.05800
0.08141
0.10237
0.08183
0.62350
0.49459
0.99291
0.99457
0.08070
0.08840
0.12346
0.23745
0.13930
0.12182
0.08689
0.09768
0.51259
0.55787
0.24320
0.26758
0.11411
0.13604
0.99996
0.99919
0.07258
0.08606
0.09167
0.13009
0.08196
0.07276
0.10652
0.08095
0.04326
0.04426
0.04643
0.07347
0.99992
0.99993
0.10653
0.24212
0.95895
0.94785
0.91057
0.40509
0.11532
0.12127
0.07490
0.07851
0.70917
0.67564
0.03730
0.03370
0.03179
0.01922
0.05453
0.07449
0.08773
0.09704
0.09997
0.09133
0.07130
0.07937
0.16504
0.15379
0.05733
0.08702
0.13763
0.16113
0.20701
0.17325
0.04737
0.04673
0.07109
0.07881
0.09484
0.16871
0.49469
0.58401
0.39750
0.33332
0.99987
0.99987
0.02590
0.03129
0.15340
0.25256
0.99991
0.99988
0.08758
0.12845
0.99662
0.99469
0.07068
0.06352
0.11394
0.10076
0.22958
0.16207
0.10837
0.08655
0.29497
0.24863
0.90247
0.92478
0.29472
0.20719
0.99993
1.00000
0.55249
0.45542
0.17859
0.31385
0.17309
0.13386
0.90247
0.93009
0.11445
0.10925
0.04856
0.07811
0.03043
0.03414
0.06630
0.06838
0.10133
0.14292
0.42203
0.03518
0.05744
0.08922
0.08295
0.06280
0.06332
0.07576
0.01291
0.00735
0.99979
0.98574
0.36218
0.08914
0.13547
0.10137
0.03297
0.02804
0.89730
0.89676
0.32065
0.24262
0.16230
0.07745
0.15042
0.07117
0.02310
0.02314
0.05011
0.19742
0.16151
0.21138
0.10814
0.18164
0.16078
0.15942
0.05365
0.03626
0.22270
0.23600
0.09988
0.07314
0.14589
0.07322
0.04587
0.08352
0.17341
0.17424
0.08858
0.08120
0.16235
0.17945
0.34121
0.36056
0.03886
0.03818
0.17562
0.11358
0.20842
0.15856
0.21125
0.24166
0.07811
0.04856
0.12148
0.08784
0.17696
0.17953
0.99974
0.99997
0.18842
0.16049
0.12628
0.11076
0.99292
0.98954
0.08905
0.11498
0.06887
0.09273
0.12451
0.12201
0.07527
0.05282
0.06165
0.05407
0.07436
0.08239
0.05106
0.07704
0.11070
0.13644
1.00000
0.99999
0.99999
0.99999
0.02122
0.02290
0.22602
0.13674
0.03042
0.02965
0.15467
0.11352
0.36499
0.42658
0.19390
0.11975
0.07477
0.05503
0.99797
0.99660
0.04769
0.04866
0.09327
0.12705
0.06784
0.07271
0.97579
0.88484
0.25055
0.30570
0.08535
0.11409
0.12978
0.14377
0.06327
0.06127
0.07828
0.11292
0.04107
0.04853
0.03408
0.03719
0.02833
0.01865
0.11040
0.09924
0.09611
0.10692
0.99851
0.99207
0.15592
0.16550
0.06414
0.05916
0.03309
0.02590
0.83800
0.59203
0.24778
0.50690
0.03409
0.04424
0.98366
0.98193
0.04703
0.04238
0.07034
0.09501
0.02784
0.12252
0.99913
0.99933
0.02684
0.03473
0.07479
0.04764
0.04799
0.03586
0.30881
0.25139
0.09111
0.09409
0.03555
0.02917
0.19791
0.17174
0.99971
0.99961
0.10824
0.16160
0.06068
0.07596
0.05076
0.05893
0.99714
0.99244
0.16923
0.10430
0.09254
0.08769
0.19603
0.16592
0.01261
0.01325
0.23253
0.30950
0.02136
0.09222
0.04685
0.04557
0.93019
0.81106
0.99991
0.99988
0.08286
0.07797
0.19130
0.24069
0.05614
0.04134
0.68996
0.66613
0.97211
0.91093
0.03502
0.02810
0.07517
0.04430
0.14521
0.24735
0.06110
0.04137
0.41492
0.16774
0.14925
0.16509
0.06484
0.05793
0.04342
0.04876
0.06489
0.03140
0.15251
0.09831
0.17217
0.16906
0.13948
0.12404
0.15050
0.17895
0.99474
0.99554
0.23212
0.26237
0.07522
0.07415
0.35942
0.38764
0.07793
0.05846
0.11592
0.17239
0.09088
0.07866
0.06127
0.07319
0.09790
0.13106
0.03867
0.04251
0.08847
0.08233
0.07059
0.07111
0.06217
0.05830
0.08896
0.08979
0.26586
0.21403
0.04635
0.05264
0.11649
0.09579
0.11749
0.08551
0.04635
0.05264
0.09099
0.10989
0.99664
0.99784
0.06831
0.05887
0.07848
0.04194
0.16664
0.43287
0.02863
0.03306
0.14008
0.11499
0.04654
0.03881
0.02558
0.02018
0.01558
0.01986
0.40755
0.51217
0.10950
0.06969
0.57210
0.47115
0.04251
0.05526
0.07588
0.05916
0.30135
0.20010
0.13584
0.17219
0.79100
0.83005
0.12536
0.17223
0.06434
0.05647
0.07882
0.06132
0.97825
0.06515
0.20040
0.16395
0.08885
0.30557
0.17648
0.18820
0.07462
0.07514
0.99883
0.99865
0.04214
0.04478
0.23755
0.33110
0.09596
0.12983
0.17972
0.15233
0.11064
0.11373
0.04659
0.05081
0.08507
0.07885
0.19572
0.19257
0.13253
0.14936
0.77269
0.75225
0.13177
0.14049
0.10603
0.09858
0.01010
0.02807
0.21189
0.20061
0.06164
0.03904
0.04842
0.05163
0.02545
0.03016
0.19975
0.22599
0.09544
0.08341
0.16012
0.22462
0.14908
0.10378
0.03901
0.05295
0.07074
0.08720
0.04663
0.04378
0.13957
0.11334
0.99921
0.99988
0.07351
0.09928
0.80158
0.88535
0.99963
0.99967
1.00000
0.99998
0.14912
0.12747
0.25536
0.26015
0.06970
0.06909
0.11480
0.10528
0.02308
0.02588
0.09030
0.08298
0.06467
0.04582
0.14970
0.17900
0.88333
0.90017
0.89007
0.87805
0.06733
0.19092
0.11196
0.11534
0.08331
0.05167
0.92743
0.25685
0.25233
0.99674
0.08069
0.11560
0.05293
0.06528
0.18296
0.14977
0.12319
0.14859
0.98859
0.99253
0.02704
0.03616
0.14004
0.15711
0.96064
0.98511
0.14454
0.08977
0.07599
0.06351
0.11648
0.09813
0.09211
0.09003
0.15199
0.31029
0.11524
0.13437
0.04566
0.05476
0.06383
0.05772
0.20453
0.25698
0.02381
0.02466
0.10351
0.15178
0.10866
0.09984
0.99861
0.99903
0.12794
0.13817
0.32251
0.32953
0.14643
0.14548
0.99999
1.00000
0.93009
0.90247
0.10233
0.10648
0.05090
0.07276
0.19320
0.10118
0.22498
0.08603
0.07132
0.11008
0.11963
0.07192
0.89296
0.88336
0.60919
0.65645
0.10101
0.09328
0.05099
0.04442
0.16464
0.06662
0.05434
0.04030
0.17486
0.22385
0.04931
0.06221
0.02109
0.04859
0.99996
0.99997
0.83044
0.82559
0.03247
0.01995
0.35152
0.37598
0.26124
0.22336
0.10369
0.12503
0.11673
0.14197
0.05532
0.05001
0.24494
0.05518
0.10115
0.08241
0.11051
0.09660
0.64439
0.75493
0.12417
0.10625
0.03846
0.02897
0.11949
0.04611
0.05649
0.04061
0.10481
0.06842
0.07038
0.16538
0.05616
0.08447
0.12274
0.10371
0.10890
0.09570
0.12130
0.18133
0.13677
0.22933
0.06205
0.08488
0.87295
0.82825
0.37457
0.28428
0.14387
0.06888
0.02159
0.07428
0.36009
0.23854
1.00000
0.99954
0.17997
0.16750
0.07179
0.07508
0.99997
0.99996
0.16856
0.14472
0.06910
0.04325
0.09440
0.10041
0.02794
0.07114
0.02487
0.02095
0.90629
0.86090
0.09130
0.11772
0.02218
0.02091
0.09730
0.12608
0.20774
0.34045
0.16634
0.13696
0.09588
0.09737
0.11888
0.10779
0.06338
0.06280
0.02161
0.02048
0.05543
0.04737
0.98945
0.97965
0.06967
0.07324
0.05315
0.04174
0.05279
0.04578
0.16174
0.49612
0.16995
0.21203
0.90468
0.84279
0.09261
0.06517
0.05932
0.07406
0.04973
0.04322
0.86188
0.43873
0.08870
0.09958
0.03559
0.02861
0.14445
0.12177
0.05982
0.05688
0.09451
0.08387
0.97437
0.91270
0.09545
0.09022
0.12742
0.11958
0.06102
0.08779
0.14420
0.02318
0.02987
0.03354
0.02536
0.02062
0.10100
0.13118
0.09804
0.13078
0.06980
0.11704
0.10462
0.11163
0.03801
0.05277
0.13556
0.13686
0.97846
0.96540
0.86562
0.88108
0.83872
0.76973
0.02444
0.05047
0.01231
0.01353
0.16272
0.21364
0.11991
0.11305
0.15219
0.16916
0.19861
0.18694
0.12176
0.11994
0.99984
0.99989
0.09206
0.10654
0.06741
0.03418
0.95394
0.80464
0.99441
0.99737
0.03557
0.02726
0.03955
0.05962
0.05333
0.05868
0.16662
0.20007
0.99999
0.99992
0.99984
0.99960
0.08188
0.07124
0.99975
0.99982
0.11675
0.13390
0.14150
0.05701
0.08874
0.08608
0.29210
0.30663
0.68585
0.77931
0.18664
0.23324
0.12074
0.03620
0.07547
0.08009
0.15505
0.14694
0.04304
0.04004
0.05794
0.03825
0.16270
0.13615
0.10542
0.94293
0.14210
0.06767
0.12979
0.17343
0.96661
0.96541
0.21354
0.19095
0.98508
0.98977
0.54875
0.33471
0.10103
0.09614
0.17271
0.22161
0.95649
0.27301
0.07885
0.06981
0.01013
0.01425
0.09090
0.10229
0.64290
0.60951
0.99997
0.99998
0.03940
0.02664
0.12453
0.14846
0.10812
0.40374
0.24597
0.22748
0.14864
0.19209
0.19310
0.11427
0.14954
0.18525
0.99674
0.99707
0.10637
0.14517
0.99877
0.99933
0.03051
0.01797
0.23216
0.22656
0.57729
0.58054
0.95895
0.96277
0.11940
0.10203
0.13331
0.10990
0.25923
0.10278
0.05631
0.03336
0.29759
0.33916
0.07469
0.07713
0.10089
0.09594
0.07050
0.06031
0.07498
0.07117
0.99972
0.99973
0.19346
0.15956
0.20222
0.15318
0.16704
0.18844
0.07445
0.08998
0.04457
0.03986
0.08465
0.10179
0.05914
0.07209
0.92478
0.90247
0.89837
0.89962
0.94628
0.94093
0.17984
0.14771
0.03993
0.03492
0.05793
0.06820
0.10486
0.09550
0.10376
0.13920
0.99998
0.99996
0.62362
0.59379
0.03794
0.02155
0.21660
0.23181
0.99998
0.99998
0.24101
0.26352
0.10698
0.10808
0.12342
0.05781
0.04350
0.44942
0.06140
0.09442
0.25430
0.14109
0.01454
0.03314
0.03927
0.21090
0.01742
0.01893
0.99982
0.99991
0.16382
0.12277
0.14728
0.23868
0.03629
0.03553
0.10262
0.08347
0.09579
0.08642
0.92210
0.91622
0.04158
0.05267
0.17797
0.14062
0.35038
0.45435
0.12272
0.16564
0.96933
0.97732
0.05651
0.03947
0.08581
0.07775
0.07887
0.05531
0.99705
0.99779
0.06600
0.07445
0.08441
0.07873
0.46915
0.56572
0.13419
0.11672
0.07096
0.02148
0.12919
0.06088
0.98256
0.98469
0.97437
0.97162
0.29622
0.33638
0.23593
0.19659
0.09887
0.10855
0.45213
0.46380
0.06043
0.04789
0.10580
0.18270
0.11419
0.23144
0.13411
0.09610
0.08957
0.09595
0.07016
0.05987
0.02515
0.04352
0.06669
0.13078
0.02606
0.04938
0.35098
0.08466
0.03226
0.02322
0.99966
0.99921
0.06275
0.06237
0.05107
0.04740
0.12093
0.08670
0.99941
0.99884
0.23370
0.27347
0.15027
0.17690
0.05102
0.04773
0.99989
0.99988
0.09966
0.05863
0.17482
0.04684
0.02413
0.02588
0.17309
0.13386
0.17482
0.04684
0.13939
0.16634
0.07852
0.09865
0.99978
0.99972
0.88284
0.80207
0.17117
0.21053
0.06093
0.04816
0.98153
0.97773
0.54259
0.52846
0.99998
0.99998
0.01766
0.01742
0.05717
0.07218
0.06649
0.11992
0.07525
0.06115
0.02656
0.02953
0.98657
0.98949
0.52496
0.15411
0.32965
0.35016
0.14148
0.14160
0.10229
0.10473
0.04684
0.04428
0.04783
0.07718
0.04897
0.04061
0.99474
0.99367
0.04743
0.05083
0.01589
0.02853
0.05115
0.06451
0.05422
0.05653
0.04954
0.05511
0.99992
0.99991
0.09463
0.10386
0.99987
0.99992
0.96513
0.97853
0.07193
0.05394
0.05710
0.06400
0.09812
0.10970
0.34300
0.34671
0.99985
0.99970
0.18858
0.17101
0.08807
0.07138
1.00000
0.99999
0.06483
0.11860
0.08282
0.06810
0.05432
0.05419
0.07065
0.09853
0.17412
0.17035
0.19271
0.21421
0.29371
0.56367
0.05511
0.05987
0.25663
0.26581
0.18456
0.26493
0.99995
0.99997
0.04668
0.02837
0.49417
0.99958
0.10607
0.11824
0.99875
0.99878
0.20164
0.21887
0.99619
0.99582
0.08511
0.07808
0.06432
0.06108
0.53628
0.56545
1.00000
1.00000
0.30922
0.29390
0.10017
0.12834
0.03063
0.02240
0.21724
0.21393
0.06833
0.08130
0.07207
0.12340
0.94391
0.93914
0.12506
0.14261
0.90509
0.91457
0.09187
0.10506
0.89860
0.91856
0.78194
0.95593
0.05221
0.06167
0.99429
0.99478
0.07887
0.09252
0.34913
0.03782
0.05820
0.05323
0.13269
0.09907
0.97211
0.98661
0.02164
0.03087
0.22297
0.20048
0.10503
0.08217
0.08162
0.10962
0.17596
0.19221
0.09432
0.12053
0.07092
0.04410
0.99883
0.99989
0.72243
0.75389
0.85918
0.08707
0.97896
0.91080
0.15347
0.19101
0.09010
0.07738
0.99325
0.99960
0.99993
0.99995
0.99999
1.00000
0.08341
0.10017
0.11847
0.12094
0.09078
0.07618
0.10416
0.10435
0.99299
0.13350
0.11905
0.11370
0.03026
0.02323
0.01640
0.01775
0.05816
0.05161
0.08517
0.06209
0.83235
0.78232
0.22403
0.20761
0.81717
0.96304
1.00000
1.00000
0.48916
0.50763
0.05287
0.06970
0.17482
0.04684
0.09863
0.08150
0.05474
0.04901
0.06068
0.07626
0.13052
0.13548
0.10358
0.12230
0.10566
0.11773
0.12880
0.11160
0.10562
0.11564
0.11028
0.13771
0.09420
0.08790
0.07375
0.08358
0.16882
0.17629
0.12747
0.13913
0.70301
0.66515
0.10316
0.08608
0.03245
0.02628
0.05157
0.08202
0.05473
0.07894
0.99999
0.99999
0.14732
0.10563
0.27300
0.29487
0.06247
0.05695
0.99983
0.99984
0.06230
0.08017
0.41949
0.77437
0.01483
0.18248
0.06097
0.06454
1.00000
0.99998
0.09132
0.08827
0.21222
0.13095
0.94652
0.97136
0.13270
0.11004
0.99980
0.99980
0.09286
0.09169
0.18213
0.11222
0.05948
0.12530
0.08015
0.06734
0.05694
0.08300
0.04845
0.04850
0.05472
0.05123
0.13478
0.11027
0.15427
0.20389
0.11242
0.07460
0.09208
0.10707
0.06579
0.06792
0.21033
0.18380
0.02706
0.02738
0.06205
0.08405
0.99758
0.99783
0.13193
0.06209
0.74021
0.74673
0.05817
0.06563
0.06819
0.07624
0.38951
0.38753
0.07498
0.09281
0.24399
0.26377
0.08873
0.09510
0.28037
0.17355
0.06017
0.04365
0.07743
0.10012
0.01619
0.02022
0.13750
0.11195
0.18039
0.14824
0.19537
0.13261
0.03377
0.03345
0.01480
0.01372
0.26627
0.28669
0.98568
0.98161
0.01697
0.02542
0.22229
0.15850
0.47556
0.54263
0.05452
0.05937
0.10788
0.11500
0.20247
0.14659
0.89218
0.91562
0.20082
0.21775
0.13920
0.11070
0.15831
0.19742
0.18247
0.19326
0.13283
0.12970
0.04228
0.05186
0.18095
0.18514
0.03398
0.03052
0.99964
0.99976
0.99875
0.99893
0.54148
0.16649
0.07027
0.08114
0.07328
0.07051
0.04673
0.04058
0.22620
0.24763
0.18758
0.15940
0.10594
0.13236
0.13138
0.09399
0.04760
0.02610
0.08646
0.09838
0.17718
0.13921
0.05148
0.05451
0.06970
0.06125
0.60723
0.79644
0.99996
0.99996
0.99999
0.99999
0.09388
0.11372
0.06019
0.05843
0.05737
0.03805
0.04210
0.05521
0.13052
0.14417
0.99973
0.99808
0.27151
0.51077
0.16758
0.06198
0.05274
0.06961
0.03799
0.03593
0.18164
0.19468
0.97161
0.89819
0.08035
0.10090
0.85948
0.85475
0.03566
0.03749
0.99995
0.99990
0.22528
0.30098
0.99620
0.99708
0.21145
0.10728
0.99841
0.99785
0.11950
0.11030
0.01809
0.01705
0.13298
0.13553
0.31564
0.27061
0.02954
0.05208
0.99998
0.99998
0.04726
0.04906
0.00675
0.00716
0.12558
0.12640
0.13431
0.28399
0.09906
0.11584
0.02958
0.02582
0.05169
0.05859
0.04416
0.04418
0.09159
0.09417
0.17005
0.13042
0.35671
0.28352
0.03876
0.02996
0.17755
0.16332
0.07856
0.05729
0.02980
0.03276
0.38870
0.35976
0.92870
0.92639
0.24166
0.21875
0.05023
0.04439
0.12333
0.10830
0.23589
0.12757
0.14181
0.10353
0.10944
0.19484
0.99397
0.99326
0.99284
0.99335
0.07279
0.05396
0.02643
0.02666
0.99393
0.99845
0.02841
0.02729
0.15432
0.17245
0.16387
0.13160
0.08190
0.09128
0.05635
0.08429
0.07721
0.05370
0.10594
0.12117
0.12311
0.09969
0.62357
0.73197
0.99789
0.99973
0.15165
0.11056
0.99157
0.99062
0.28599
0.29788
0.06335
0.05599
0.05677
0.07098
0.07426
0.06516
0.10331
0.05500
0.99939
0.99948
0.11793
0.11035
0.09040
0.07826
0.32719
0.40683
0.07019
0.06695
0.08812
0.06488
0.15982
0.12331
0.22730
0.21037
0.05461
0.05646
0.05880
0.11160
0.05874
0.09210
0.14619
0.24399
0.05800
0.09043
0.21113
0.22455
0.06499
0.06481
0.03755
0.04584
0.11892
0.11402
0.02787
0.02327
0.43047
0.35279
0.21923
0.29408
0.63912
0.64281
0.04979
0.04746
0.92139
0.91509
0.10536
0.08613
0.06370
0.07375
0.74568
0.70920
0.08428
0.07241
0.12577
0.10996
0.04196
0.03515
0.11611
0.11928
0.61478
0.15325
0.09279
0.14870
0.18219
0.06302
0.05140
0.01791
0.06527
0.05346
0.99961
0.99960
0.03798
0.04150
0.03281
0.06241
0.19686
0.15389
0.99929
0.99944
0.85910
0.83198
0.04631
0.05028
0.32688
0.32308
0.02593
0.10978
0.24098
0.26106
0.01473
0.02689
0.07716
0.12491
0.04901
0.03906
0.01533
0.02189
0.04576
0.08578
0.10347
0.04754
0.04942
0.04505
0.06720
0.06733
0.02781
0.02817
0.10077
0.07313
0.04441
0.04773
0.01404
0.02671
0.56399
0.50534
0.84614
0.86486
0.07018
0.07224
0.02897
0.03499
0.12997
0.12187
0.29251
0.33944
0.13848
0.12247
0.05697
0.04055
0.66443
0.91506
0.75794
0.65051
0.08091
0.08292
0.70052
0.59138
0.04490
0.06888
0.10292
0.18853
0.04197
0.04906
0.93009
0.90247
0.04659
0.05160
0.09593
0.10729
0.04975
0.04251
0.09748
0.78171
0.66830
0.84915
0.06219
0.06188
0.13593
0.34066
0.99997
0.99997
0.38273
0.31778
0.06322
0.11563
0.71765
0.75187
0.99995
0.99995
0.09835
0.08946
0.09927
0.04990
0.14944
0.17893
0.11319
0.12069
0.07551
0.06460
0.84244
0.78494
0.19305
0.10422
0.15468
0.06674
0.15024
0.15742
0.86401
0.76353
0.09874
0.09739
0.19270
0.15024
0.07760
0.09056
0.02163
0.02202
0.03709
0.03323
0.16642
0.11873
0.14948
0.19462
0.99997
0.99997
0.17894
0.22000
0.06432
0.12007
0.35973
0.23857
0.13848
0.13207
0.10156
0.09334
0.06037
0.03447
0.02533
0.04054
0.93774
0.94774
0.05069
0.09268
0.06505
0.13383
0.01958
0.02240
0.15706
0.17167
0.83068
0.18670
0.80877
0.23427
0.05981
0.08179
0.14475
0.04991
0.91457
0.93841
0.03975
0.05431
0.75655
0.75417
0.99983
0.99995
0.04559
0.04291
0.99845
0.97141
0.22147
0.21328
0.08045
0.09100
0.13578
0.09573
0.15262
0.14997
0.05093
0.07005
0.85976
0.86448
1.00000
1.00000
0.10077
0.10101
0.60812
0.55254
0.11792
0.12111
0.13040
0.14502
0.28876
0.23458
0.26684
0.41322
0.15091
0.12130
0.22199
0.16094
0.04579
0.03052
0.99977
0.99989
0.04705
0.07077
0.25436
0.21794
0.09424
0.08959
0.99982
0.99991
0.05161
0.09299
0.98371
0.98561
0.02816
0.01710
0.05297
0.05488
0.05903
0.03513
0.99991
0.99993
0.13776
0.10530
0.62251
0.54051
0.06051
0.05669
0.19285
0.16630
0.94491
0.95043
0.19817
0.26046
0.13110
0.11827
0.11194
0.12361
0.17192
0.11201
0.99993
0.99990
0.16617
0.11068
0.99982
0.99991
0.13572
0.09204
0.08963
0.09462
0.09767
0.07316
0.06627
0.06603
0.12251
0.19689
0.99998
0.99997
0.09726
0.07749
0.62982
0.60315
0.39291
0.39254
0.15286
0.11146
0.04386
0.12985
0.04738
0.02712
0.04161
0.04940
0.90986
0.91478
0.14389
0.10197
0.02675
0.03848
0.72878
0.81466
0.99993
0.99995
0.80595
0.79914
0.17733
0.16205
0.05649
0.05116
0.11527
0.09753
0.04580
0.03522
0.11604
0.18166
0.99372
0.99282
0.92407
0.98116
0.16529
0.14042
0.99968
0.99922
0.06245
0.04768
0.06538
0.08299
0.08305
0.07620
0.97582
0.06285
0.99284
0.85611
0.78852
0.75787
0.21732
0.22343
0.13733
0.12099
0.99999
1.00000
0.27715
0.12307
0.08005
0.11081
0.34972
0.31468
0.84229
0.75863
0.02219
0.07850
0.07179
0.07415
0.02220
0.02275
0.08885
0.06607
0.01935
0.03568
0.09040
0.10963
0.15409
0.17905
0.05107
0.05228
0.03250
0.03840
0.24563
0.52776
0.01302
0.01329
0.11898
0.12678
0.00474
0.00606
0.18940
0.17428
0.05050
0.03997
0.02769
0.02332
0.28171
0.27603
0.11429
0.13881
0.21862
0.14148
0.85892
0.79878
0.11095
0.07057
0.11713
0.19249
0.44224
0.73064
0.91816
0.90509
0.14577
0.17878
0.10827
0.12760
0.03410
0.07230
0.08897
0.11478
0.04812
0.06992
0.07795
0.07880
0.02774
0.04263
0.13466
0.11814
0.07502
0.08805
0.09395
0.03129
0.02608
0.02683
0.08295
0.07077
0.27102
0.18068
0.19018
0.12732
0.05971
0.04352
0.06735
0.05873
0.04321
0.04422
0.12751
0.12875
0.05510
0.06363
0.03480
0.05365
0.10093
0.10414
0.04092
0.05772
0.08620
0.10397
0.82783
0.87702
0.11275
0.08009
0.06416
0.06339
0.12598
0.12986
0.99946
0.99856
0.02934
0.04009
0.07877
0.13836
0.07017
0.06978
0.20004
0.16373
0.05914
0.04236
0.99984
0.20814
0.06438
0.04273
0.11480
0.10528
0.07358
0.07168
0.06186
0.05490
0.05111
0.04957
0.99972
0.99954
0.06911
0.04344
0.05381
0.14340
0.18825
0.17714
0.99982
0.99979
0.15229
0.08574
0.03802
0.04385
0.03623
0.02326
0.09122
0.11744
0.99988
0.99983
0.07274
0.08618
0.05102
0.04803
0.20559
0.23940
0.13413
0.11111
0.09319
0.14417
0.53383
0.31449
0.07552
0.06572
0.04408
0.06385
0.06554
0.06422
0.83067
0.87769
1.00000
1.00000
0.89114
0.88788
0.99000
0.98844
0.99245
0.99321
0.99993
0.99995
0.21123
0.18449
0.12822
0.09823
0.11016
0.10044
0.05513
0.07504
0.26705
0.26030
0.99217
0.99350
0.99527
0.99449
0.11348
0.13204
0.89774
0.90536
0.21342
0.35441
0.04908
0.07279
0.39621
0.16939
0.17865
0.17239
0.06695
0.06748
0.02115
0.02335
0.06576
0.05302
0.12232
0.17692
0.92925
0.92017
0.07711
0.08307
0.97339
0.98741
0.03895
0.04637
0.10959
0.15140
0.13518
0.09870
0.99910
0.99853
0.02570
0.02061
0.10861
0.07833
0.18953
0.13755
0.16186
0.13542
0.34858
0.33492
0.11596
0.10848
0.05385
0.04662
0.07130
0.09336
0.07309
0.09870
0.63644
0.60978
0.09197
0.06679
0.10630
0.12217
0.03647
0.05235
0.08734
0.04905
0.04339
0.06407
0.96816
0.96292
0.19279
0.22283
0.07062
0.06565
0.99997
0.99996
0.18498
0.49366
0.12183
0.12074
0.09167
0.19874
0.08543
0.10817
0.03912
0.05296
0.02459
0.01516
0.11610
0.15525
0.99970
0.99970
0.99988
0.99981
0.03271
0.03314
0.14696
0.13734
0.11863
0.12378
0.90509
0.91457
0.05949
0.04676
0.02895
0.09083
0.04118
0.06400
0.75379
0.78811
0.99982
0.99991
0.15149
0.13955
0.35603
0.29036
0.05223
0.03602
0.90717
0.11887
0.03183
0.03201
0.67036
0.75272
0.99999
0.99998
0.14328
0.13371
0.06162
0.04878
0.14396
0.14327
0.27629
0.26057
0.11042
0.11202
0.07956
0.05008
0.99986
0.99986
0.79260
0.85872
0.10408
0.07487
0.16572
0.14592
0.73066
0.54283
0.16310
0.16305
0.06155
0.06887
0.05040
0.05587
0.63279
0.63003
0.92862
0.92844
0.56965
0.62734
0.11450
0.17408
0.24903
0.19215
0.13282
0.13179
0.06798
0.07706
0.08182
0.09201
0.08386
0.12217
0.11720
0.08085
0.10998
0.12376
0.06651
0.06849
0.03444
0.03878
0.29587
0.31247
0.29084
0.24987
0.03938
0.03791
0.15588
0.12521
0.08711
0.08483
0.08101
0.08274
0.45398
0.81368
0.05220
0.05203
0.99898
0.99872
0.10044
0.08389
0.09727
0.08845
0.01982
0.03636
1.00000
0.99999
0.05909
0.06580
0.92391
0.99941
0.10176
0.08968
0.06529
0.05765
0.05849
0.11543
0.99968
0.99974
0.14461
0.15229
0.99961
0.99960
0.02385
0.02792
0.99359
0.99172
0.27266
0.29108
0.94287
0.94709
0.99999
0.99999
0.04319
0.04580
0.12273
0.11503
0.15385
0.16620
0.29427
0.32457
0.02542
0.02742
0.09662
0.11362
0.06228
0.04381
0.05413
0.04174
0.12766
0.29685
0.01434
0.00993
0.11697
0.13884
0.52174
0.54531
0.12392
0.12537
0.15580
0.13464
0.99970
0.99953
0.21205
0.10047
0.06614
0.05160
0.01757
0.03015
0.08162
0.09640
0.33043
0.08813
0.10741
0.11469
0.18817
0.21181
0.12355
0.08640
0.06591
0.05705
0.09165
0.18336
0.84454
0.80569
0.18821
0.20765
0.06194
0.06442
0.03289
0.05981
0.15530
0.09629
0.05206
0.03027
0.12315
0.08039
0.25302
0.26270
0.08385
0.04268
0.11423
0.12615
0.99997
0.99995
0.01363
0.01417
0.22312
0.27796
0.09017
0.13473
0.99629
0.99576
0.99929
0.99941
0.10258
0.04612
0.07423
0.06777
0.04527
0.06278
0.10376
0.09574
0.09069
0.08456
0.99997
0.99999
0.38703
0.37881
0.01876
0.02630
0.07961
0.08703
0.14943
0.14547
0.13117
0.90927
0.05426
0.05612
0.56569
0.06721
0.99939
0.99899
0.46874
0.42700
0.09449
0.08451
0.04502
0.06811
0.16439
0.05974
0.14425
0.13779
0.15190
0.17284
0.99191
0.99276
0.05442
0.05019
0.03869
0.03066
0.88478
0.16426
0.89608
0.90357
0.02955
0.02598
0.10657
0.10075
0.02988
0.02244
0.11910
0.16954
0.10192
0.14166
0.12338
0.13746
0.11493
0.13543
0.13814
0.14740
0.60039
0.71657
0.12364
0.11761
0.11791
0.14305
0.07599
0.07509
0.93981
0.87357
0.01131
0.00839
0.04775
0.04642
0.15235
0.19844
0.99999
0.99998
0.12969
0.15545
0.08562
0.08191
0.07673
0.07138
0.06239
0.03971
0.30470
0.15936
0.12953
0.08597
0.23416
0.15544
0.19640
0.21202
0.99227
0.99478
0.06419
0.08366
0.19772
0.17685
0.24233
0.09152
0.86562
0.88108
0.09621
0.08145
0.01781
0.03021
0.07128
0.07263
0.02009
0.02752
1.00000
1.00000
0.99999
0.99997
0.07692
0.09876
0.98759
0.99269
0.20995
0.13900
0.08263
0.08742
0.40153
0.35584
0.99980
0.99980
0.21759
0.98776
0.12196
0.12980
0.04708
0.03637
0.04428
0.04684
0.09616
0.20365
0.01556
0.02374
0.26013
0.14723
0.99993
0.99995
0.99713
0.99801
0.07600
0.10055
0.99995
0.99994
0.29394
0.24107
0.24816
0.27431
0.05498
0.04392
0.13262
0.07699
0.81803
0.34922
0.09667
0.08878
0.10624
0.45314
0.24032
0.22723
0.05716
0.05091
0.05864
0.05347
0.09561
0.07732
0.06814
0.06006
0.09034
0.08742
0.02741
0.03570
0.57297
0.52017
0.08279
0.08397
0.99902
0.99887
0.03538
0.01692
0.02206
0.01209
0.06225
0.06841
0.32576
0.39837
0.01311
0.01621
0.04459
0.03060
0.02509
0.02687
0.72821
0.37045
0.07129
0.13568
0.04891
0.05829
0.09869
0.11311
0.99835
0.99904
0.37681
0.31173
0.01686
0.01849
0.18731
0.22392
0.17485
0.16304
0.06692
0.07196
0.95285
0.95779
0.10101
0.09328
0.99997
0.99998
0.99932
0.99933
0.10614
0.09009
0.36067
0.48838
0.96917
0.98544
0.02068
0.01875
0.08688
0.09649
0.99969
0.99935
0.59999
0.66957
0.12805
0.12507
0.05473
0.07765
0.95568
0.95294
0.91167
0.89548
0.33595
0.34399
0.79325
0.83697
0.03762
0.04948
0.03766
0.03059
0.21133
0.23157
0.15005
0.16027
0.06337
0.06024
0.99932
0.07126
0.05829
0.07488
0.07397
0.07665
0.14815
0.26247
0.18449
0.18612
0.29378
0.26974
0.89392
0.92213
0.07431
0.07979
0.06914
0.31399
0.12918
0.20492
0.11188
0.08205
0.06284
0.05953
0.02565
0.01576
0.26195
0.24533
0.02036
0.01795
0.13635
0.09900
0.13779
0.13348
0.02662
0.02298
0.12358
0.10668
0.44519
0.47883
0.01525
0.01774
0.11357
0.10283
0.04227
0.04281
0.08595
0.06832
0.21624
0.17016
0.05988
0.06111
0.98659
0.98476
0.94258
0.95973
0.04878
0.11005
0.12119
0.06843
0.04743
0.03679
0.04200
0.03894
0.10409
0.02236
0.09969
0.02254
0.92428
0.91965
0.91965
0.93270
0.04795
0.05660
0.02379
0.02087
0.07552
0.10470
0.09022
0.08938
0.18869
0.21401
0.08359
0.06875
0.11912
0.07685
0.17908
0.17526
0.43745
0.38871
0.07287
0.09541
0.02100
0.03517
0.09685
0.10590
0.06205
0.07220
0.17334
0.15237
0.02257
0.01964
0.11368
0.10741
0.08518
0.08534
0.09727
0.12293
0.02492
0.03347
0.40466
0.72142
0.07280
0.08885
0.99344
0.99469
0.23403
0.21789
0.94017
0.88665
0.01777
0.01735
0.07792
0.07022
0.07833
0.06742
0.06587
0.04416
0.03295
0.04369
0.04400
0.06326
0.14985
0.10077
0.70032
0.55581
0.09560
0.08567
0.09309
0.09652
0.35917
0.36793
0.07398
0.06519
0.14695
0.14792
0.36870
0.33856
0.99837
0.99781
0.00996
0.01035
0.12765
0.10708
0.88108
0.86562
0.08132
0.13259
0.14910
0.14014
0.08717
0.09983
0.07672
0.09219
0.06897
0.06209
0.97090
0.97785
0.99959
0.99957
0.06221
0.07848
0.05161
0.04041
0.11454
0.21417
0.12019
0.10277
0.55418
0.15441
0.20126
0.23015
0.07838
0.09418
0.13652
0.14965
0.33525
0.39858
0.99976
0.99951
0.99998
0.99998
0.06564
0.06015
0.11923
0.05994
0.11695
0.11051
0.08795
0.06707
0.16121
0.10014
0.09329
0.06132
0.41505
0.42021
0.21901
0.22791
0.07742
0.05776
0.22592
0.29239
0.11830
0.13208
0.89693
0.83828
0.08482
0.13643
0.05915
0.06069
0.15674
0.16012
0.14966
0.12927
0.99639
0.99680
0.99989
0.99990
0.10584
0.11042
0.15229
0.24238
0.99641
0.99433
0.03059
0.02452
0.14009
0.13322
0.93838
0.99793
0.14249
0.12725
0.20350
0.15366
0.05680
0.06530
0.17535
0.16808
0.94197
0.95078
0.04294
0.03642
0.08626
0.09786
0.09615
0.11325
0.06254
0.06188
0.13122
0.10543
0.06088
0.05623
0.05720
0.07960
0.39794
0.36358
0.09558
0.08723
0.01252
0.01451
0.05590
0.06707
0.06482
0.07076
0.66331
0.69926
0.04119
0.06289
0.99940
0.99962
0.09346
0.10386
0.90397
0.94315
0.06099
0.04252
0.03436
0.05602
0.00571
0.01388
0.24615
0.21038
0.04464
0.04503
0.04046
0.04790
0.17896
0.16989
0.40606
0.22336
0.03800
0.08160
0.19265
0.18031
0.88012
0.86600
0.99930
0.99950
0.08531
0.03765
0.20770
0.16131
0.07569
0.08877
0.10511
0.09631
0.08558
0.06137
0.10400
0.26719
0.70424
0.84380
0.07887
0.08024
0.03388
0.03982
0.12221
0.04255
0.03008
0.06245
0.12608
0.15748
0.18278
0.20371
0.09093
0.12273
0.17138
0.08887
0.04132
0.02588
0.01594
0.01027
0.20801
0.22171
0.99954
0.99965
0.99160
0.99838
0.14585
0.22978
0.03831
0.03599
0.17480
0.18737
0.10070
0.04930
0.39285
0.26891
0.30642
0.34079
0.09211
0.05707
0.12911
0.15613
0.02905
0.02461
0.11057
0.11192
0.09478
0.11280
0.08375
0.11152
0.10477
0.13813
0.09368
0.07044
0.12391
0.22004
0.05648
0.04069
0.10238
0.12045
0.91759
0.90267
0.03582
0.04976
0.25460
0.31275
0.16859
0.16601
