0.33603
0.36813
0.19575
0.17252
0.47502
0.41837
0.20938
0.20726
0.37373
0.41605
0.58215
0.57666
0.44014
0.45599
0.43807
0.43020
0.65092
0.62911
0.35515
0.32477
0.60785
0.65883
0.33455
0.35963
0.51911
0.56689
0.59052
0.60864
0.39924
0.40269
0.58487
0.48163
0.69772
0.66829
0.65878
0.65752
0.87743
0.89671
0.72617
0.73332
0.46072
0.45673
0.55758
0.60287
0.55667
0.51813
0.33043
0.33868
0.64300
0.64753
0.57364
0.61423
0.65048
0.63848
0.77199
0.77356
0.37572
0.39851
0.51120
0.39132
0.60945
0.57302
0.34669
0.32383
0.57964
0.63171
0.57535
0.55081
0.67129
0.65910
0.48086
0.52135
0.60485
0.57581
0.56344
0.55900
0.50064
0.57848
0.53819
0.53801
0.59264
0.59364
0.80069
0.85465
0.48765
0.56165
0.70980
0.70504
0.49166
0.49565
0.58683
0.53684
0.55635
0.56898
0.58553
0.56460
0.51927
0.55427
0.41108
0.34898
0.75874
0.74355
0.41199
0.43704
0.56970
0.55721
0.63728
0.66707
0.41473
0.52243
0.31376
0.28684
0.99305
0.99383
0.37393
0.36352
0.58757
0.57334
0.99976
0.99967
0.26935
0.32056
0.98813
0.98108
0.54988
0.58123
0.60658
0.43208
0.70391
0.70728
0.13668
0.14625
0.99310
0.99625
0.99941
0.89477
0.64045
0.59637
0.44748
0.46626
0.72543
0.63142
0.39040
0.38342
0.98918
0.98785
0.89585
0.90667
0.27545
0.26447
0.86049
0.85521
