0.58523
0.66407
0.25538
0.25077
0.22969
0.23205
0.20364
0.20931
0.39040
0.35479
0.35339
0.30793
0.64906
0.74334
0.55145
0.60748
0.37873
0.31213
0.42312
0.46373
0.14894
0.16036
0.33305
0.32387
0.46746
0.38899
0.33535
0.30091
0.33383
0.36178
0.26558
0.21495
0.67117
0.63599
0.48369
0.50179
0.19974
0.19864
0.16995
0.17144
0.36337
0.43128
0.33949
0.36174
0.57874
0.38301
0.30112
0.30461
0.17464
0.18062
0.28245
0.21087
0.15120
0.16855
0.27289
0.33015
0.29720
0.25777
0.34773
0.35678
0.35075
0.33817
0.19272
0.18967
0.27155
0.21161
0.68703
0.69664
0.46267
0.47965
0.27410
0.27928
0.26945
0.23732
0.39350
0.48426
0.24242
0.23772
0.43579
0.42938
0.21937
0.18365
0.27953
0.29629
0.10952
0.13594
0.99968
0.99969
0.30858
0.23867
0.31531
0.30342
0.37740
0.35378
0.32962
0.33901
0.24694
0.23447
0.34662
0.32524
0.22799
0.19563
0.29208
0.27846
0.29178
0.28794
0.24541
0.23338
0.42875
0.39006
0.09914
0.09418
0.42660
0.34981
0.84376
0.84913
0.30592
0.32706
0.31714
0.31611
0.25392
0.25099
0.36771
0.34387
0.35177
0.32130
0.30823
0.26456
0.32564
0.29853
0.33640
0.36552
0.30408
0.29838
0.75626
0.72766
0.30447
0.21564
0.20685
0.17625
0.31750
0.33081
0.42454
0.36207
0.12044
0.13111
0.29672
0.30696
0.56317
0.62473
0.18251
0.19023
0.21720
0.20650
0.30181
0.30898
0.28327
0.29592
0.21726
0.24818
0.19794
0.17063
0.50929
0.39810
0.31746
0.26405
0.33327
0.34535
0.69286
0.69605
0.43874
0.56471
0.51460
0.53141
0.36159
0.35468
0.35004
0.37579
0.26238
0.28498
0.21642
0.27654
0.20941
0.21549
0.26744
0.30528
0.36174
0.39130
0.37087
0.27212
0.24460
0.24926
0.28269
0.26288
0.43733
0.44607
0.37645
0.39327
0.39667
0.42871
0.29125
0.27754
0.25565
0.25442
0.31668
0.33502
0.38519
0.45779
0.25411
0.29420
0.34624
0.27268
0.28439
0.25208
0.27608
0.20918
0.38953
0.39494
0.34607
0.28992
0.40023
0.41536
0.37458
0.37069
0.26433
0.23158
0.29950
0.29784
0.25083
0.27810
0.95535
0.93403
0.96085
0.89249
0.51138
0.23116
0.25255
0.22744
0.32890
0.34778
0.55451
0.39661
0.42430
0.42167
0.26574
0.28818
0.67920
0.66342
0.34408
0.54234
0.30270
0.32947
0.33663
0.25717
0.59234
0.42987
0.33170
0.31672
0.65744
0.66380
0.61322
0.69270
0.51204
0.39424
0.28320
0.21206
0.28170
0.28802
0.29918
0.35140
0.25271
0.30333
0.32181
0.32522
0.29481
0.27923
0.47095
0.51544
0.42528
0.37535
0.16148
0.15210
0.67338
0.68677
0.23038
0.28048
0.32825
0.32854
0.43115
0.46884
0.60211
0.54127
0.43842
0.41224
0.63341
0.61551
0.24596
0.24899
0.62844
0.64614
0.28932
0.28666
0.96713
0.94974
0.31897
0.33975
0.26059
0.25814
0.30439
0.30907
0.29597
0.27241
0.99525
0.99160
0.36346
0.34082
0.28283
0.27514
0.82820
0.83606
0.58813
0.61521
0.43352
0.40129
0.44979
0.35293
0.28184
0.28801
0.32889
0.31875
0.98710
0.78538
0.88527
0.38523
0.57805
0.61025
0.24704
0.20473
0.88513
0.76736
0.40268
0.41891
0.44461
0.36016
0.41974
0.34853
0.29514
0.31658
0.95126
0.94817
0.22633
0.34442
0.35856
0.39602
0.28794
0.25781
0.34670
0.36558
0.32370
0.29824
0.25739
0.26393
0.44630
0.45065
0.40010
0.34971
0.19941
0.21985
0.43250
0.41235
0.67241
0.66385
0.31512
0.30541
0.57246
0.59032
0.37599
0.37354
0.78250
0.80112
0.35482
0.32427
0.54948
0.56618
0.44052
0.43573
0.29500
0.34165
0.47295
0.37312
0.81522
0.80786
0.31816
0.25411
0.37868
0.36748
0.27569
0.28464
0.24499
0.26506
0.85051
0.45402
0.40919
0.32855
0.25990
0.24799
0.19207
0.19325
0.73978
0.64584
0.43218
0.39370
0.30634
0.28620
0.18369
0.18664
0.39535
0.45049
0.17736
0.22452
0.35604
0.33912
0.31304
0.32315
0.28024
0.22368
0.37162
0.37456
0.33452
0.40844
0.23905
0.22200
0.28399
0.28327
0.31553
0.29167
0.37530
0.34593
0.27964
0.31433
0.77840
0.78359
0.60237
0.71526
0.33892
0.34944
0.32833
0.33722
0.89155
0.87172
0.42632
0.36481
0.37239
0.77470
0.36239
0.88061
0.32750
0.27965
0.59609
0.61810
0.70521
0.63310
0.50712
0.46065
0.44788
0.36370
0.39553
0.51573
0.39098
0.36280
0.18489
0.18316
0.50320
0.46839
0.46100
0.45379
0.41739
0.31232
0.22250
0.24755
0.63509
0.65325
0.35496
0.38204
0.35224
0.36078
0.35402
0.65200
0.37115
0.35893
0.25236
0.28411
0.27081
0.34617
0.31886
0.29661
0.19788
0.27660
0.23298
0.20598
0.58128
0.58275
0.39869
0.42290
0.18929
0.18966
0.43908
0.54245
0.25900
0.23025
0.38759
0.40561
0.34029
0.35149
0.66564
0.70128
0.24012
0.22385
0.28592
0.25801
0.25798
0.27404
0.51756
0.35668
0.32962
0.32295
0.66534
0.66732
0.31265
0.33087
0.27700
0.27637
0.98182
0.98093
0.19855
0.27815
0.23762
0.23900
0.66302
0.65743
0.27189
0.23662
0.33246
0.32480
0.32829
0.30772
0.49572
0.55195
0.31253
0.33083
0.10391
0.10578
0.24922
0.30017
0.43588
0.32531
0.24540
0.28947
0.59201
0.61460
0.36238
0.33072
0.28362
0.35245
0.43728
0.56427
0.61979
0.52988
0.44586
0.43318
0.45770
0.39384
0.41152
0.41937
0.34027
0.36191
0.19161
0.20091
0.31278
0.32975
0.29543
0.41973
0.33570
0.35496
0.40726
0.38395
0.88010
0.82626
0.34644
0.55027
0.21315
0.23230
0.43207
0.34391
0.40801
0.36126
0.19753
0.17726
0.50898
0.56387
0.41944
0.41480
0.24642
0.25357
0.55659
0.34941
0.32263
0.30712
0.36609
0.34577
0.21567
0.22889
0.50295
0.48114
0.41185
0.34416
0.26890
0.33382
0.37941
0.53973
0.87958
0.90301
0.20417
0.21160
0.33868
0.30315
0.71741
0.69265
0.17041
0.19431
0.33292
0.74574
0.51078
0.34103
0.39051
0.26676
0.27690
0.26677
0.28105
0.27992
0.53408
0.38246
0.27755
0.24704
0.19971
0.24874
0.31598
0.33318
0.45527
0.45213
0.28099
0.29140
0.28467
0.31310
0.25324
0.28074
0.28314
0.27295
0.42729
0.44461
0.73800
0.81072
0.29927
0.26997
0.30250
0.30546
0.66488
0.65074
0.68199
0.70591
0.21784
0.22359
0.41544
0.51860
0.33546
0.28960
0.96417
0.90569
0.24705
0.25058
0.94289
0.99702
0.39225
0.34522
0.44752
0.49431
0.35662
0.36670
0.37350
0.40136
0.08313
0.20364
0.25819
0.25537
0.34944
0.33413
0.29012
0.30101
0.25367
0.22265
0.42244
0.40692
0.24554
0.25289
0.23704
0.22721
0.64807
0.61348
0.14753
0.14095
0.39906
0.76676
0.55422
0.52768
0.51316
0.52047
0.24474
0.25047
0.74886
0.75971
0.23284
0.23308
0.45099
0.44757
0.28373
0.28252
0.33034
0.32431
0.38305
0.34904
0.32248
0.30169
0.36787
0.34376
0.36393
0.29991
0.79263
0.85876
0.36969
0.34438
0.24847
0.20441
0.78820
0.44097
0.49866
0.46134
0.33169
0.34306
0.34797
0.38187
0.25985
0.27132
0.49015
0.48277
0.27855
0.28594
0.69141
0.91618
0.37083
0.39313
0.26968
0.25904
0.26063
0.24246
0.30592
0.30411
0.32866
0.29445
0.57234
0.64987
0.37426
0.34479
0.46703
0.44549
0.24320
0.22879
0.40031
0.39734
0.30147
0.30336
0.40204
0.33590
0.32496
0.32946
0.55999
0.57512
0.38597
0.35511
0.29884
0.26563
0.28014
0.26138
0.29143
0.29831
0.32925
0.38764
0.66853
0.66723
0.19173
0.18198
0.35070
0.30583
0.24007
0.33664
0.31554
0.31687
0.22389
0.27524
0.20534
0.26540
0.50684
0.52906
0.86804
0.38682
0.32714
0.30806
0.27213
0.28713
0.32423
0.39633
0.39274
0.48616
0.54838
0.39564
0.41555
0.43519
0.34190
0.36979
0.38017
0.65548
0.32131
0.32706
0.32597
0.31000
0.30890
0.38594
0.44879
0.43205
0.20949
0.19675
0.67734
0.64706
0.20659
0.28844
0.22295
0.24226
0.18561
0.16821
0.65395
0.65146
0.04049
0.02992
0.59845
0.60915
0.67015
0.60794
0.22631
0.22244
0.33154
0.43008
0.40636
0.41370
0.87123
0.90195
0.26673
0.33036
0.51316
0.56138
0.47406
0.54142
0.68546
0.62371
0.34222
0.33716
0.31650
0.29921
0.62867
0.96208
0.75504
0.76265
0.35877
0.34361
0.30144
0.29816
0.20946
0.22890
0.38678
0.36112
0.47146
0.38537
0.23086
0.24278
0.68647
0.71958
0.23960
0.27398
0.37355
0.37316
0.22587
0.22252
0.65563
0.50769
0.43426
0.54155
0.98391
0.91667
0.45138
0.58872
0.30040
0.38921
0.80357
0.80185
0.37903
0.39840
0.37544
0.27999
0.19011
0.18025
0.42582
0.43947
0.33607
0.37861
0.39804
0.39610
0.30731
0.29347
0.23543
0.25015
0.26458
0.25446
0.35800
0.37560
0.40646
0.45659
0.25356
0.24444
0.41812
0.38923
0.36732
0.45814
0.86018
0.83273
0.37948
0.38071
0.25759
0.27876
0.40552
0.53858
0.25942
0.26218
0.42903
0.41581
0.18072
0.20411
0.34265
0.29203
0.23230
0.24707
0.27991
0.29876
0.40766
0.42607
0.81120
0.81647
0.56067
0.56455
0.37504
0.35907
0.35481
0.37360
0.39004
0.68455
0.42928
0.44736
0.39159
0.27452
0.19193
0.19604
0.28699
0.28843
0.26959
0.28820
0.37971
0.34577
0.66205
0.49606
0.35585
0.48010
0.29767
0.27194
0.27025
0.35503
0.99183
0.90396
0.64345
0.35208
0.76863
0.76564
0.32508
0.31623
0.39891
0.41056
0.41499
0.44605
0.46296
0.45538
0.22696
0.23269
0.28215
0.33492
0.16784
0.18847
0.96873
0.98588
0.22895
0.24435
0.32909
0.31269
0.40479
0.43817
0.54315
0.36861
0.60845
0.64446
0.20516
0.19835
0.31988
0.30936
0.23706
0.24500
0.59820
0.40587
0.40987
0.40101
0.21952
0.22701
0.66299
0.71264
0.51103
0.46335
0.88129
0.90938
0.29406
0.28590
0.38418
0.36136
0.21821
0.20761
0.35927
0.35739
0.38598
0.39392
0.54045
0.49390
0.26834
0.27325
0.33831
0.38463
0.26663
0.27747
0.61118
0.59976
0.18385
0.19205
0.70992
0.41375
0.21696
0.23018
0.48814
0.38298
0.30750
0.38643
0.98831
0.98958
0.25082
0.25626
0.44236
0.56149
0.38834
0.40043
0.95601
0.97594
0.18029
0.18883
0.28983
0.31189
0.28677
0.35021
0.94527
0.95983
0.34309
0.28948
0.41074
0.41640
0.63859
0.24983
0.31707
0.34685
0.79617
0.46105
0.26705
0.27663
0.25653
0.21239
0.28068
0.38956
0.33417
0.36397
0.53294
0.45033
0.38379
0.36466
0.50153
0.49544
0.80122
0.88590
0.26044
0.20148
0.34916
0.28096
0.29689
0.30934
0.59542
0.62560
0.26670
0.29100
0.20857
0.20540
0.47054
0.46951
0.37714
0.38791
0.30786
0.33304
0.16921
0.24704
0.27018
0.16600
0.20618
0.22722
0.80751
0.77613
0.62603
0.62019
0.34909
0.61906
0.18268
0.24696
0.75059
0.76224
0.36031
0.44220
0.46551
0.50795
0.18882
0.23813
0.29522
0.30614
0.38427
0.39242
0.50693
0.50742
0.25188
0.32225
0.17724
0.14535
0.27303
0.20638
0.34185
0.31222
0.40801
0.31132
0.44360
0.53835
0.29942
0.37137
0.29941
0.34119
0.23805
0.28666
0.42894
0.41285
0.95748
0.39793
0.99675
0.64988
0.73328
0.56273
0.29048
0.30748
0.38967
0.38231
0.34473
0.34032
0.17919
0.18503
0.32459
0.30776
0.25774
0.28966
0.93642
0.90298
0.80321
0.68334
0.92298
0.54060
0.40562
0.45142
0.31585
0.33231
0.27712
0.22640
0.17447
0.19610
0.38181
0.39394
0.56040
0.56918
0.28581
0.36476
0.46264
0.41564
0.40348
0.38627
0.31793
0.28120
0.37570
0.45983
0.30007
0.31325
0.32777
0.32406
0.99998
0.99993
0.25417
0.29140
0.24242
0.25387
0.28062
0.27224
0.87386
0.86645
0.36960
0.35118
0.34136
0.34261
0.54945
0.31060
0.64562
0.66786
0.58882
0.55883
0.44150
0.39317
0.27538
0.22694
0.24769
0.19757
0.40530
0.40508
0.38638
0.37246
0.30600
0.27274
0.19259
0.18493
0.59189
0.38529
0.41326
0.37527
0.34486
0.35448
0.71250
0.45749
0.38361
0.45899
0.29010
0.30019
0.22641
0.23295
0.74457
0.56660
0.25888
0.18218
0.35204
0.43699
0.89342
0.93679
0.33072
0.29637
0.37270
0.39834
0.75545
0.76771
0.22235
0.16986
0.31511
0.32432
0.43867
0.45610
0.55082
0.33113
0.40908
0.42811
0.19274
0.24970
0.36739
0.37799
0.35037
0.28911
0.32505
0.35418
0.18827
0.22162
0.46422
0.40946
0.80095
0.78388
0.78938
0.80657
0.25194
0.27466
0.24148
0.25966
0.26485
0.29451
0.22580
0.26282
0.17940
0.24182
0.59377
0.38662
0.33729
0.25015
0.41802
0.41607
0.37734
0.35240
0.37976
0.44051
0.22135
0.17737
0.49145
0.47270
0.15009
0.11723
0.30629
0.28540
0.75173
0.80834
0.27284
0.28200
0.36092
0.30040
0.54479
0.61428
0.63518
0.63032
0.28832
0.32544
0.18644
0.32084
0.31373
0.33689
0.22684
0.23981
0.23310
0.24939
0.33239
0.27262
0.42531
0.41891
0.24078
0.84752
0.52403
0.51937
0.73737
0.75485
0.27175
0.22312
0.39558
0.37932
0.23774
0.22588
0.22121
0.26771
0.22531
0.21645
0.23432
0.20485
0.31362
0.38347
0.43571
0.41729
0.32110
0.32521
0.35972
0.41585
0.27413
0.32805
0.29632
0.24667
0.37236
0.27527
0.99163
0.99783
0.29987
0.29156
0.47189
0.46154
0.80585
0.92970
0.33086
0.32407
0.38047
0.35632
0.25126
0.24451
0.63113
0.58716
0.19301
0.19135
0.21471
0.19743
0.26115
0.21847
0.27545
0.32899
0.15947
0.18260
0.40200
0.41029
0.94145
0.91289
0.28503
0.31443
0.65802
0.39272
0.25350
0.29001
0.32258
0.28954
0.67258
0.65379
0.25159
0.24615
0.30577
0.27344
0.26411
0.24927
0.27185
0.26991
0.25692
0.27292
0.33109
0.32945
0.34168
0.40751
0.31894
0.33169
0.37265
0.35651
0.21871
0.23150
0.30960
0.30512
0.37375
0.35305
0.65302
0.62368
0.34601
0.34625
0.23021
0.23383
0.43821
0.36578
0.25217
0.23537
0.29361
0.30429
0.30765
0.33550
0.13300
0.12999
0.25770
0.24757
0.21102
0.08195
0.27418
0.25745
0.33622
0.31026
0.44950
0.65082
0.40040
0.42066
0.58229
0.44911
0.36565
0.34099
0.18555
0.16039
0.32580
0.32388
0.47227
0.37820
0.40629
0.39818
0.33742
0.33137
0.28215
0.27883
0.35127
0.40872
0.28605
0.22827
0.86313
0.76228
0.28988
0.28178
0.24646
0.27196
0.34737
0.34924
0.39069
0.35800
0.40842
0.37165
0.43535
0.36547
0.27888
0.20253
0.24470
0.24855
0.98334
0.99292
0.46731
0.48415
0.30484
0.32957
0.58954
0.60933
0.54629
0.65271
0.56648
0.53877
0.33869
0.27376
0.39900
0.32961
0.99905
0.97935
0.27402
0.25326
0.21251
0.23039
0.46826
0.44952
0.42519
0.42528
0.73091
0.73230
0.74468
0.72589
0.25931
0.23648
0.16356
0.16755
0.39843
0.43074
0.40499
0.34092
0.23163
0.21510
0.30752
0.29728
0.34537
0.42922
0.25442
0.25254
0.75364
0.76465
0.37969
0.39162
0.62548
0.65513
0.17902
0.13817
0.38238
0.29558
0.45067
0.41654
0.30324
0.33037
0.79092
0.74847
0.21567
0.18150
0.38787
0.34113
0.35435
0.26555
0.93640
0.96979
0.30873
0.33547
0.42240
0.42227
0.21952
0.26666
0.28511
0.28443
0.65818
0.64153
0.65059
0.63873
0.33876
0.33902
0.31225
0.23188
0.23939
0.28257
0.32313
0.28945
0.35561
0.38061
0.41052
0.37465
0.22225
0.23241
0.31988
0.26280
0.17391
0.18075
0.48891
0.47532
0.94114
0.89186
0.31488
0.31378
0.28871
0.29164
0.38248
0.42791
0.70600
0.69877
0.22950
0.23518
0.67867
0.68903
0.28673
0.24191
0.23908
0.25125
0.54964
0.56548
0.43942
0.41560
0.23662
0.22696
0.26462
0.25326
0.30251
0.29446
0.21713
0.23948
0.22768
0.21396
0.41126
0.46117
0.29536
0.32113
0.27633
0.28539
0.83221
0.86639
0.28218
0.30541
0.38830
0.35010
0.34788
0.32395
0.43966
0.49025
0.33400
0.31751
0.18132
0.17259
0.75446
0.76047
0.83506
0.76631
0.39381
0.41599
0.23388
0.22835
0.57223
0.36637
0.37721
0.36423
0.17254
0.16543
0.38659
0.41892
0.81880
0.65707
0.57913
0.62953
0.94103
0.88753
0.15943
0.17638
0.23445
0.30412
0.90361
0.47233
0.32923
0.32814
0.38363
0.39026
0.31256
0.26072
0.98444
0.98963
0.29825
0.29065
0.35744
0.45862
0.45859
0.43877
0.39479
0.39248
0.83616
0.84928
0.32357
0.31509
0.25921
0.28086
0.35475
0.36828
0.38935
0.27904
0.62960
0.66848
0.19115
0.21248
0.23235
0.22413
0.70883
0.77343
0.21402
0.28035
0.33212
0.31586
0.32890
0.27512
0.39226
0.35772
0.19916
0.25727
0.35451
0.31510
0.39971
0.37903
0.92783
0.95416
0.31432
0.35276
0.23964
0.26834
0.27183
0.25051
0.19762
0.20544
0.17237
0.17201
0.34543
0.35742
0.25702
0.23181
0.62532
0.62381
0.29165
0.27151
0.29764
0.26074
0.58582
0.50651
0.50348
0.39937
0.28651
0.30996
0.23018
0.22091
0.39909
0.36079
0.23381
0.23847
0.56297
0.46447
0.81544
0.83141
0.31223
0.34619
0.31146
0.10221
0.16733
0.15939
0.25347
0.21904
0.42191
0.43516
0.31199
0.28555
0.31003
0.33014
0.63147
0.63422
0.13493
0.30678
0.35003
0.34649
0.69988
0.61716
0.48076
0.48624
0.52108
0.58955
0.18760
0.22419
0.26736
0.25913
0.23202
0.20484
0.28718
0.27339
0.35545
0.31274
0.22202
0.24769
0.24857
0.24949
0.27604
0.24796
0.36950
0.38803
0.29815
0.23193
0.16815
0.16898
0.21101
0.22494
0.20426
0.19974
0.27271
0.27855
0.74398
0.76281
0.32159
0.32296
0.92399
0.93472
0.59539
0.60579
0.77853
0.40395
0.62516
0.48882
0.39684
0.39071
0.45277
0.52861
0.21578
0.25922
0.30432
0.29658
0.40619
0.41816
0.29902
0.30882
0.62624
0.63342
0.31889
0.28480
0.39673
0.39419
0.16842
0.20434
0.44256
0.37043
0.43995
0.44490
0.25761
0.23815
0.20534
0.18440
0.40614
0.52202
0.46985
0.44532
0.37625
0.37556
0.32543
0.36044
0.43464
0.57577
0.24359
0.22810
0.50834
0.51794
0.30230
0.31499
0.32193
0.28939
0.44206
0.52672
0.37269
0.38432
0.31586
0.39557
0.17113
0.14179
0.21139
0.21964
0.28502
0.38594
0.31753
0.29971
0.62317
0.39740
0.57111
0.56645
0.28141
0.33536
0.34367
0.33755
0.38389
0.32544
0.26564
0.28713
0.54076
0.50287
0.25118
0.22297
0.31386
0.33549
0.57681
0.58093
0.44571
0.41214
0.33178
0.34096
0.18922
0.19941
0.71857
0.78931
0.52670
0.54392
0.89095
0.97274
0.51176
0.44148
0.93492
0.92700
0.34225
0.37712
0.36163
0.39452
0.22998
0.23041
0.34561
0.35471
0.27846
0.23402
0.84482
0.88657
0.41222
0.35379
0.28669
0.23353
0.53967
0.38210
0.78480
0.81055
0.24888
0.23532
0.54293
0.50703
0.35116
0.35649
0.74113
0.28062
0.37081
0.34974
0.43513
0.38682
0.95939
0.96015
0.35423
0.30622
0.64762
0.66378
0.99994
0.99991
0.41644
0.38714
0.74737
0.77316
0.29744
0.32742
0.26021
0.33072
0.53446
0.46807
0.39001
0.36968
0.24277
0.23713
0.98772
0.99858
0.49674
0.32688
0.47008
0.35612
0.32280
0.30334
0.37455
0.55207
0.36175
0.35500
0.61192
0.45096
0.59941
0.44129
0.26350
0.24505
0.33901
0.31458
0.29134
0.31641
0.34730
0.46688
0.26124
0.25539
0.40556
0.58608
0.44927
0.47240
0.36452
0.50893
0.61959
0.93208
0.46612
0.41767
0.24939
0.28836
0.29445
0.27389
0.14242
0.14234
0.61711
0.34259
0.78474
0.62620
0.35242
0.57296
0.14395
0.15359
0.95491
0.96670
0.39059
0.39224
0.46317
0.36256
0.31152
0.41832
0.15293
0.15999
0.15893
0.17857
0.31540
0.31538
0.23730
0.24111
0.36654
0.37808
0.22509
0.25501
0.32776
0.34261
0.30260
0.30324
0.55085
0.57000
0.73171
0.81435
0.36834
0.36703
0.48679
0.48851
0.57191
0.41804
0.66728
0.67255
0.18357
0.17731
0.23659
0.24969
0.80691
0.69647
0.87454
0.85123
0.99093
0.98682
0.94712
0.87722
0.26035
0.25978
0.49133
0.46364
0.33266
0.33405
0.24976
0.24388
0.26482
0.25265
0.33196
0.33009
0.98159
0.97939
0.31590
0.30921
0.38796
0.34780
0.23893
0.18837
0.31595
0.24963
0.95250
0.90554
0.75467
0.77154
0.61541
0.59195
0.86815
0.84968
0.54572
0.45400
0.65255
0.57638
0.59698
0.63706
0.34182
0.31707
0.50757
0.56256
0.46257
0.77989
0.34722
0.28201
0.54039
0.52756
0.63567
0.64000
0.80371
0.66499
0.12808
0.12408
0.43191
0.45308
0.42193
0.41795
0.32804
0.37767
0.29669
0.25761
0.37032
0.48555
0.21077
0.18399
0.32624
0.32624
0.86060
0.99200
0.28727
0.30378
0.21323
0.23456
0.64194
0.59237
0.35781
0.34684
0.85103
0.85893
0.33968
0.34997
0.68284
0.55816
0.29591
0.28719
0.54021
0.49934
0.38644
0.37056
0.88499
0.88455
0.29189
0.23766
0.14465
0.11064
0.16473
0.15314
0.36542
0.36216
0.95084
0.95860
0.43112
0.44855
0.92063
0.87325
0.29927
0.24858
0.32596
0.32473
0.15628
0.17019
0.77222
0.79595
0.81919
0.77828
0.75263
0.74860
0.40257
0.40103
0.34741
0.29010
0.88652
0.91697
0.27363
0.27543
0.27057
0.21464
0.72515
0.69158
0.29565
0.28443
0.37571
0.39423
0.38209
0.38435
0.23024
0.22972
0.38607
0.39406
0.35128
0.29543
0.31089
0.35743
0.28809
0.32213
0.34653
0.35087
0.60822
0.57076
0.32337
0.27958
0.41295
0.36823
0.36622
0.40667
0.24764
0.22767
0.33473
0.40284
0.54566
0.43878
0.75411
0.72753
0.40248
0.43177
0.99809
0.99351
0.41172
0.41530
0.56157
0.25363
0.35803
0.36150
0.29000
0.31593
0.28135
0.29875
0.10016
0.11133
0.40903
0.39174
0.17939
0.17934
0.21807
0.20738
0.39756
0.40345
0.66436
0.74647
0.26000
0.26145
0.59004
0.57315
0.19207
0.19012
0.37865
0.36538
0.51830
0.50221
0.42667
0.40659
0.33123
0.28903
0.78342
0.50935
0.28648
0.26984
0.23004
0.20609
0.31268
0.94595
0.56448
0.42376
0.29367
0.33915
0.21221
0.28576
0.37812
0.40567
0.85140
0.59447
0.31587
0.41463
0.34510
0.33764
0.26083
0.27228
0.33485
0.28377
0.41196
0.44238
0.22909
0.25518
0.23285
0.24374
0.36682
0.34298
0.45133
0.48455
0.40021
0.52114
0.22427
0.22227
0.22935
0.22189
0.34316
0.32480
0.23841
0.24443
0.30602
0.30043
0.46426
0.48874
0.25604
0.24509
0.54780
0.46408
0.54624
0.52949
0.45299
0.47268
0.40983
0.35677
0.40514
0.39116
0.72983
0.67690
0.65722
0.67252
0.62588
0.66078
0.61155
0.44861
0.25741
0.29524
0.63425
0.65837
0.86599
0.82192
0.45050
0.45088
0.52699
0.53303
0.39535
0.39840
0.35716
0.45523
0.99591
0.99483
0.38644
0.39476
0.42935
0.39568
0.49938
0.51217
0.37479
0.33340
0.26752
0.30910
0.34358
0.32244
0.18661
0.22179
0.24503
0.26468
0.24974
0.21577
0.41629
0.46404
0.98098
0.96857
0.99269
0.99933
0.30645
0.30299
0.28240
0.26986
0.64559
0.74427
0.29519
0.31579
0.97085
0.96188
0.31119
0.28512
0.24868
0.24377
0.52049
0.49065
0.31557
0.52226
0.31706
0.35871
0.26663
0.32448
0.36823
0.34670
0.38324
0.38743
0.22970
0.17233
0.45263
0.46553
0.17521
0.18935
0.67896
0.77517
0.85404
0.29124
0.25790
0.24459
0.42724
0.34660
0.40977
0.48707
0.26916
0.25569
0.24126
0.24036
0.34850
0.31825
0.24686
0.22246
0.23837
0.25872
0.38289
0.45029
0.81667
0.91977
0.76252
0.71111
0.31131
0.28045
0.21569
0.18726
0.41942
0.35688
0.34552
0.31836
0.26363
0.28950
0.52438
0.31724
0.36210
0.35012
0.28699
0.25005
0.19386
0.19979
0.36428
0.31549
0.87917
0.92802
0.29597
0.27247
0.30796
0.32159
0.37089
0.47871
0.42476
0.42585
0.40506
0.30333
0.22761
0.27155
0.25880
0.30434
0.72290
0.39408
0.98819
0.99061
0.47524
0.41889
0.64189
0.67045
0.38689
0.35020
0.34495
0.35126
0.48496
0.50333
0.16439
0.17544
0.39437
0.32218
0.60612
0.58895
0.28863
0.29731
0.33994
0.35483
0.36721
0.32562
0.36146
0.26892
0.47500
0.43142
0.38860
0.46024
0.24619
0.20398
0.23621
0.30073
0.26787
0.26973
0.26326
0.27150
0.27067
0.29598
0.29993
0.66914
0.30878
0.27050
0.60254
0.67009
0.98203
0.98721
0.29621
0.28661
0.48885
0.44848
0.33468
0.35706
0.32705
0.33485
0.56335
0.49434
0.19701
0.24035
0.73924
0.74878
0.36523
0.41296
0.40261
0.36915
0.37631
0.37815
0.28593
0.32997
0.51447
0.47572
0.99515
0.99741
0.62119
0.61948
0.51944
0.36970
0.30104
0.30653
0.29112
0.25171
0.41260
0.39310
0.42704
0.33130
0.38159
0.35442
0.18042
0.21972
0.63301
0.63192
0.18320
0.18840
0.30311
0.28869
0.24831
0.38510
0.22678
0.22761
0.16750
0.16541
0.48503
0.49415
0.85930
0.73893
0.37694
0.34568
0.36030
0.48109
0.22029
0.25814
0.29987
0.36022
0.39952
0.48939
0.35219
0.33443
0.86259
0.45651
0.25608
0.23705
0.24249
0.24674
0.34321
0.33180
0.39071
0.39446
0.33744
0.32293
0.32265
0.30150
0.33298
0.29022
0.30688
0.30690
0.89479
0.86272
0.27049
0.26178
0.51348
0.45630
0.84455
0.85019
0.45543
0.32416
0.24916
0.25686
0.81826
0.66854
0.56621
0.59515
0.34246
0.30835
0.62141
0.45937
0.40735
0.39936
0.18301
0.20708
0.20957
0.20269
0.25730
0.22131
0.31680
0.29724
0.52617
0.64379
0.61187
0.48261
0.62055
0.43376
0.26814
0.26467
0.99920
0.99952
0.54288
0.38826
0.39611
0.35756
0.17995
0.18652
0.27602
0.25951
0.32803
0.31041
0.35150
0.49341
0.34602
0.56389
0.31839
0.29464
0.51019
0.45305
0.34155
0.37419
0.29864
0.23894
0.12912
0.15119
0.99875
0.99912
0.40691
0.28922
0.38959
0.39489
0.33718
0.33262
0.62461
0.58582
0.32823
0.38880
0.24538
0.22740
0.31940
0.31815
0.31697
0.23483
0.25670
0.27068
0.63498
0.58363
0.47594
0.32149
0.34870
0.34190
0.31174
0.41252
0.52930
0.41202
0.57044
0.57980
0.33470
0.40137
0.38797
0.33952
0.29981
0.31033
0.94909
0.93672
0.28068
0.28595
0.51098
0.81697
0.89642
0.99548
0.58329
0.54122
0.25876
0.26213
0.38293
0.34045
0.33003
0.30384
0.57487
0.60680
0.49308
0.68766
0.21219
0.20891
0.83249
0.84936
0.35661
0.35588
0.40078
0.44638
0.46215
0.39950
0.26203
0.24747
0.39927
0.37148
0.27227
0.29243
0.35930
0.36728
0.24582
0.24505
0.94371
0.93831
0.37455
0.42700
0.27968
0.34642
0.35259
0.30370
0.50255
0.45118
0.66772
0.31083
0.76453
0.74191
0.32746
0.33763
0.38533
0.36777
0.49869
0.48301
0.34372
0.33521
0.28427
0.27445
0.27339
0.31098
0.41525
0.46357
0.88984
0.91992
0.74409
0.46027
0.58668
0.72880
0.26111
0.32593
0.42740
0.37287
0.34592
0.39791
0.14241
0.11607
0.33558
0.32565
0.28345
0.22262
0.81399
0.79615
0.23639
0.27590
0.35327
0.39404
0.34008
0.28370
0.31608
0.30848
0.44311
0.37024
0.44631
0.41363
0.31541
0.36150
0.39647
0.37545
0.31254
0.31482
0.28589
0.30325
0.68561
0.68475
0.37722
0.41309
0.36896
0.42506
0.35786
0.34779
0.35434
0.33829
0.25662
0.34161
0.31325
0.29198
0.88378
0.89084
0.34612
0.34950
0.29196
0.32382
0.34078
0.32329
0.29489
0.29752
0.86495
0.54895
0.23715
0.26456
0.51379
0.50099
0.45746
0.38797
0.34497
0.33935
0.52331
0.38876
0.85015
0.84254
0.23854
0.22748
0.39780
0.38667
0.23157
0.19746
0.19104
0.19144
0.39089
0.45175
0.40882
0.34765
0.20101
0.22357
0.34811
0.29397
0.40971
0.38337
0.26252
0.33069
0.29951
0.31117
0.65035
0.73419
0.73923
0.75680
0.44935
0.64082
0.37446
0.42628
0.24807
0.24594
0.98918
0.99072
0.23650
0.22542
0.37612
0.36373
0.24610
0.24431
0.33673
0.52218
0.98457
0.89197
0.28209
0.31643
0.37698
0.39001
0.33768
0.29682
0.45202
0.43095
0.17147
0.18647
0.47686
0.46745
0.31367
0.29978
0.23280
0.27382
0.51418
0.51538
0.39909
0.38815
0.24084
0.25740
0.25128
0.19839
0.35600
0.34704
0.50341
0.48949
0.31729
0.28466
0.98462
0.87867
0.34166
0.29095
0.91187
0.40114
0.28552
0.29333
0.16999
0.19330
0.97640
0.98537
0.24217
0.24305
0.44221
0.41938
0.34118
0.24954
0.66044
0.65074
0.94953
0.94761
0.42358
0.34394
0.79884
0.73755
0.57165
0.52595
0.38637
0.40618
0.80322
0.75653
0.43011
0.61975
0.27523
0.27600
0.21881
0.19817
0.99959
0.99067
0.91536
0.76764
0.38923
0.36750
0.27750
0.27847
0.28285
0.27429
0.36073
0.50872
0.48745
0.53419
0.35811
0.36281
0.28201
0.24488
0.38375
0.42414
0.26896
0.26463
0.23971
0.24552
0.26602
0.25069
0.27992
0.30229
0.33541
0.28803
0.31083
0.27753
0.51061
0.47074
0.32748
0.36743
0.53957
0.56086
0.28915
0.36366
0.91423
0.92505
0.40085
0.42197
0.36011
0.34460
0.28846
0.34744
0.46113
0.54194
0.23656
0.23877
0.98570
0.98260
0.33483
0.29425
0.41892
0.45175
0.51681
0.40870
0.41660
0.30759
0.17854
0.19052
0.26469
0.26755
0.34272
0.34770
0.70484
0.80493
0.30934
0.27693
0.49254
0.59708
0.21522
0.20777
0.61945
0.61671
0.25952
0.27593
0.22660
0.22201
0.38199
0.39253
0.33242
0.34253
0.16733
0.22623
0.26582
0.20899
0.30126
0.34689
0.45273
0.65220
0.39555
0.38746
0.33972
0.37329
0.26171
0.26090
0.21132
0.23039
0.64115
0.38813
0.35271
0.32384
0.20022
0.19715
0.34618
0.34759
0.58572
0.63095
0.32376
0.32998
0.44011
0.43337
0.24926
0.26859
0.45072
0.35781
0.40634
0.40818
0.40085
0.47827
0.30036
0.29290
0.21415
0.22202
0.32143
0.38459
0.50785
0.48367
0.32669
0.33466
0.40146
0.42496
0.46390
0.47770
0.22722
0.23091
0.17233
0.17007
0.29887
0.26230
0.66522
0.64639
0.99267
0.99895
0.38577
0.37772
0.19893
0.20831
0.25115
0.23862
0.42888
0.43575
0.83275
0.80543
0.30719
0.29240
0.39036
0.39828
0.32609
0.32291
0.30964
0.44596
0.31068
0.30223
0.35140
0.33014
0.26989
0.28940
0.34177
0.34779
0.82155
0.80335
0.39757
0.40521
0.57879
0.55219
0.28529
0.34981
0.20893
0.21549
0.26428
0.31201
0.90317
0.89899
0.21999
0.24066
0.92116
0.68941
0.31960
0.33960
0.96482
0.98990
0.36376
0.36696
0.35594
0.35395
0.23849
0.23349
0.26034
0.27099
0.36958
0.38119
0.55448
0.71206
0.32303
0.29694
0.30714
0.25082
0.32137
0.28177
0.30318
0.27220
0.43810
0.40501
0.98551
0.75880
0.36432
0.40469
0.29176
0.28585
0.42955
0.46505
0.61256
0.62234
0.66769
0.62672
0.17475
0.19522
0.98263
0.99566
0.33991
0.33724
0.96608
0.96637
0.51590
0.34767
0.29722
0.30113
0.19743
0.19938
0.21455
0.20942
0.55217
0.54926
0.39182
0.50269
0.20785
0.25469
0.25713
0.25726
0.36159
0.40547
0.31487
0.29388
0.32192
0.26144
0.66864
0.70822
0.36013
0.49903
0.87863
0.91283
0.90682
0.87981
0.93641
0.95671
0.66403
0.68771
0.32419
0.53147
0.74912
0.85130
0.63831
0.60583
0.30046
0.33249
0.39524
0.41250
0.28373
0.32323
0.31860
0.29582
0.98569
0.75320
0.39794
0.49072
0.28517
0.28463
0.38996
0.35653
0.61070
0.50187
0.25796
0.27322
0.41406
0.40141
0.89320
0.96787
0.50209
0.45694
0.26028
0.25574
0.15335
0.22076
0.28627
0.33848
0.34303
0.29621
0.87448
0.85639
0.59032
0.51511
0.30522
0.27433
0.19635
0.20870
0.75043
0.76745
0.36739
0.37968
0.68563
0.63090
0.97763
0.97614
0.34068
0.36317
0.25814
0.40863
0.40116
0.45316
0.41423
0.55057
0.58189
0.60633
0.38286
0.49281
0.29791
0.26928
0.60549
0.59106
0.39481
0.39494
0.88404
0.88277
0.23686
0.24907
0.40055
0.30955
0.37427
0.34250
0.34729
0.79319
0.70745
0.65643
0.75089
0.75502
0.26947
0.25944
0.27579
0.27782
0.41979
0.39093
0.82643
0.87570
0.28670
0.27752
0.21968
0.22942
0.37099
0.36034
0.29748
0.26185
0.33122
0.32433
0.61130
0.71066
0.92395
0.67804
0.84383
0.82820
0.57520
0.48412
0.24029
0.23875
0.34516
0.68041
0.21935
0.25200
0.28510
0.29071
0.31862
0.32568
0.28384
0.32126
0.24712
0.24097
0.32348
0.34241
0.28173
0.26779
0.18245
0.17745
0.34849
0.35322
0.39471
0.36356
0.73317
0.84189
0.34869
0.37992
0.28032
0.26440
0.35021
0.29416
0.44930
0.46533
0.34881
0.41745
0.73947
0.68262
0.50339
0.56054
0.33297
0.36433
0.21992
0.22098
0.64869
0.45544
0.17006
0.14772
0.53181
0.47806
0.87778
0.60967
0.23429
0.23918
0.30259
0.29187
0.61213
0.63817
0.26593
0.31980
0.34710
0.33991
0.33708
0.22172
0.67412
0.73296
0.35528
0.33265
0.42931
0.42226
0.26922
0.26124
0.88773
0.89830
0.81253
0.37398
0.13221
0.13679
0.59765
0.34429
0.15491
0.11153
0.34366
0.34698
0.24956
0.30714
0.33748
0.22115
0.30881
0.29854
0.84466
0.80570
0.36017
0.30345
0.87695
0.88186
0.60266
0.61989
0.26980
0.25526
0.31992
0.29601
0.29635
0.29930
0.21678
0.23451
0.30625
0.29321
0.46626
0.45638
0.31956
0.29340
0.40883
0.51813
0.34423
0.35885
0.35708
0.25658
0.21041
0.20977
0.33015
0.33304
0.49814
0.49677
0.93678
0.82529
0.37009
0.36152
0.15480
0.17742
0.56107
0.48060
0.24066
0.22508
0.24308
0.25698
0.34184
0.35179
0.69336
0.75057
0.30876
0.36119
0.30362
0.40306
0.38802
0.52727
0.92240
0.76168
0.34278
0.29006
0.26259
0.27800
0.36092
0.37004
0.62225
0.64963
0.84148
0.86993
0.68499
0.37889
0.36996
0.29718
0.36767
0.36754
0.44307
0.40803
0.33717
0.38557
0.64096
0.37713
0.38657
0.36875
0.28677
0.28843
0.28643
0.29192
0.30705
0.34613
0.93023
0.94217
0.88427
0.93514
0.79025
0.79497
0.35132
0.37763
0.39900
0.41044
0.30504
0.28656
0.36060
0.31999
0.65893
0.26646
0.37377
0.34175
0.73635
0.74644
0.28330
0.25450
0.27709
0.28794
0.28098
0.28307
0.40052
0.41182
0.77182
0.76783
0.28691
0.26673
0.38851
0.36121
0.28452
0.35652
0.21515
0.20547
0.28289
0.23066
0.40803
0.41940
0.60077
0.57377
0.80549
0.79061
0.36973
0.38210
0.26790
0.28802
0.33592
0.28846
0.34163
0.35516
0.30743
0.31410
0.40315
0.34732
0.36522
0.37981
0.61754
0.57291
0.35715
0.36564
0.39752
0.42200
0.66023
0.75160
0.28148
0.31951
0.74225
0.68531
0.54775
0.35418
0.55878
0.69533
0.26659
0.26266
0.93265
0.94652
0.54028
0.49454
0.38350
0.39077
0.29094
0.29066
0.20239
0.15257
0.35741
0.22661
0.20886
0.22236
0.36934
0.39788
0.33582
0.39213
0.82323
0.60548
0.23573
0.24328
0.21500
0.20719
0.87296
0.90366
0.27929
0.32418
0.76672
0.75162
0.67756
0.70901
0.44944
0.49468
0.97809
0.96505
0.49694
0.46874
0.43159
0.41397
0.69823
0.74169
0.34675
0.31862
0.34534
0.39529
0.98434
0.91560
0.69355
0.82169
0.37466
0.27983
0.65604
0.57382
0.90940
0.89363
0.95569
0.96958
0.57281
0.48741
0.22021
0.22810
0.22001
0.20916
0.38678
0.39086
0.40563
0.48323
0.59439
0.48358
0.34206
0.30653
0.41406
0.39726
0.33545
0.33896
0.60560
0.99584
0.56304
0.31556
0.45828
0.61873
0.09035
0.08183
0.30933
0.24041
0.67822
0.66111
0.34103
0.34460
0.99333
0.89184
0.30615
0.32468
0.29399
0.28643
0.27967
0.35548
0.95815
0.95250
0.33652
0.31931
0.43556
0.43489
0.31601
0.29619
0.27084
0.31066
0.37963
0.33308
0.28977
0.61860
0.37845
0.46635
0.60916
0.64249
0.29952
0.29174
0.98140
0.97785
0.90380
0.88531
0.33541
0.40019
0.32650
0.31426
0.31596
0.36017
0.27194
0.24073
0.30353
0.28753
0.89508
0.89632
0.86278
0.86731
0.42194
0.72565
0.30600
0.33307
0.31836
0.43961
0.46216
0.45602
0.79042
0.80751
0.64754
0.65207
0.70557
0.69501
0.88462
0.89167
0.25045
0.22793
0.56638
0.77508
0.29404
0.24631
0.48595
0.45531
0.42946
0.50650
0.34850
0.32602
0.20296
0.23196
0.20777
0.20408
0.88593
0.88982
0.29007
0.30850
0.37785
0.39259
0.29730
0.25954
0.21460
0.22654
0.27945
0.29511
0.78125
0.73744
0.26785
0.25950
0.33056
0.33115
0.87016
0.27860
0.38843
0.36408
0.30258
0.29684
0.25340
0.29163
0.32115
0.35587
0.26641
0.30822
0.14661
0.10301
0.87266
0.85073
0.39413
0.34497
0.60897
0.63408
0.26285
0.25741
0.29686
0.29269
0.38404
0.58229
0.16049
0.16983
0.27493
0.25272
0.98251
0.97817
0.55389
0.58219
0.56998
0.76189
0.22570
0.25691
0.25453
0.24019
0.51850
0.45507
0.33853
0.35390
0.21654
0.22467
0.34731
0.33001
0.18240
0.18856
0.18738
0.20712
0.25260
0.34671
0.68833
0.37779
0.21900
0.23158
0.25364
0.27773
0.49779
0.53507
0.97355
0.97960
0.32267
0.33573
0.70439
0.69422
0.28578
0.25780
0.63232
0.61640
0.33642
0.39456
0.27286
0.29221
0.85194
0.61804
0.22200
0.39321
0.24118
0.21747
0.30590
0.28538
0.67669
0.66354
0.25100
0.28451
0.25145
0.19819
0.19838
0.20053
0.39275
0.37392
0.84580
0.95115
0.39950
0.34677
0.36988
0.32124
0.37683
0.38279
0.29481
0.28211
0.25376
0.24200
0.17263
0.25191
0.40469
0.44210
0.42776
0.39511
0.17637
0.17262
0.34540
0.28305
0.25575
0.25275
0.62286
0.61493
0.46215
0.59047
0.54392
0.64425
0.80696
0.43306
0.18901
0.20700
0.29763
0.29707
0.45728
0.44124
0.32103
0.25586
0.18715
0.20574
0.42416
0.51820
0.44430
0.41920
0.27915
0.31497
0.30101
0.26872
0.15756
0.22494
0.61670
0.49913
0.65707
0.62558
0.24101
0.21962
0.83255
0.84979
0.30520
0.28882
0.85962
0.87520
0.29185
0.26051
0.17754
0.14979
0.63705
0.61470
0.34049
0.32582
0.37753
0.30732
0.28329
0.26331
0.31453
0.32012
0.42018
0.42413
0.44340
0.48256
0.32996
0.32030
0.30315
0.40460
0.88698
0.82066
0.77150
0.82587
0.33788
0.36928
0.43447
0.42801
0.91523
0.92482
0.32357
0.29941
0.65786
0.66207
0.37324
0.37522
0.32670
0.31003
0.81106
0.84973
0.51698
0.39297
0.99889
0.99567
0.30867
0.31136
0.19576
0.26127
0.35571
0.35819
0.26994
0.22098
0.25120
0.26676
0.32694
0.31765
0.27140
0.25349
0.34405
0.61522
0.34506
0.33117
0.44486
0.42091
0.25309
0.30533
0.27281
0.27812
0.15331
0.19436
0.21819
0.25222
0.29729
0.28833
0.47512
0.77750
0.72583
0.83203
0.62382
0.51588
0.28101
0.24383
0.22785
0.24366
0.34332
0.38285
0.99674
0.91314
0.99455
0.99033
0.22642
0.18818
0.19883
0.22082
0.32224
0.30706
0.37413
0.38352
0.83964
0.80413
0.13058
0.14498
0.29020
0.27090
0.92545
0.92793
0.39264
0.34830
0.33789
0.37983
0.23049
0.24233
0.75340
0.66506
0.99386
0.98786
0.57423
0.55092
0.25566
0.25186
0.98586
0.98060
0.44927
0.39465
0.25326
0.24673
0.40394
0.41466
0.36271
0.36213
0.29425
0.31963
0.33376
0.33744
0.25758
0.23105
0.45864
0.42252
0.24376
0.20784
0.36904
0.38954
0.32351
0.34575
0.35353
0.34476
0.38559
0.31518
0.33161
0.32481
0.30947
0.30016
0.51756
0.43550
0.23079
0.23752
0.21054
0.23676
0.24489
0.26837
0.26984
0.32552
0.33602
0.25588
0.20944
0.19018
0.50035
0.35225
0.39603
0.43133
0.69000
0.43750
0.26158
0.21483
0.28840
0.27185
0.14640
0.21192
0.96835
0.86946
0.43981
0.34660
0.37361
0.33681
0.25120
0.28859
0.33651
0.40964
0.18712
0.18919
0.31746
0.31210
0.37896
0.34855
0.26198
0.24019
0.36763
0.31859
0.27692
0.28350
0.59792
0.61770
0.34253
0.37267
0.33357
0.37280
0.31484
0.30367
0.54057
0.55662
0.31829
0.29519
0.59433
0.78406
0.37939
0.34153
0.35108
0.31705
0.34616
0.34855
0.18529
0.15461
0.35753
0.52562
0.14827
0.15726
0.28644
0.30794
0.24512
0.26619
0.32677
0.33976
0.31211
0.32067
0.39240
0.38534
0.30718
0.28444
0.51108
0.53752
0.23936
0.21006
0.21223
0.18064
0.26583
0.27470
0.50462
0.70053
0.36737
0.32259
0.60307
0.60825
0.43019
0.40851
0.32338
0.30668
0.44514
0.67911
0.25585
0.25926
0.30143
0.31263
0.21020
0.18652
0.71282
0.70985
0.17480
0.16474
0.52484
0.49163
0.22817
0.18685
0.35190
0.35393
0.35833
0.34770
0.34088
0.32168
0.57970
0.55449
0.33823
0.33312
0.37041
0.41472
0.25892
0.27399
0.36008
0.41889
0.28431
0.28526
0.49057
0.60166
0.43345
0.39771
0.29334
0.29967
0.53047
0.56762
0.26495
0.29631
0.28775
0.27811
0.21249
0.19961
0.31849
0.34250
0.35731
0.41157
0.34192
0.33411
0.72198
0.71913
0.65449
0.67936
0.74937
0.74264
0.21713
0.22537
0.35774
0.37108
0.83363
0.83934
0.35938
0.34072
0.41125
0.39763
0.79269
0.79057
0.25774
0.28538
0.28290
0.28775
0.32677
0.30534
0.28673
0.19883
0.75310
0.74371
0.46987
0.47577
0.25255
0.28439
0.29849
0.28287
0.28116
0.31635
0.20559
0.23085
0.94246
0.94752
0.42065
0.36638
0.36312
0.47023
0.56804
0.56963
0.38839
0.38720
0.80060
0.65438
0.91896
0.64231
0.49581
0.23804
0.31414
0.29790
0.23364
0.20755
0.41706
0.37628
0.28597
0.25842
0.50749
0.51906
0.21777
0.20512
0.28011
0.26511
0.20844
0.23334
0.20234
0.24231
0.17408
0.15992
0.22973
0.24200
0.60893
0.19311
0.95855
0.96239
0.54070
0.53081
0.23315
0.25565
0.50605
0.34647
0.44865
0.42944
0.30971
0.31314
0.31656
0.32267
0.41939
0.60869
0.17981
0.25110
0.28029
0.18399
0.78311
0.78779
0.36144
0.35311
0.26340
0.30972
0.32219
0.27319
0.16618
0.22081
0.53814
0.47824
0.46894
0.42230
0.34094
0.35014
0.93901
0.98848
0.60572
0.74128
0.60084
0.61840
0.39576
0.33320
0.17174
0.18515
0.32359
0.27584
0.28053
0.29507
0.36646
0.32292
0.35512
0.35219
0.27680
0.27343
0.34915
0.22135
0.26331
0.28693
0.23722
0.23894
0.21588
0.23549
0.33331
0.33596
0.20931
0.22006
0.21248
0.20632
0.38238
0.36600
0.32525
0.32555
0.26374
0.24830
0.71848
0.89483
0.32691
0.39246
0.28305
0.28913
0.44660
0.41131
0.53524
0.54531
0.22847
0.21283
0.37725
0.42425
0.96534
0.84288
0.32494
0.39114
0.30527
0.28830
0.29833
0.30716
0.24694
0.22238
0.59580
0.47408
0.60185
0.54914
0.98824
0.98764
0.50578
0.68901
0.35201
0.35507
0.62586
0.94355
0.55324
0.50144
0.57551
0.62479
0.34700
0.35601
0.60701
0.54462
0.42805
0.42734
0.25617
0.27565
0.80248
0.98786
0.96137
0.94722
0.20729
0.23851
0.61789
0.60302
0.39900
0.34337
0.87552
0.83818
0.30301
0.30300
0.24374
0.26314
0.26656
0.24950
0.31425
0.32015
0.48040
0.45848
0.67079
0.70709
0.34384
0.33978
0.21551
0.17427
0.28543
0.26192
0.80132
0.78399
0.31653
0.34181
0.24821
0.24768
0.25059
0.29685
0.16820
0.17418
0.29535
0.35136
0.55687
0.42645
0.30139
0.31986
0.67941
0.67136
0.59406
0.60259
0.19308
0.20963
0.27519
0.26288
0.31504
0.35164
0.23245
0.28581
0.24487
0.28651
0.95681
0.91541
0.89177
0.81516
0.24613
0.24188
0.76260
0.71482
0.51562
0.49550
0.27280
0.25659
0.24442
0.24315
0.35846
0.29542
0.18323
0.21059
0.26269
0.36185
0.34675
0.39718
0.23021
0.27085
0.30382
0.30084
0.88273
0.77069
0.34929
0.36991
0.49438
0.42588
0.27632
0.29837
0.20331
0.21126
0.27578
0.26172
0.32661
0.31264
0.22704
0.23619
0.24000
0.23956
0.33932
0.32358
0.56547
0.39799
0.41294
0.38072
0.47162
0.44180
0.54941
0.53105
0.40312
0.41739
0.27243
0.27130
0.55720
0.46678
0.27601
0.26433
0.19444
0.20408
0.30164
0.33195
0.20512
0.22175
0.23149
0.21418
0.32702
0.36773
0.53427
0.69746
0.36662
0.38292
0.34981
0.35162
0.41269
0.45433
0.79768
0.80845
0.30897
0.31880
0.64345
0.71895
0.31762
0.23430
0.21707
0.20228
0.29901
0.30203
0.65778
0.61780
0.77755
0.84668
0.31811
0.40254
0.30005
0.40437
0.56782
0.95383
0.49812
0.57941
0.32373
0.39426
0.15869
0.14581
0.31174
0.31411
0.53567
0.48368
0.40608
0.39549
0.26903
0.26532
0.19487
0.19725
0.62084
0.57686
0.47181
0.69400
0.24919
0.25522
0.56046
0.55482
0.41482
0.39264
0.28488
0.24544
0.19951
0.19288
0.60131
0.57080
0.88887
0.86766
0.98670
0.98950
0.31811
0.34096
0.41425
0.34875
0.64263
0.51230
0.40727
0.35991
0.26044
0.20029
0.14369
0.14811
0.44829
0.43595
0.72938
0.74541
0.28905
0.32325
0.30590
0.31632
0.22495
0.22902
0.20251
0.22907
0.31478
0.30288
0.50729
0.51398
0.86012
0.82925
0.25177
0.24037
0.27144
0.29172
0.48808
0.46024
0.25527
0.31533
0.33738
0.32452
0.24816
0.23703
0.58588
0.56202
0.33226
0.29622
0.94668
0.73536
0.97469
0.99571
0.52363
0.55112
0.31393
0.27371
0.38276
0.39438
0.25152
0.25741
0.36294
0.30105
0.28307
0.26811
0.42389
0.44115
0.29496
0.29329
0.97123
0.92295
0.20778
0.18274
0.31599
0.35529
0.29406
0.25220
0.43812
0.42125
0.23349
0.21825
0.45635
0.67296
0.28381
0.27450
0.29093
0.27434
0.35383
0.28183
0.30818
0.28451
0.30685
0.28291
0.31178
0.31189
0.57533
0.55316
0.25958
0.26113
0.36192
0.34888
0.40070
0.45116
0.18669
0.20028
0.38875
0.40374
0.31651
0.37015
0.46820
0.48941
0.83758
0.78499
0.46926
0.46197
0.33173
0.37314
0.29306
0.29428
0.67651
0.70032
0.36534
0.37835
0.31006
0.30234
0.36023
0.37808
0.31408
0.26328
0.41988
0.40721
0.48704
0.40374
0.18256
0.25563
0.70110
0.41429
0.29270
0.48572
0.95576
0.97342
0.30793
0.27170
0.53984
0.51495
0.16824
0.18385
0.23498
0.20417
0.24695
0.24029
0.19232
0.18715
0.28153
0.27229
0.37125
0.35792
0.50518
0.60947
0.28297
0.29268
0.31836
0.33999
0.75045
0.72600
0.26906
0.26950
0.26759
0.28091
0.37978
0.36214
0.26857
0.16354
0.37400
0.44283
0.62079
0.69557
0.28107
0.23644
0.30056
0.27057
0.68378
0.62841
0.44997
0.49134
0.57003
0.53273
0.80397
0.78854
0.18151
0.18398
0.83387
0.73810
0.25524
0.29896
0.35928
0.37567
0.58869
0.42896
0.54343
0.44398
0.23588
0.22909
0.34202
0.29183
0.44843
0.46490
0.56444
0.45027
0.24568
0.25116
0.43754
0.38573
0.71318
0.87169
0.36033
0.34521
0.53957
0.55568
0.25937
0.28396
0.61521
0.29047
0.19360
0.24335
0.25354
0.28586
0.27914
0.35601
0.88109
0.85868
0.66717
0.67067
0.25933
0.26578
0.23065
0.20784
0.67710
0.61323
0.21870
0.22772
0.28135
0.24031
0.60290
0.60087
0.27832
0.31525
0.39448
0.59110
0.38657
0.36728
0.32314
0.34574
0.45214
0.43789
0.27623
0.27683
0.87550
0.86578
0.99972
0.99971
0.39201
0.37237
0.36314
0.35523
0.25262
0.26278
0.21427
0.18503
0.61452
0.59162
0.32007
0.24590
0.50420
0.37535
0.85533
0.88506
0.33927
0.37946
0.26490
0.20962
0.12325
0.13605
0.50829
0.44583
0.27937
0.28954
0.28866
0.30792
0.98760
0.96192
0.42724
0.35221
0.35392
0.61883
0.14382
0.11762
0.49320
0.40164
0.57127
0.55041
0.30986
0.35846
0.24650
0.25970
0.32345
0.31042
0.60633
0.64696
0.29421
0.28587
0.39696
0.39041
0.25886
0.26532
0.30316
0.28435
0.32095
0.32410
0.22383
0.21281
0.27371
0.30428
0.48320
0.38239
0.24923
0.33281
0.27123
0.28028
0.27935
0.28299
0.21918
0.23772
0.34196
0.55515
0.98510
0.81844
0.29191
0.30733
0.26951
0.18433
0.97930
0.99156
0.32196
0.35066
0.30426
0.32995
0.92718
0.92326
0.55068
0.54165
0.16316
0.17009
0.67761
0.85447
0.37542
0.35449
0.29071
0.29192
0.65760
0.63866
0.40883
0.39133
0.27901
0.31246
0.97474
0.98282
0.71178
0.71221
0.40193
0.42147
0.53280
0.54700
0.35189
0.39297
0.56707
0.59427
0.18419
0.18422
0.25517
0.30194
0.94210
0.82301
0.47335
0.55705
0.30048
0.35632
0.38110
0.34531
0.24025
0.22518
0.22462
0.22433
0.44163
0.39923
0.70909
0.60128
0.55047
0.43610
0.89258
0.80700
0.27378
0.26780
0.19501
0.21854
0.44547
0.53871
0.98256
0.98368
0.71567
0.63196
0.27389
0.20144
0.19301
0.22494
0.34607
0.33503
0.27627
0.30137
0.88965
0.86898
0.26004
0.13275
0.73276
0.72148
0.41385
0.43205
0.29145
0.31949
0.41501
0.40343
0.38314
0.30675
0.25090
0.27568
0.62868
0.78354
0.29880
0.31254
0.54330
0.55610
0.31041
0.30151
0.42712
0.37588
0.29709
0.31175
0.25605
0.26470
0.67053
0.70029
0.63121
0.63005
0.39726
0.38829
0.64185
0.69939
0.34875
0.32633
0.93873
0.82178
0.91118
0.93384
0.26444
0.27124
0.38012
0.35813
0.73952
0.86772
0.54786
0.63234
0.37355
0.33017
0.30409
0.25656
0.51427
0.52288
0.24315
0.23190
0.32624
0.36115
0.52176
0.44721
0.38351
0.25835
0.24272
0.24927
0.34375
0.37302
0.55674
0.60402
0.47151
0.35072
0.25648
0.29316
0.46842
0.47968
0.21896
0.19576
0.81449
0.71745
0.22542
0.27195
0.30699
0.31949
0.24758
0.22476
0.20365
0.22181
0.64992
0.55385
0.46395
0.74518
0.40173
0.40849
0.44034
0.53997
0.28393
0.22094
0.34350
0.32973
0.42332
0.57960
0.27207
0.28143
0.68035
0.70125
0.34603
0.33808
0.35668
0.44492
0.33519
0.35785
0.89781
0.93174
0.21162
0.20255
0.98477
0.68860
0.23618
0.21705
0.51536
0.50722
0.33676
0.42951
0.88398
0.90865
0.84936
0.90630
0.41376
0.32771
0.60273
0.64903
0.99611
0.99210
0.26100
0.25022
0.25985
0.30454
0.30971
0.31209
0.25484
0.26437
0.30637
0.34916
0.20188
0.23182
0.27128
0.26806
0.47886
0.38339
0.92383
0.92166
0.90549
0.98611
0.25657
0.24284
0.26409
0.26328
0.71773
0.63689
0.27498
0.24389
0.76545
0.73882
0.22878
0.22671
0.29432
0.30836
0.98548
0.97948
0.28595
0.22874
0.38175
0.43965
0.36281
0.28187
0.46359
0.49343
0.66601
0.65130
0.13686
0.16538
0.37739
0.34584
0.25263
0.27451
0.31360
0.35231
0.23034
0.23226
0.64906
0.63537
0.98508
0.96758
0.29527
0.27853
0.25649
0.28483
0.63976
0.65211
0.62756
0.63289
0.71269
0.74061
0.61595
0.57876
0.64852
0.56862
0.59322
0.63752
0.59124
0.37600
0.38338
0.37208
0.24821
0.24508
0.22543
0.22214
0.29190
0.31001
0.23145
0.21771
0.71194
0.71674
0.30941
0.21440
0.33545
0.29321
0.31596
0.32585
0.53118
0.55350
0.26165
0.22688
0.29776
0.28747
0.34276
0.35791
0.76939
0.73629
0.18144
0.23286
0.83379
0.78661
0.27456
0.24227
0.29786
0.52483
0.83718
0.79975
0.28184
0.36869
0.69002
0.67429
0.38736
0.34012
0.22922
0.17818
0.72455
0.37367
0.25481
0.26968
0.69233
0.39483
0.37566
0.36214
0.32532
0.32142
0.26509
0.23009
0.29930
0.39539
0.61731
0.56590
0.63869
0.66832
0.15153
0.13821
0.37947
0.38729
0.12351
0.12428
0.26834
0.22904
0.30837
0.33928
0.21324
0.18558
0.28134
0.33129
0.33964
0.33089
0.73139
0.77412
0.10976
0.09724
0.21389
0.20502
0.34984
0.29637
0.67231
0.65946
0.20761
0.23061
0.53745
0.59381
0.34468
0.42917
0.44260
0.36975
0.42425
0.43348
0.35253
0.34870
0.43063
0.38587
0.24949
0.23688
0.71027
0.77270
0.37364
0.37292
0.36250
0.34196
0.14228
0.26197
0.41335
0.34780
0.46991
0.42629
0.20895
0.25172
0.22696
0.26013
0.48345
0.53739
0.96051
0.96651
0.30896
0.27344
0.38520
0.39602
0.36502
0.40300
0.24374
0.21887
0.43350
0.46663
0.36350
0.32424
0.21173
0.20387
0.59775
0.39259
0.16800
0.18888
0.19069
0.19718
0.32974
0.31898
0.10663
0.03014
0.27101
0.26922
0.31217
0.41524
0.39793
0.37423
0.70202
0.66964
0.23271
0.21840
0.34028
0.26192
0.24742
0.23089
0.17086
0.19449
0.35263
0.29900
0.66149
0.65244
0.38826
0.37177
0.94989
0.89707
0.36975
0.43984
0.71937
0.63848
0.43160
0.45514
0.90592
0.89952
0.45635
0.58066
0.22635
0.22168
0.33634
0.33056
0.24719
0.28329
0.37674
0.37214
0.28859
0.30461
0.69744
0.62138
0.59898
0.42527
0.36111
0.35393
0.35663
0.36356
0.31078
0.22693
0.61245
0.60801
0.25786
0.21484
0.21344
0.20586
0.32493
0.32941
0.36756
0.33367
0.41590
0.27853
0.42046
0.44042
0.23024
0.16836
0.47322
0.46548
0.86385
0.77988
0.64411
0.56039
0.36273
0.32019
0.17324
0.18522
0.29555
0.27915
0.99543
0.95711
0.31804
0.39421
0.31278
0.30112
0.33177
0.30468
0.82980
0.82280
0.91486
0.90946
0.33939
0.26012
0.43078
0.70380
0.30916
0.32636
0.32586
0.35275
0.79377
0.79630
0.37522
0.41149
0.22268
0.25042
0.99565
0.99523
0.58128
0.50628
0.35379
0.24909
0.22338
0.22429
0.63772
0.50322
0.54658
0.79941
0.26668
0.25036
0.50660
0.56914
0.65700
0.66251
0.60638
0.40090
0.65820
0.57053
0.29375
0.30533
0.37381
0.32700
0.33744
0.34215
0.33449
0.30617
0.27285
0.23398
0.58351
0.58968
0.34001
0.41715
0.25232
0.24809
0.32657
0.36203
0.33053
0.33753
0.36644
0.35986
0.35301
0.30788
0.64785
0.37026
0.40940
0.33256
0.53274
0.56561
0.40759
0.30468
0.44674
0.37346
0.31316
0.28904
0.24252
0.23944
0.44741
0.59453
0.28900
0.28379
0.39948
0.34302
0.66003
0.45309
0.22563
0.25006
0.99711
0.99586
0.20167
0.17006
0.97575
0.98943
0.28661
0.27619
0.20819
0.23518
0.85971
0.88071
0.33478
0.36222
0.25045
0.24663
0.72464
0.73782
0.33545
0.33803
0.31865
0.38985
0.97228
0.96277
0.49452
0.58998
0.19825
0.22652
0.18987
0.13746
0.39392
0.39283
0.66286
0.68593
0.43764
0.42308
0.42412
0.39516
0.30644
0.28757
0.41375
0.42098
0.62433
0.65139
0.18864
0.19633
0.31780
0.28166
0.46992
0.45394
0.34601
0.32015
0.14865
0.24559
0.45269
0.44282
0.27597
0.28747
0.20898
0.21008
0.83902
0.30284
0.29431
0.29509
0.26632
0.26015
0.27507
0.26167
0.14413
0.14750
0.37482
0.44856
0.51659
0.74344
0.39783
0.37697
0.32683
0.32917
0.58869
0.33836
0.30388
0.28898
0.16364
0.23845
0.32480
0.30124
0.31394
0.29916
0.74391
0.61734
0.22741
0.10033
0.37231
0.32798
0.30196
0.29552
0.45791
0.32242
0.32629
0.29850
0.40616
0.16367
0.25993
0.26367
0.35191
0.41220
0.93247
0.94364
0.28309
0.48160
0.60709
0.61107
0.55730
0.57311
0.71767
0.71079
0.23405
0.20894
0.42782
0.36529
0.38134
0.39451
0.45051
0.46141
0.40360
0.37086
0.46037
0.43781
0.97327
0.97727
0.57311
0.65599
0.27441
0.27425
0.23341
0.23910
0.19489
0.20789
0.28828
0.28910
0.96551
0.93967
0.90635
0.93761
0.53327
0.48610
0.20305
0.21567
0.44674
0.41177
0.38655
0.42272
0.27524
0.32687
0.52318
0.55750
0.26588
0.26198
0.32983
0.36825
0.40569
0.48165
0.30027
0.30626
0.23370
0.22470
0.88070
0.88761
0.32957
0.30829
0.25772
0.31898
0.35809
0.43065
0.62700
0.61550
0.17952
0.24126
0.91953
0.91151
0.53019
0.49503
0.36515
0.34045
0.55804
0.52405
0.27114
0.26395
0.20252
0.19410
0.38723
0.38330
0.30214
0.28380
0.28302
0.32874
0.45549
0.44699
0.36113
0.33625
0.28418
0.29253
0.37347
0.39082
0.23018
0.21887
0.88601
0.89462
0.24907
0.26220
0.32954
0.62265
0.30770
0.20195
0.78496
0.76724
0.46150
0.42503
0.22602
0.21479
0.84929
0.91099
0.42999
0.42822
0.26835
0.27884
0.19961
0.20327
0.24773
0.27795
0.43891
0.62457
0.34331
0.33984
0.24518
0.24628
0.84262
0.80810
0.12048
0.20654
0.97974
0.98166
0.57227
0.69136
0.64839
0.67696
0.48573
0.41555
0.18967
0.20226
0.19610
0.26867
0.91835
0.90044
0.21445
0.24262
0.72645
0.73127
0.26662
0.26847
0.23454
0.19678
0.43444
0.43623
0.18355
0.22324
0.30121
0.31439
0.35728
0.36699
0.37640
0.37672
0.89411
0.79865
0.52546
0.51410
0.29216
0.27119
0.29738
0.24192
0.83824
0.81544
0.22857
0.24033
0.36472
0.39629
0.51194
0.55044
0.70484
0.50950
0.22843
0.21832
0.23522
0.29274
0.29879
0.38069
0.11386
0.16447
0.69051
0.62550
0.15408
0.11659
0.84304
0.85028
0.36834
0.52525
0.42660
0.32257
0.52858
0.40157
0.30244
0.30120
0.29482
0.33636
0.22713
0.20671
0.38195
0.38394
0.45267
0.48397
0.28577
0.25689
0.32384
0.35273
0.36875
0.35130
0.71781
0.64833
0.38412
0.39724
0.22146
0.25573
0.29064
0.18965
0.42085
0.41944
0.93467
0.88028
0.21062
0.20235
0.33797
0.36052
0.62082
0.49548
0.13501
0.18203
0.28274
0.28342
0.24666
0.25157
0.11862
0.12631
0.24501
0.26206
0.37038
0.30529
0.89029
0.90108
0.22087
0.22466
0.82061
0.84281
0.69960
0.82802
0.47352
0.55519
0.36503
0.39816
0.71172
0.68992
0.28385
0.28020
0.35113
0.36642
0.88029
0.87524
0.22919
0.22488
0.28346
0.29570
0.96633
0.95762
0.15375
0.16683
0.37801
0.40617
0.63628
0.64081
0.29050
0.28755
0.30669
0.31054
0.25768
0.26023
0.72916
0.54191
0.38708
0.39565
0.75200
0.74627
0.27343
0.23595
0.36037
0.30589
0.53716
0.85395
0.23233
0.26062
0.20864
0.24984
0.29004
0.29606
0.60112
0.61092
0.34662
0.21641
0.15968
0.15999
0.96802
0.72252
0.25075
0.25499
0.83902
0.30284
0.19428
0.24036
0.23988
0.23201
0.22950
0.21221
0.32312
0.32116
0.30343
0.34156
0.16494
0.18627
0.97909
0.79700
0.39667
0.38099
0.23230
0.25447
0.91059
0.90832
0.24980
0.27729
0.32693
0.33601
0.30836
0.32561
0.22907
0.20223
0.75928
0.71703
0.49029
0.44994
0.24373
0.26743
0.20081
0.18658
0.22123
0.20593
0.25270
0.25398
0.55083
0.43289
0.30896
0.32539
0.25370
0.26533
0.25928
0.25881
0.30589
0.30947
0.20492
0.24902
0.32128
0.30083
0.41225
0.49378
0.55075
0.58535
0.31960
0.36211
0.39072
0.42333
0.31065
0.27601
0.21924
0.24100
0.62889
0.64519
0.47326
0.77785
0.25389
0.21903
0.36363
0.36496
0.27664
0.26698
0.37741
0.38743
0.32569
0.36153
0.27364
0.25726
0.36103
0.29640
0.31688
0.30502
0.74712
0.73011
0.21515
0.19536
0.92312
0.98122
0.22482
0.41450
0.34868
0.36678
0.35137
0.38797
0.41635
0.41548
0.72472
0.76757
0.26286
0.26062
0.29478
0.29200
0.57697
0.59457
0.20399
0.19861
0.31159
0.31974
0.98445
0.96970
0.41539
0.33333
0.42997
0.38580
0.34328
0.34653
0.34630
0.36975
0.33586
0.35601
0.47125
0.73529
0.25877
0.28850
0.30314
0.23121
0.15588
0.16567
0.28395
0.28055
0.48121
0.37454
0.99721
0.99896
0.31510
0.31235
0.35460
0.35202
0.29427
0.28278
0.33795
0.31020
0.21619
0.21103
0.19006
0.15650
0.74786
0.70041
0.22103
0.24248
0.35399
0.38713
0.22349
0.19579
0.49876
0.43464
0.57943
0.58482
0.31172
0.29243
0.31985
0.29923
0.49250
0.42683
0.32348
0.22953
0.88349
0.84903
0.45223
0.45885
0.28939
0.26436
0.23239
0.24875
0.58291
0.68185
