0.04806
0.04961
0.98858
0.97322
0.11772
0.12320
0.04871
0.07437
0.13374
0.14467
0.15430
0.12139
0.99971
0.99924
0.17182
0.20045
0.21160
0.18783
0.04644
0.03329
0.03960
0.04436
0.15384
0.14155
0.13232
0.13407
0.02780
0.04449
0.10472
0.09424
0.21050
0.17148
0.23575
0.20957
0.06001
0.05397
0.72712
0.77452
0.13799
0.12469
0.16109
0.11287
0.11548
0.14160
0.14930
0.17284
0.99805
0.99801
0.17289
0.19417
0.20809
0.20524
0.10735
0.09860
0.07034
0.06303
0.06338
0.07142
0.11789
0.14722
0.03639
0.02938
0.06129
0.07040
0.10161
0.14551
0.06920
0.04849
0.25586
0.22664
0.99992
0.99995
0.11367
0.10535
0.04414
0.04630
0.08495
0.10767
0.06586
0.06487
