0.15078
0.10265
0.21897
0.21752
0.13371
0.13590
0.54086
0.61703
0.74314
0.52144
0.62825
0.63591
0.36348
0.34692
0.30377
0.36289
0.24376
0.25471
0.14647
0.16527
0.14689
0.11905
0.99436
0.98208
0.99967
0.99972
0.56613
0.53929
0.37155
0.45668
0.52649
0.94518
0.24163
0.23880
0.63252
0.59989
0.79462
0.72308
0.19752
0.17964
0.24547
0.21380
0.14685
0.19241
0.96963
0.90764
0.09103
0.08292
0.09142
0.08816
0.10508
0.10102
0.25723
0.22119
0.82691
0.94879
0.26161
0.26783
0.14032
0.15620
0.10668
0.07792
0.16547
0.16948
0.60053
0.59248
0.34386
0.33711
0.12505
0.32513
0.24355
0.24971
0.91185
0.97207
0.16863
0.15472
0.14886
0.26636
0.76590
0.78726
0.99252
0.99231
0.44138
0.45057
0.17638
0.23205
0.52756
0.41375
0.61669
0.61123
0.31115
0.30680
0.31332
0.36203
0.28800
0.33337
0.32834
0.30810
0.32231
0.35311
0.47572
0.41424
0.98244
0.97603
0.32371
0.35482
0.24101
0.18659
0.09631
0.10912
0.10856
0.09149
0.03747
0.05150
0.10764
0.10837
0.61710
0.78090
0.15833
0.18023
0.16538
0.16605
0.31205
0.31872
0.56602
0.70436
0.32148
0.28957
0.50788
0.55747
0.87962
0.87395
0.27175
0.22665
0.18665
0.17513
0.71848
0.59741
0.22817
0.27951
0.06059
0.07136
0.17708
0.17237
0.39650
0.32400
0.60851
0.63193
0.35468
0.34910
0.99458
0.99673
0.39373
0.38953
0.35627
0.44211
0.80941
0.81253
0.18454
0.15224
0.27365
0.23976
0.16828
0.16550
0.52281
0.57087
0.96412
0.97172
0.09797
0.10874
0.20021
0.22839
0.54078
0.45212
0.36772
0.34486
0.32202
0.36896
0.70439
0.69065
0.90284
0.94394
0.96525
0.96789
0.17027
0.21568
0.41829
0.39844
0.99984
0.99982
0.17628
0.10069
0.06908
0.07364
0.72928
0.71876
0.19203
0.17229
0.30689
0.31403
0.45464
0.37867
0.17401
0.21971
0.24115
0.19829
0.17699
0.22713
0.36743
0.44281
0.34860
0.36692
0.43200
0.60835
0.38817
0.39649
0.31661
0.32423
0.36649
0.22931
0.60627
0.57049
0.24848
0.24681
0.95496
0.87861
0.35784
0.37839
0.07673
0.06912
0.20747
0.22242
0.88994
0.89219
0.23830
0.30203
0.14664
0.15672
0.20523
0.14980
0.30053
0.31959
0.76808
0.74676
0.52203
0.77550
0.73095
0.72936
0.90831
0.94943
0.07437
0.06978
0.25531
0.28567
0.22427
0.21904
0.13130
0.09780
0.99142
0.99193
0.81678
0.81641
0.67207
0.64647
0.10663
0.18913
0.21661
0.19501
0.58306
0.61819
0.10267
0.10338
0.63689
0.63071
0.35228
0.34054
0.38508
0.60057
0.17727
0.12662
0.39091
0.30792
0.72647
0.69524
0.95275
0.41091
0.18295
0.17282
0.20667
0.17980
0.48145
0.56755
0.22452
0.22255
0.31253
0.30606
0.42677
0.51044
0.43849
0.52528
0.72622
0.68743
0.61007
0.67456
0.82381
0.78097
0.47314
0.46900
0.19812
0.19198
0.23059
0.21809
0.18182
0.23630
0.28375
0.30533
0.16744
0.14971
0.14735
0.18119
0.81346
0.85803
0.08747
0.23534
0.20505
0.24350
0.53985
0.53181
0.25633
0.26695
0.43623
0.46731
0.49640
0.46474
0.12629
0.14456
0.20226
0.17943
0.33022
0.29536
0.72510
0.79564
0.08073
0.05924
0.38286
0.46125
0.87790
0.85392
0.28338
0.29523
0.28486
0.16165
0.28788
0.37549
0.99856
0.99842
0.29490
0.32890
0.09822
0.20597
0.17917
0.17767
0.81159
0.81179
0.39836
0.35010
0.17103
0.17382
0.31657
0.34829
0.28503
0.31745
0.23634
0.26517
0.13253
0.13177
0.15650
0.13764
0.14693
0.17108
0.17478
0.33752
0.19063
0.19464
0.93482
0.91528
0.33962
0.36579
0.44011
0.40447
0.14972
0.15254
0.18641
0.15453
0.98039
0.98048
0.87500
0.89052
0.34817
0.50076
0.32060
0.22753
0.33873
0.33742
0.77823
0.77508
0.29035
0.35618
0.30956
0.32970
0.11595
0.11459
0.72841
0.73247
0.83305
0.85633
0.31286
0.27003
0.97588
0.96378
0.17909
0.20033
0.68725
0.54215
0.15142
0.14297
0.39168
0.36571
0.13019
0.12922
0.14923
0.16818
0.39801
0.50262
0.32610
0.33108
0.87675
0.90993
0.17395
0.18524
0.58642
0.49787
0.29840
0.40636
0.30313
0.26231
0.43101
0.56506
0.25688
0.44708
0.21914
0.22992
0.48343
0.55529
0.33865
0.31673
0.98269
0.98675
0.26088
0.35654
0.99612
0.99554
0.86661
0.87234
0.21481
0.29205
0.29030
0.33151
0.27529
0.27813
0.88160
0.88998
0.25716
0.33922
0.55056
0.63222
0.37225
0.44252
0.32420
0.28364
0.17547
0.12709
0.30548
0.38518
0.37472
0.33043
0.82563
0.89244
0.33450
0.36603
0.16280
0.17538
0.05701
0.05297
0.11496
0.09300
0.68567
0.65107
0.13397
0.12925
0.08337
0.10427
0.26417
0.27058
0.30522
0.37708
0.17880
0.16088
0.27947
0.27697
0.21054
0.21412
0.30217
0.47375
0.37456
0.32652
0.42833
0.66138
0.20532
0.19124
0.40708
0.29614
0.68247
0.52216
0.23836
0.25411
0.38358
0.42026
0.27514
0.27765
0.15866
0.19842
0.67671
0.68166
0.50639
0.45869
0.65173
0.73681
0.66355
0.37896
0.68653
0.79522
0.34431
0.29255
0.98992
0.98787
0.24892
0.23951
0.33774
0.34276
0.21789
0.21006
0.24000
0.23776
0.41495
0.56819
0.20898
0.22388
0.10016
0.08022
0.12545
0.13155
0.16915
0.20406
0.14469
0.15609
0.26874
0.23362
0.16073
0.12981
0.18541
0.16381
0.27034
0.31115
0.17623
0.15338
0.49764
0.60350
0.99952
0.99959
0.70770
0.71611
0.13793
0.14798
0.58115
0.47818
0.43724
0.30455
0.87183
0.92948
0.59456
0.37934
0.15913
0.14250
0.20111
0.20147
0.23516
0.23244
0.89594
0.88495
0.08907
0.08628
0.28248
0.34682
0.99512
0.99520
0.44270
0.43181
0.56365
0.61042
0.06628
0.07440
0.10300
0.08712
0.17774
0.12568
0.32595
0.29578
0.25287
0.27308
0.95049
0.99540
0.93142
0.74380
0.65157
0.63054
0.13344
0.13867
0.24217
0.26954
0.09517
0.16084
0.30772
0.23501
0.38433
0.38799
0.35880
0.39778
0.50452
0.36267
0.72085
0.76850
0.25380
0.35758
0.33863
0.48305
0.32705
0.37209
0.20488
0.18208
0.58965
0.66918
0.12169
0.14501
0.11250
0.09796
0.16640
0.16996
0.64323
0.32161
0.17889
0.13700
0.33002
0.46414
0.49785
0.46867
0.43956
0.37334
0.34943
0.31543
0.37884
0.47437
0.36959
0.44801
0.96057
0.97930
0.20617
0.19642
0.96749
0.96304
0.23584
0.93657
0.09384
0.09996
0.23966
0.26413
0.23567
0.26945
0.27190
0.27164
0.42170
0.33453
0.67511
0.68707
0.31836
0.30096
0.35803
0.38734
0.20964
0.21876
0.12672
0.15827
0.19756
0.14145
0.87770
0.86684
0.75812
0.73285
0.47731
0.85175
0.22721
0.20661
0.70473
0.70441
0.25525
0.24840
0.79884
0.83465
0.86045
0.88246
0.12697
0.14879
0.13644
0.13752
0.29985
0.28181
0.66338
0.67076
0.17197
0.15018
0.11308
0.12510
0.60853
0.33111
0.12692
0.16084
0.19684
0.14325
0.38617
0.42823
0.24995
0.21196
0.84149
0.86472
0.91108
0.95751
0.42166
0.46227
0.28799
0.30591
0.29191
0.29086
0.03251
0.03957
0.32420
0.29852
0.16819
0.16400
0.25552
0.34006
0.29675
0.42531
0.86770
0.87082
0.09377
0.18928
0.54074
0.54665
0.11256
0.11620
0.85919
0.84976
0.59369
0.53032
0.27667
0.29167
0.28330
0.20736
0.25437
0.34070
0.64235
0.68144
0.31821
0.28179
0.23955
0.29376
0.62587
0.60861
0.15030
0.13758
0.21828
0.22989
0.41225
0.46017
0.25043
0.29773
0.08198
0.14230
0.98276
0.98067
0.12635
0.12596
0.16284
0.13955
0.86179
0.91898
0.03575
0.03507
0.97676
0.96146
0.34923
0.34557
0.21722
0.23259
0.09167
0.09357
0.22436
0.22470
0.29657
0.32184
0.77200
0.77963
0.56681
0.69364
0.25162
0.24738
0.98548
0.98863
0.07267
0.13112
0.09524
0.13660
0.78725
0.78058
0.16930
0.11597
0.27720
0.25571
0.56633
0.61790
0.16617
0.17399
0.43021
0.36122
0.33691
0.29574
0.24737
0.28640
0.42045
0.47141
0.75852
0.91405
0.14599
0.13941
0.27116
0.26186
0.30757
0.30983
0.28572
0.30871
0.25998
0.25431
0.01930
0.01625
0.85999
0.88738
0.33409
0.32500
0.16339
0.14081
0.20043
0.20493
0.06105
0.07010
0.38518
0.34875
0.27138
0.29422
0.76380
0.85314
0.33317
0.29012
0.21688
0.22236
0.98580
0.99569
0.23785
0.22282
0.25785
0.29806
0.13979
0.11079
0.31525
0.24859
0.94948
0.95342
0.21084
0.20640
0.17818
0.21064
0.96795
0.96479
0.25646
0.29295
0.98901
0.99194
0.33672
0.29165
0.31672
0.22727
0.48430
0.40319
0.18955
0.16896
0.20057
0.30119
0.08289
0.08915
0.08107
0.08520
0.34582
0.33501
0.67183
0.68785
0.34975
0.41269
0.61599
0.53684
0.21146
0.23259
0.99476
0.99434
0.93068
0.99985
0.12293
0.09286
0.26112
0.31033
0.41905
0.40395
0.99989
0.99992
0.39613
0.55202
0.81571
0.74337
0.17085
0.19880
0.94508
0.90434
0.95701
0.96353
0.84367
0.66009
0.20500
0.18762
0.31498
0.26802
0.97144
0.98041
0.25274
0.51348
0.51407
0.48857
0.15795
0.17710
0.90696
0.92170
0.41591
0.42151
0.33793
0.30597
0.95781
0.90358
0.34543
0.33769
0.73000
0.23996
0.10304
0.08477
0.32934
0.34118
0.75515
0.70533
0.29424
0.30151
0.83390
0.83787
0.33271
0.40078
0.83488
0.84112
0.86564
0.57634
0.15693
0.14961
0.29638
0.83082
0.09135
0.19126
0.18029
0.13472
0.90286
0.93024
0.67010
0.37425
0.33471
0.32620
0.22549
0.69594
0.30421
0.31951
0.98171
0.98595
0.09795
0.13358
0.76265
0.71251
0.12923
0.13697
0.32028
0.38112
0.38881
0.36364
0.40902
0.42869
0.12840
0.18037
0.86624
0.85127
0.42309
0.43260
0.22977
0.11953
0.87000
0.99040
0.19890
0.23125
0.22454
0.18176
0.14471
0.14437
0.99856
0.99813
0.27470
0.25619
0.21218
0.32896
0.99787
0.99940
0.39053
0.38975
0.21660
0.23563
0.65427
0.73319
0.58591
0.67343
0.35743
0.28483
0.99917
0.99991
0.91100
0.88558
0.34430
0.31883
0.71314
0.77111
0.25146
0.25067
0.18207
0.20223
0.55539
0.64686
0.99619
0.99531
0.16414
0.13104
0.46901
0.48020
0.99977
0.99927
0.65628
0.55084
0.14860
0.17872
0.22496
0.19471
0.99997
0.99997
0.99843
0.99865
0.98510
0.98816
0.14868
0.15516
0.37009
0.22758
0.30790
0.30525
0.65763
0.71548
0.90185
0.90968
0.16505
0.18803
0.21943
0.26670
0.46782
0.45727
0.37186
0.37932
0.22431
0.22040
0.62502
0.94169
0.31960
0.33180
0.14933
0.14291
0.24100
0.19956
0.06494
0.37014
0.37589
0.30995
0.05894
0.05479
0.93058
0.90984
0.63088
0.66845
0.54984
0.42014
0.24184
0.19110
0.78474
0.28482
0.61748
0.52914
0.20218
0.21927
0.89020
0.96204
0.24332
0.20616
0.70918
0.75540
0.27032
0.30898
0.92298
0.84549
0.43675
0.37698
0.42001
0.38337
0.28190
0.30159
0.15614
0.16152
0.08505
0.08968
0.15849
0.15442
0.24566
0.22514
0.21773
0.23826
0.81771
0.79697
0.17111
0.16173
0.32648
0.21459
0.11287
0.12810
0.99996
0.99997
0.99994
0.99993
0.22729
0.25141
0.40953
0.33537
0.21965
0.23082
0.08809
0.08845
0.45367
0.47973
0.25786
0.19895
0.30489
0.28645
0.24659
0.22622
0.52728
0.32158
0.19882
0.20028
0.19065
0.17595
0.94021
0.97631
0.99986
0.99986
0.28420
0.24248
0.59139
0.61838
0.40268
0.35964
0.76682
0.75305
0.99907
0.99894
0.09301
0.07036
0.25714
0.25072
0.13511
0.11983
0.27155
0.29272
0.28189
0.27808
0.91195
0.91723
0.33039
0.32194
0.92702
0.95761
0.30505
0.27307
0.24554
0.39649
0.54099
0.41308
0.03554
0.03762
0.13626
0.11781
0.63018
0.50053
0.68956
0.69978
0.16397
0.14250
0.58573
0.61923
0.29457
0.26824
0.39794
0.46352
0.11973
0.10508
0.28019
0.47098
0.20623
0.22306
0.98952
0.98637
0.70553
0.69749
0.25979
0.23498
0.99953
0.99994
0.18466
0.24677
0.31371
0.29672
0.18815
0.22840
0.75448
0.72458
0.28746
0.34880
0.99543
0.99507
0.32317
0.34919
0.37240
0.29610
0.90137
0.94626
0.16719
0.21850
0.51543
0.49272
0.30028
0.24389
0.90814
0.89423
0.30901
0.29154
0.09780
0.07812
0.92409
0.92488
0.25354
0.18827
0.11381
0.10111
0.92538
0.94080
0.17113
0.16806
0.27680
0.38905
0.31307
0.31891
0.91749
0.90869
0.09309
0.10429
0.99990
0.99988
0.95616
0.82386
0.13231
0.17717
0.22319
0.26209
0.15468
0.19408
0.38024
0.52354
0.68156
0.76780
0.20764
0.19428
0.41043
0.37586
0.34916
0.20274
0.47495
0.53531
0.99416
0.99386
0.44680
0.39690
0.19106
0.22623
0.11993
0.08930
0.92772
0.92604
0.15833
0.15272
0.21349
0.19120
0.32853
0.33431
0.08242
0.09323
0.21058
0.21215
0.20999
0.26487
0.22947
0.27344
0.74667
0.67580
0.38317
0.42225
0.79901
0.82934
0.09358
0.10102
0.74748
0.75241
0.41494
0.46297
0.99991
0.99989
0.30065
0.26756
0.06750
0.14446
0.16831
0.14667
0.22632
0.25096
0.20811
0.25196
0.65853
0.64237
0.19599
0.25239
0.99995
0.99995
0.22071
0.20994
0.22663
0.18197
0.24900
0.37332
0.46625
0.61349
0.98724
0.99981
0.28652
0.35426
0.91162
0.94131
0.98392
0.99976
0.31233
0.23016
0.27211
0.26289
0.25990
0.20452
0.39576
0.37964
0.12213
0.15966
0.24004
0.25086
0.99262
0.99387
0.16369
0.16940
0.24145
0.18450
0.44517
0.27362
0.99991
0.99990
0.37446
0.36979
0.30094
0.31253
0.53352
0.52940
0.75558
0.74479
0.15209
0.15404
0.11843
0.08728
0.49337
0.48534
0.30563
0.34969
0.05188
0.15422
0.25658
0.26381
0.10444
0.08933
0.28442
0.28130
0.77335
0.72821
0.24803
0.26132
0.35604
0.36436
0.15673
0.19228
0.32910
0.28833
0.34871
0.30966
0.99935
0.99926
0.26057
0.25373
0.36625
0.29226
0.15111
0.15465
0.26422
0.23573
0.40313
0.28194
0.28219
0.25523
0.39096
0.38597
0.19881
0.16627
0.69748
0.68523
0.88742
0.89963
0.20548
0.27544
0.98480
0.98696
0.23221
0.20977
0.22679
0.26600
0.16264
0.10767
0.21927
0.25803
0.25414
0.27627
0.14110
0.12342
0.32027
0.40397
0.38831
0.59983
0.36073
0.38335
0.79736
0.95078
0.79436
0.78761
0.40053
0.32642
0.99670
0.99983
0.88185
0.87654
0.23120
0.22171
0.22535
0.25670
0.98787
0.98154
0.31143
0.30679
0.33929
0.49709
0.29686
0.66156
0.62543
0.76646
0.05232
0.06134
0.44081
0.52935
0.29760
0.27705
0.99988
0.99591
0.80186
0.74867
0.91633
0.89894
0.10419
0.08254
0.14642
0.10100
0.32379
0.19145
0.91745
0.77917
0.27025
0.30660
0.41174
0.53171
0.22424
0.14543
0.99999
0.99999
0.71047
0.67734
0.28743
0.30628
0.40659
0.36419
0.20347
0.21764
0.12569
0.14769
0.17275
0.15861
0.13689
0.17026
0.99988
0.99985
0.71542
0.69438
0.99997
0.99996
0.15654
0.15478
0.18958
0.21651
0.98633
0.98597
0.42674
0.59892
0.27119
0.26416
0.37379
0.35991
0.65435
0.87032
0.37977
0.94499
0.08648
0.07855
0.99992
0.99994
0.21056
0.22062
0.14846
0.10645
0.12456
0.13352
0.11150
0.11661
0.35305
0.60542
0.74420
0.71422
0.53859
0.53221
0.96802
0.96829
0.42403
0.23763
0.25534
0.23691
0.75471
0.73930
0.20804
0.25808
0.99967
0.99962
0.30093
0.31571
0.37985
0.40547
0.90713
0.90733
0.06871
0.07613
0.36412
0.71444
0.18035
0.18227
0.18561
0.18792
0.76765
0.73287
0.50767
0.34109
0.42244
0.60183
0.99988
0.99962
0.27776
0.29494
0.23805
0.23278
0.35008
0.31200
0.22368
0.25479
0.87228
0.85729
0.54270
0.15506
0.99993
0.99995
0.75200
0.87908
0.87697
0.86582
0.31221
0.33211
0.24398
0.28292
0.19128
0.16268
0.28415
0.19548
0.85085
0.82085
0.12289
0.13430
0.25497
0.17943
0.50016
0.87459
0.26548
0.26508
0.86395
0.87809
0.57467
0.43175
0.96108
0.99877
0.11543
0.17531
0.34459
0.27683
0.74388
0.40926
0.31508
0.24749
0.16079
0.14800
0.72693
0.61958
0.53798
0.60648
0.34485
0.30669
0.22399
0.17178
0.88152
0.96349
0.37813
0.41871
0.32106
0.31777
0.27333
0.27374
0.79531
0.83080
0.29874
0.29197
0.61913
0.61071
0.64175
0.70061
0.74991
0.77187
0.25847
0.24611
0.56986
0.55455
0.29227
0.38220
0.19608
0.10186
0.25119
0.24002
0.19126
0.21244
0.93943
0.91725
0.99969
0.90813
0.80934
0.86963
0.70798
0.40373
0.37224
0.51926
0.31281
0.33037
0.17952
0.24248
0.16726
0.17670
0.09729
0.06767
0.67383
0.33087
0.37193
0.44758
0.33042
0.26008
0.58132
0.60115
0.09387
0.10826
0.70640
0.72190
0.28600
0.13477
0.24322
0.28281
0.18498
0.15040
0.07066
0.08562
0.29926
0.10689
0.74096
0.74777
0.27547
0.29662
0.99882
0.95657
0.17509
0.27411
0.13385
0.14654
0.30522
0.31741
0.99816
0.99823
0.45789
0.45549
0.13309
0.14311
0.29704
0.33029
0.24899
0.30710
0.20535
0.21558
0.53794
0.40083
0.22302
0.20339
0.34368
0.26003
0.78040
0.76292
0.26485
0.20637
0.17949
0.24061
0.93758
0.38252
0.99976
0.99970
0.32698
0.23548
0.36172
0.31763
0.96264
0.95741
0.34407
0.39438
0.11867
0.09876
0.92636
0.93158
0.46525
0.47395
0.24607
0.24002
0.34777
0.22877
0.17470
0.20620
0.10105
0.10978
0.05018
0.01424
0.14043
0.17200
0.08180
0.08832
0.85012
0.83392
0.38154
0.46460
0.20970
0.16154
0.22043
0.27334
0.15449
0.15082
0.95072
0.95518
0.10449
0.10471
0.99998
0.99998
0.17955
0.18432
0.26484
0.28938
0.11969
0.11372
0.28650
0.25949
0.99972
0.99463
0.38050
0.41193
0.99917
0.99131
0.57213
0.88323
0.43290
0.52779
0.99990
0.95783
0.32596
0.28434
0.16846
0.19304
0.29670
0.30630
0.99994
0.99994
0.68087
0.70672
0.76172
0.89767
0.12872
0.14535
0.95615
0.95036
0.98729
0.98531
0.25927
0.24168
0.65859
0.67004
0.99468
0.99555
0.40740
0.92477
0.99994
0.99995
0.42711
0.52232
0.37909
0.27052
0.11425
0.09387
0.99473
0.99625
0.97055
0.99980
0.18682
0.22880
0.18271
0.22114
0.22125
0.21186
0.16877
0.24755
0.83176
0.82269
0.22494
0.21761
0.11978
0.12317
0.19556
0.17959
0.96862
0.96465
0.18006
0.20835
0.13711
0.14817
0.14835
0.14340
0.17520
0.08324
0.12840
0.27223
0.56569
0.46847
0.46448
0.40043
0.88326
0.88568
0.99984
0.99990
0.23902
0.24223
0.35214
0.44057
0.49687
0.38786
0.99995
0.99995
0.12690
0.17909
0.12886
0.12983
0.26767
0.25415
0.71623
0.55946
0.73976
0.46624
0.11397
0.13131
0.19650
0.25917
0.15907
0.17596
0.44933
0.24206
0.36130
0.25113
0.42160
0.40641
0.38986
0.48511
0.99521
0.98478
0.92255
0.95663
0.77583
0.70550
0.14472
0.15047
0.23378
0.25557
0.09128
0.11877
0.73599
0.73033
0.99191
0.99383
0.32343
0.34776
0.98727
0.99980
0.95647
0.95880
0.25026
0.37867
0.37842
0.34093
0.28441
0.25699
0.24339
0.23199
0.96429
0.88142
0.35620
0.31133
0.46452
0.59476
0.44495
0.26768
0.22544
0.23735
0.05403
0.07075
0.37208
0.47133
0.99992
0.99990
0.24584
0.33186
0.12079
0.11678
0.99921
0.99940
0.25748
0.21025
0.86844
0.88145
0.35261
0.37383
0.12999
0.07147
0.45400
0.60069
0.28492
0.27469
0.18848
0.21827
0.24544
0.21434
0.33924
0.24531
0.35927
0.35737
0.12184
0.12092
0.53996
0.52548
0.74493
0.74470
0.40621
0.34961
0.22250
0.14067
0.73678
0.61478
0.77937
0.78496
0.32740
0.27920
0.08354
0.08927
0.29722
0.40788
0.48759
0.56349
0.66284
0.64104
0.99990
0.99990
0.17215
0.18365
0.38446
0.30480
0.26613
0.32171
0.15592
0.22502
0.33434
0.41172
0.52499
0.48966
0.41084
0.39118
0.29117
0.29589
0.41466
0.61597
0.38444
0.37048
0.38599
0.46337
0.66334
0.59849
0.99577
0.99435
0.09898
0.11621
0.23136
0.22263
0.35652
0.34370
0.89813
0.95722
0.18104
0.15433
0.99984
0.99986
0.44134
0.24895
0.37355
0.62441
0.49045
0.55067
0.29195
0.33677
0.53189
0.64871
0.47665
0.49250
0.75891
0.74556
0.90911
0.91643
0.07404
0.09148
0.85263
0.84195
0.07262
0.06618
0.22153
0.25163
0.73944
0.87907
0.91625
0.91075
0.65904
0.13754
0.32734
0.29086
0.65015
0.80452
0.11244
0.12601
0.12752
0.16976
0.30024
0.27512
0.07722
0.08068
0.99990
0.99968
0.31310
0.27051
0.19900
0.22383
0.69151
0.64743
0.18754
0.22800
0.83317
0.85019
0.30098
0.32960
0.64794
0.62595
0.35982
0.20738
0.99999
0.99998
0.11135
0.40319
0.22869
0.23506
0.26851
0.27979
0.30627
0.44802
0.99996
0.99996
0.30098
0.26459
0.48576
0.30230
0.20373
0.14708
0.34425
0.35781
0.75869
0.78116
0.02922
0.18477
0.23246
0.18904
0.28495
0.18871
0.98998
0.98840
0.36080
0.35221
0.18841
0.26590
0.10071
0.11674
0.71089
0.28163
0.12235
0.09357
0.99997
0.99997
0.29303
0.26327
0.17779
0.16884
0.13721
0.13495
0.97272
0.96618
0.99776
0.99158
0.17718
0.18716
0.29963
0.28466
0.27313
0.25417
0.23827
0.21429
0.85024
0.85026
0.76869
0.53185
0.05896
0.09457
0.35115
0.74181
0.17811
0.14369
0.19580
0.20028
0.28548
0.26535
0.44475
0.41764
0.62300
0.51117
0.65145
0.62727
0.43548
0.35548
0.29938
0.30196
0.80281
0.80794
0.18618
0.16861
0.50787
0.43663
0.11703
0.08618
0.06196
0.09743
0.97807
0.98300
0.80225
0.76644
0.64464
0.66403
0.91201
0.92281
0.25511
0.24626
0.99990
0.99560
0.08982
0.11040
0.07093
0.13286
0.99990
0.99748
0.99790
0.99977
0.99028
0.33807
0.45864
0.54814
0.36598
0.35795
0.17080
0.16818
0.34140
0.38641
0.77562
0.65246
0.99908
0.99989
0.82370
0.75771
0.55601
0.46905
0.47972
0.65097
0.99995
0.99996
0.77061
0.64219
0.89214
0.91674
0.08420
0.08558
0.85332
0.85710
0.59153
0.59326
0.21240
0.12788
0.68444
0.62075
0.18455
0.16793
0.73590
0.93319
0.12442
0.13470
0.21085
0.21032
0.78167
0.77545
0.97453
0.96733
0.46294
0.40291
0.56984
0.57721
0.17077
0.13405
0.70915
0.68880
0.15538
0.19363
0.38580
0.40645
0.61798
0.63116
0.48216
0.67692
0.76703
0.73227
0.24678
0.22591
0.93729
0.91250
0.56432
0.49776
0.99990
0.99585
0.25538
0.25778
0.27625
0.16866
0.31856
0.38486
0.29861
0.26245
0.89068
0.87272
0.99989
0.99617
0.76624
0.79527
0.09523
0.16743
0.13007
0.18229
0.22687
0.28231
0.43651
0.50065
0.21912
0.23131
0.13005
0.14814
0.40659
0.38706
0.30143
0.24470
0.15179
0.12108
0.17235
0.13406
0.99986
0.99988
0.63306
0.67934
0.76017
0.74559
0.37245
0.35356
0.99930
0.99982
0.10070
0.11149
0.24298
0.32458
0.29794
0.32086
0.23349
0.12893
0.39594
0.45292
0.10763
0.07826
0.75336
0.69783
0.31296
0.36781
0.84583
0.45053
0.41288
0.52143
0.14729
0.14125
0.99995
0.99996
0.28661
0.27348
0.36153
0.29276
0.41305
0.30483
0.26162
0.26511
0.34177
0.23869
0.34160
0.32767
0.35215
0.39598
0.18602
0.12673
0.16074
0.16972
0.26914
0.26730
0.27024
0.26115
0.35759
0.36538
0.63208
0.80615
0.67189
0.68920
0.14723
0.28565
0.26219
0.10411
0.99989
0.99986
0.14836
0.16386
0.76477
0.77162
0.13878
0.15555
0.16649
0.20544
0.93704
0.92282
0.41748
0.35954
0.14867
0.16475
0.99676
0.99708
0.99902
0.99921
0.38608
0.36867
0.24422
0.30600
0.41417
0.54783
0.18490
0.25787
0.48606
0.25171
0.99654
0.99058
0.16682
0.17358
0.18549
0.20055
0.34341
0.28502
0.30023
0.25318
0.25547
0.24629
0.75217
0.65549
0.62530
0.52082
0.19970
0.21461
0.13396
0.16010
0.44610
0.60268
0.35027
0.33924
0.91254
0.89562
0.42829
0.34903
0.77426
0.71501
0.10891
0.09911
0.99989
0.99991
0.99994
0.99994
0.12456
0.13338
0.72818
0.62278
0.53461
0.47945
0.50112
0.40680
0.21560
0.23492
0.07628
0.20831
0.84469
0.82169
0.34983
0.79867
0.81011
0.80165
0.82706
0.79561
0.09907
0.14356
0.08199
0.10027
0.97519
0.98892
0.48629
0.46177
0.99964
0.99951
0.71599
0.73533
0.77667
0.77661
0.25733
0.24493
0.10764
0.18794
0.99792
0.99834
0.24508
0.28308
0.29077
0.28256
0.99906
0.99903
0.22447
0.21409
0.20860
0.23664
0.22989
0.25562
0.31680
0.33456
0.99262
0.98999
0.23742
0.33309
0.67830
0.63861
0.16385
0.14484
0.12060
0.13926
0.38185
0.38381
0.99995
0.99995
0.99840
0.99936
0.28791
0.56787
0.82170
0.82886
0.06372
0.05596
0.99991
0.99989
0.43820
0.48543
0.33677
0.29802
0.29485
0.37190
0.35711
0.46048
0.35177
0.34416
0.79664
0.79514
0.41640
0.35623
0.78818
0.85073
0.29407
0.25443
0.31102
0.23783
0.34533
0.30803
0.99929
0.99922
0.09238
0.08863
0.39672
0.23152
0.32693
0.30185
0.99657
0.99832
0.99898
0.99843
0.87991
0.74948
0.38870
0.39779
0.43280
0.41094
0.32515
0.35881
0.20730
0.19231
0.97406
0.98296
0.99966
0.99965
0.41759
0.47940
0.67493
0.72657
0.74189
0.39913
0.97119
0.97782
0.15514
0.16257
0.40469
0.41295
0.16451
0.19122
0.14356
0.11806
0.27393
0.33388
0.23225
0.20530
0.27836
0.14656
0.81994
0.76361
0.82196
0.72728
0.35518
0.29242
0.54478
0.51187
0.64521
0.67045
0.09231
0.08674
0.16152
0.34753
0.77724
0.78604
0.54772
0.62150
0.12135
0.11049
0.89514
0.84498
0.16818
0.19674
0.54039
0.51297
0.16572
0.12383
0.59987
0.54519
0.26531
0.27877
0.16926
0.17630
0.28088
0.24359
0.24373
0.27304
0.29417
0.25455
0.30784
0.31828
0.97026
0.98549
0.64601
0.67889
0.16562
0.18225
0.81134
0.87004
0.31126
0.31222
0.05794
0.05690
0.24154
0.22576
0.73938
0.78413
0.99827
0.99801
0.18883
0.18064
0.37510
0.36681
0.16449
0.18086
0.20621
0.21940
0.36850
0.45832
0.15006
0.12417
0.75046
0.77975
0.79542
0.78910
0.42626
0.44193
0.51314
0.54953
0.15837
0.18144
0.99968
0.99975
0.32569
0.31754
0.99855
0.99990
0.28592
0.32732
0.22493
0.25461
0.38761
0.66943
0.35810
0.37051
0.71457
0.82842
0.95391
0.97661
0.77036
0.74539
0.79938
0.22408
0.82025
0.75901
0.30973
0.28199
0.38431
0.31608
0.95785
0.93516
0.42780
0.42132
0.08766
0.06438
0.98280
0.98373
0.43836
0.38916
0.26564
0.21310
0.88684
0.82603
0.62629
0.68637
0.40537
0.37356
0.99076
0.57456
0.12437
0.12955
0.23170
0.66321
0.60549
0.74749
0.14402
0.11791
0.99991
0.99990
0.27786
0.38947
0.66017
0.64097
0.22900
0.26399
0.73595
0.34086
0.27125
0.50813
0.16511
0.17541
0.33275
0.62659
0.93189
0.93073
0.32806
0.32558
0.09638
0.14760
0.05345
0.09679
0.29956
0.30286
0.08260
0.07452
0.99568
0.99609
0.35697
0.35433
0.07805
0.07999
0.98412
0.98240
0.32682
0.34220
0.85254
0.84754
0.22726
0.23764
0.06679
0.06162
0.61951
0.72847
0.82697
0.82530
0.99994
0.99993
0.18841
0.19206
0.51346
0.39543
0.61174
0.52464
0.31369
0.37378
0.97382
0.95622
0.38237
0.26490
0.24665
0.32157
0.83709
0.69394
0.20550
0.15904
0.30360
0.25873
0.57153
0.42529
0.31484
0.36684
0.26177
0.25919
0.38322
0.32761
0.54003
0.38109
0.03853
0.05760
0.15884
0.15238
0.36056
0.34426
0.33851
0.31650
0.69582
0.65996
0.13445
0.13133
0.82630
0.81326
0.24045
0.13262
0.73008
0.72289
0.99295
0.99255
0.60193
0.63929
0.37041
0.40932
0.71720
0.60054
0.82117
0.76011
0.44961
0.39950
0.09278
0.08577
0.99977
0.88376
0.10874
0.11344
0.33566
0.35392
0.23037
0.07966
0.11273
0.08260
0.19116
0.19959
0.55930
0.59160
0.11430
0.09614
0.42676
0.44429
0.48048
0.41267
0.64280
0.41264
0.09886
0.10711
0.60660
0.63298
0.12957
0.14371
0.26179
0.19820
0.48693
0.43571
0.31419
0.13732
0.45376
0.48033
0.12369
0.11800
0.13715
0.15441
0.39958
0.33967
0.26335
0.24206
0.75293
0.98140
0.75340
0.72779
0.46955
0.41281
0.39863
0.45127
0.28650
0.33307
0.70486
0.68314
0.99993
0.99678
0.73943
0.23392
0.60176
0.60753
0.76233
0.56110
0.26674
0.27046
0.09808
0.10973
0.15465
0.13292
0.49409
0.40982
0.67473
0.73415
0.26073
0.26112
0.64123
0.24389
0.11543
0.11532
0.24762
0.29447
0.24083
0.23584
0.28783
0.58058
0.17935
0.19329
0.99984
0.99986
0.46837
0.34031
0.22267
0.26892
0.99983
0.99987
0.22688
0.27888
0.27230
0.27698
0.86829
0.87868
0.86633
0.86595
0.07688
0.09164
0.22330
0.20925
0.50816
0.54640
0.23156
0.23613
0.16068
0.14448
0.21646
0.28119
0.11533
0.13686
0.19222
0.28189
0.21923
0.22123
0.64360
0.65691
0.53885
0.46444
0.39188
0.42254
0.16931
0.14956
0.09451
0.09920
0.12340
0.18780
0.17045
0.17801
0.23109
0.33307
0.20865
0.21470
0.34432
0.41392
0.13934
0.15002
0.96029
0.96732
0.14697
0.12888
0.14653
0.13636
0.44445
0.38949
0.14645
0.15403
0.20973
0.17759
0.99997
0.99995
0.39415
0.35678
0.16095
0.13670
0.08668
0.15923
0.14427
0.10895
0.15418
0.14804
0.67588
0.71061
0.10079
0.11768
0.98302
0.92721
0.91762
0.89578
0.65706
0.61958
0.99805
0.99496
0.11459
0.10228
0.90733
0.89916
0.14411
0.13678
0.32471
0.28337
0.49568
0.45000
0.26711
0.25680
0.98429
0.98429
0.97665
0.98756
0.99744
0.99053
0.68230
0.70334
0.89830
0.86360
0.91805
0.90154
0.34269
0.31511
0.60762
0.62946
0.60233
0.57533
0.58982
0.55657
0.64036
0.61457
0.28740
0.26550
0.13315
0.26106
0.28550
0.33761
0.34778
0.28362
0.16598
0.19817
0.14117
0.12523
0.07832
0.20916
0.19391
0.25031
0.16177
0.13013
0.27221
0.63059
0.89344
0.19051
0.38113
0.40889
0.36656
0.37684
0.73825
0.70314
0.22291
0.20123
0.27088
0.27199
0.20716
0.16833
0.87673
0.88609
0.58263
0.59494
0.83920
0.86652
0.10110
0.10184
0.35518
0.22276
0.22417
0.30683
0.59828
0.56866
0.61400
0.56572
0.28885
0.30204
0.99621
0.99598
0.13120
0.13319
0.70541
0.68726
0.12029
0.15731
0.69801
0.70806
0.33376
0.38008
0.26532
0.28175
0.35360
0.32053
0.63462
0.40762
0.24291
0.25593
0.27027
0.27595
0.16223
0.18293
0.99551
0.99787
0.21124
0.21174
0.99989
0.99993
0.41680
0.41463
0.22691
0.68995
0.16348
0.17516
0.60043
0.65021
0.31377
0.29909
0.15684
0.17500
0.76336
0.76116
0.66301
0.57302
0.22014
0.23307
0.28502
0.61260
0.13625
0.14899
0.74836
0.74738
0.26123
0.35094
0.14422
0.16791
0.38719
0.44796
0.30043
0.27596
0.99867
0.99977
0.20962
0.20894
0.22132
0.13571
0.40932
0.58182
0.19918
0.17759
0.30648
0.22599
0.97231
0.95383
0.14593
0.14820
0.39748
0.35256
0.21347
0.18758
0.99988
0.93712
0.39284
0.31957
0.09250
0.07357
0.99804
0.99865
0.89189
0.89561
0.77330
0.73762
0.99703
0.93785
0.20964
0.20500
0.32149
0.30650
0.85339
0.74392
0.08048
0.08085
0.12440
0.14380
0.02037
0.03625
0.38098
0.26959
0.18298
0.16111
0.29509
0.30403
0.99985
0.99987
0.36043
0.35208
0.20041
0.22153
0.20017
0.26592
0.14296
0.11907
0.34829
0.48215
0.19542
0.20127
0.26269
0.22412
0.56894
0.55655
0.16767
0.15246
0.52828
0.61485
0.63779
0.43213
0.69635
0.73642
0.33955
0.29689
0.22777
0.24501
0.99998
0.99998
0.15299
0.35753
0.39245
0.37298
0.29847
0.32657
0.99984
0.99982
0.80500
0.77516
0.14212
0.16762
0.92754
0.92209
0.14809
0.11049
0.42412
0.41907
0.75245
0.32779
0.65570
0.60868
0.75736
0.72861
0.15164
0.13007
0.81545
0.86894
0.67428
0.64860
0.58658
0.79599
0.43736
0.29232
0.89348
0.80297
0.16663
0.12169
0.67386
0.68212
0.20068
0.18025
0.24146
0.23668
0.38944
0.39804
0.25560
0.22815
0.74562
0.73618
0.93671
0.93287
0.09722
0.10134
0.23805
0.27625
0.29521
0.33439
0.36039
0.65666
0.80440
0.81161
0.93669
0.75108
0.31169
0.31445
0.66773
0.61864
0.78244
0.78090
0.11895
0.24082
0.35434
0.30102
0.27957
0.31917
0.12587
0.14110
0.21668
0.23428
0.21937
0.22038
0.30670
0.32103
0.31038
0.28500
0.40587
0.46639
0.16351
0.14962
0.99961
0.99953
0.23190
0.23400
0.23131
0.20994
0.30906
0.29430
0.26080
0.10648
0.61607
0.59683
0.99646
0.99517
0.29434
0.24917
0.99982
0.99985
0.23261
0.22178
0.46546
0.69159
0.10369
0.10281
0.53309
0.59103
0.18967
0.18336
0.35718
0.42733
0.08497
0.14545
0.36466
0.37366
0.22468
0.24170
0.25209
0.25520
0.96412
0.94837
0.71609
0.99666
0.40110
0.32859
0.58548
0.55367
0.17638
0.13475
0.36458
0.28856
0.20458
0.18322
0.54013
0.44693
0.33241
0.30898
0.30676
0.32928
0.37088
0.50106
0.71511
0.52730
0.40421
0.34797
0.65658
0.66042
0.11181
0.11031
0.18007
0.19190
0.08296
0.06453
0.88531
0.89279
0.08620
0.09239
0.92017
0.90228
0.17617
0.15990
0.33391
0.55691
0.83870
0.84530
0.07734
0.08291
0.52305
0.42363
0.22571
0.23362
0.31249
0.31557
0.68567
0.71695
0.54832
0.67018
0.46306
0.51942
0.18692
0.18851
0.98498
0.64591
0.68202
0.67241
0.28332
0.35409
0.24120
0.25184
0.19948
0.17071
0.11956
0.10303
0.67252
0.21626
