0.00355
0.00261
0.19457
0.18564
0.38134
0.21764
0.08354
0.06089
0.06984
0.05896
0.00115
0.00078
0.18149
0.13106
0.00167
0.00170
0.03584
0.03634
0.04194
0.03663
0.00314
0.00223
0.03786
0.02380
0.03088
0.02489
0.00202
0.00240
0.02392
0.02298
0.00445
0.00460
0.09723
0.04932
0.00268
0.00175
0.11263
0.09929
0.01083
0.00535
0.07432
0.04705
0.00649
0.00781
0.00695
0.00331
0.00873
0.00677
0.23007
0.17614
0.03470
0.03601
0.01567
0.01851
0.01973
0.01181
0.00793
0.00775
0.00153
0.00188
0.01287
0.00638
0.07461
0.05062
0.00393
0.00688
0.00872
0.00728
0.00530
0.00581
0.02284
0.02413
0.00829
0.00686
0.01919
0.00441
0.09260
0.10566
0.10394
0.12153
0.01028
0.00984
0.06395
0.12189
0.03224
0.02102
0.02769
0.02633
0.01323
0.01383
0.00734
0.00334
0.01647
0.02176
0.20707
0.23825
0.02243
0.01914
0.02423
0.01685
0.05147
0.04839
0.08841
0.10217
0.02990
0.09005
0.06121
0.08795
0.00210
0.00157
0.00446
0.00629
0.08525
0.09717
0.37174
0.10548
0.41260
0.53917
0.17323
0.26587
0.07381
0.15434
0.15075
0.14664
0.15160
0.14934
0.03321
0.03832
0.21996
0.15717
0.19181
0.19218
0.05907
0.11123
0.07365
0.04578
0.23909
0.15190
0.02696
0.05476
0.23489
0.16737
0.01215
0.00890
0.03366
0.01901
0.03720
0.04122
0.04183
0.04797
0.08760
0.06158
0.04634
0.10130
0.02116
0.05537
0.01262
0.00876
0.01435
0.02678
0.00273
0.00372
0.06037
0.03778
0.03316
0.03664
0.04470
0.01909
0.00430
0.00401
0.01079
0.01082
0.14770
0.78593
0.16834
0.11503
0.15067
0.18686
0.00315
0.00360
0.01223
0.01420
0.16422
0.16074
0.02049
0.02176
0.01597
0.01915
0.30467
0.29557
0.14193
0.05639
0.07280
0.08738
0.08316
0.04516
0.01536
0.01907
0.00071
0.00081
0.06550
0.03124
0.00310
0.00285
0.01134
0.01377
0.03065
0.07214
0.14301
0.10845
0.04423
0.04033
0.01299
0.07355
0.04771
0.02092
0.01579
0.01252
0.13404
0.06187
0.12094
0.56757
0.08552
0.09606
0.04003
0.03344
0.22725
0.22456
0.10051
0.07660
0.12008
0.11568
0.24703
0.36949
0.00715
0.00373
0.06319
0.03568
0.01428
0.01113
0.00963
0.01266
0.01988
0.02827
0.05065
0.04378
0.03563
0.03762
0.24054
0.48054
0.07085
0.06018
0.10589
0.05460
0.11016
0.08907
0.14201
0.12389
0.20996
0.12552
0.21449
0.17212
0.09603
0.20620
0.13410
0.07759
0.08571
0.10008
0.51665
0.44567
0.21307
0.09336
0.01920
0.02434
0.02951
0.03734
0.11700
0.18260
0.30834
0.37265
0.18114
0.11598
0.29579
0.17259
0.15929
0.02903
0.05100
0.05634
0.02363
0.02189
0.02232
0.02330
0.02498
0.02835
0.00928
0.01887
0.05451
0.05226
0.13520
0.08078
0.09163
0.02524
0.03961
0.04590
0.28830
0.29952
0.08588
0.06982
0.08985
0.10406
0.09695
0.06661
0.02262
0.02887
0.07338
0.05085
0.03832
0.05962
0.86698
0.85807
0.97049
0.14638
0.11117
0.15586
0.20956
0.11775
0.01985
0.00958
0.05933
0.09305
0.15202
0.12026
0.04903
0.07630
0.15273
0.14915
0.02755
0.01234
0.12537
0.10269
0.07924
0.03103
0.05419
0.08391
0.09562
0.02826
0.03671
0.07909
0.01198
0.02645
0.08255
0.08679
0.18517
0.22625
0.21690
0.29356
0.04093
0.02833
0.03646
0.02269
0.04831
0.05804
0.08003
0.13127
0.01311
0.00293
0.35086
0.18354
0.08072
0.07775
0.13374
0.07874
0.08079
0.10937
0.05635
0.03573
0.12596
0.22611
0.08751
0.12319
0.03797
0.05262
0.03844
0.03183
0.18371
0.14192
0.08171
0.06871
0.02670
0.02775
0.05626
0.17112
0.09073
0.08476
0.06857
0.08281
0.14867
0.14428
0.04440
0.01990
0.40455
0.28227
0.07822
0.02763
0.04973
0.03749
0.07161
0.07335
0.07419
0.05982
0.03632
0.03203
0.35717
0.04212
0.09026
0.10408
0.01200
0.02640
0.01832
0.02709
0.04539
0.03749
0.05141
0.04068
0.22271
0.13129
0.03060
0.06954
0.01063
0.00740
0.03435
0.02656
0.20104
0.22254
0.02904
0.02611
0.14967
0.14064
0.00133
0.00130
0.02258
0.02172
0.03740
0.14502
0.02378
0.02944
0.93483
0.94074
0.01269
0.01378
0.02063
0.01539
0.05352
0.09014
0.15002
0.16633
0.01802
0.01353
0.04307
0.02916
0.09741
0.10155
0.00879
0.01082
0.04497
0.03057
0.10902
0.16961
0.01428
0.01107
0.01827
0.01253
0.04613
0.03299
0.77582
0.30432
0.09136
0.05736
0.11699
0.07362
0.09705
0.21788
0.01783
0.01637
0.05039
0.05123
0.00790
0.00535
0.12008
0.14446
0.04343
0.08078
0.01968
0.01863
0.00473
0.00548
0.06523
0.13756
0.00694
0.00419
0.04355
0.05770
0.02597
0.03095
0.09431
0.17044
0.30559
0.18511
0.44116
0.23190
0.01251
0.03939
0.03944
0.03833
0.09630
0.38033
0.02364
0.01303
0.00376
0.00275
0.07011
0.04456
0.00249
0.00437
0.05865
0.02668
0.01234
0.01402
0.02022
0.03350
0.00190
0.00146
0.09280
0.11758
0.01702
0.01654
0.10715
0.12482
0.03340
0.02486
0.03686
0.05554
0.17476
0.33657
0.10989
0.13144
0.03661
0.03340
0.00984
0.01278
0.01115
0.02252
0.05754
0.03370
0.15518
0.16423
0.11937
0.08451
0.01852
0.02765
0.04229
0.03093
0.00180
0.00223
0.04689
0.03677
0.19228
0.07776
0.07018
0.03690
0.03489
0.05534
0.10675
0.09329
0.04505
0.05954
0.02332
0.01577
0.05987
0.07273
0.05791
0.05923
0.12237
0.11753
0.33035
0.30992
0.07519
0.05871
0.02117
0.02058
0.04682
0.06908
0.00305
0.00371
0.00223
0.00347
0.04293
0.01798
0.00257
0.00314
0.14898
0.26296
0.22238
0.28109
0.01641
0.01420
0.11358
0.10294
0.14514
0.11452
0.10189
0.06738
0.01286
0.01101
0.03234
0.04073
0.01708
0.03149
0.01989
0.02477
0.20908
0.39590
0.12949
0.10511
0.55597
0.52514
0.14937
0.08940
0.01671
0.04173
0.01925
0.02008
0.02974
0.02571
0.02347
0.02974
0.11462
0.12029
0.08070
0.14335
0.08890
0.14533
0.01357
0.02393
0.00640
0.00514
0.02605
0.02139
0.02623
0.02468
0.19370
0.21841
0.03137
0.02027
0.19673
0.19852
0.03272
0.02129
0.02363
0.01632
0.12443
0.11578
0.05137
0.04319
0.03125
0.16007
0.18748
0.15176
0.10711
0.11161
0.05381
0.12786
0.00341
0.01190
0.03543
0.02409
0.07020
0.09711
0.04000
0.05297
0.14604
0.07454
0.16619
0.18547
0.13781
0.06359
0.05190
0.06176
0.01123
0.15598
0.00444
0.00444
0.01927
0.02360
0.23116
0.22340
0.01535
0.02762
0.01626
0.01859
0.07904
0.05682
0.00986
0.01823
0.12418
0.07341
0.01112
0.01750
0.04615
0.03218
0.03250
0.04755
0.11462
0.09545
0.03236
0.01910
0.70490
0.66970
0.08097
0.05514
0.02177
0.01262
0.04816
0.01575
0.00453
0.00525
0.02732
0.04880
0.00474
0.00836
0.00632
0.02183
0.07818
0.11708
0.04312
0.03934
0.10894
0.03251
0.00229
0.00190
0.04621
0.03965
0.13787
0.11420
0.12195
0.10454
0.04738
0.08424
0.28080
0.24895
0.12091
0.11460
0.03446
0.04312
0.01114
0.00568
0.14636
0.01930
0.20733
0.22389
0.00609
0.01556
0.05678
0.08357
0.07329
0.06043
0.15270
0.09333
0.09040
0.09391
0.00320
0.00315
0.17653
0.07404
0.06153
0.09895
0.01235
0.00858
0.09792
0.05673
0.10557
0.06894
0.19074
0.14529
0.19142
0.13555
0.11063
0.06534
0.13585
0.11663
0.07634
0.03424
0.18879
0.10314
0.04510
0.15534
0.01440
0.02373
0.06845
0.04770
0.05380
0.07038
0.02586
0.01957
0.02412
0.03470
0.30355
0.03979
0.01754
0.01257
0.10681
0.20416
0.00299
0.00332
0.11089
0.06411
0.21577
0.11591
0.12410
0.11589
0.47999
0.08218
0.11247
0.09494
0.50173
0.17896
0.21222
0.15093
0.05494
0.09945
0.14102
0.23752
0.00557
0.00435
0.00298
0.00209
0.09900
0.10465
0.03482
0.09024
0.24230
0.08398
0.06970
0.06971
0.06031
0.05993
0.06051
0.04955
0.03577
0.05746
0.14854
0.09769
0.03694
0.04746
0.00553
0.00408
0.57864
0.01401
0.08599
0.05745
0.12779
0.09779
0.03155
0.06055
0.02695
0.02136
0.01693
0.02239
0.04718
0.04061
0.00481
0.00369
0.12685
0.10844
0.17271
0.24087
0.26663
0.11179
0.13043
0.10361
0.08153
0.09752
0.27767
0.27826
0.03136
0.02418
0.03527
0.05997
0.14031
0.09512
0.76257
0.04875
0.04657
0.06465
0.01333
0.01297
0.04116
0.01932
0.04254
0.04418
0.02802
0.01102
0.08920
0.12236
0.00443
0.00490
0.04479
0.38530
0.01652
0.02097
0.07564
0.08687
0.06344
0.04320
0.97197
0.94184
0.01346
0.00156
0.93061
0.97630
0.01191
0.01254
0.11957
0.96189
0.52201
0.53645
0.06804
0.04133
0.01601
0.07067
0.02665
0.02700
0.11001
0.12137
0.05618
0.06377
0.04447
0.07126
0.08735
0.14061
0.03563
0.04551
0.00780
0.00692
0.04304
0.06427
0.01102
0.01024
0.23099
0.09064
0.17485
0.21371
0.30849
0.29021
0.07720
0.07851
0.05035
0.04966
0.06210
0.18212
0.00333
0.00450
0.00450
0.00500
0.00635
0.00457
0.04149
0.02285
0.01085
0.01009
0.05802
0.02350
0.15163
0.09367
0.15607
0.13390
0.07411
0.09263
0.02148
0.01974
0.01386
0.01089
0.02553
0.03163
0.12211
0.08149
0.01026
0.00725
0.16109
0.15977
0.12785
0.14325
0.05122
0.06388
0.03841
0.05388
0.77321
0.38303
0.00255
0.00195
0.15667
0.18072
0.03912
0.01716
0.07517
0.06561
0.01524
0.01504
0.02921
0.02303
0.00921
0.01261
0.07951
0.07640
0.08101
0.07631
0.05624
0.03323
0.04970
0.02456
0.27012
0.16778
0.12623
0.05214
0.00109
0.00193
0.01842
0.01197
0.01205
0.02057
0.15283
0.15920
0.03894
0.03179
0.11749
0.05198
0.00373
0.00156
0.02730
0.02415
0.09813
0.07552
0.01571
0.00993
0.06583
0.17435
0.00767
0.00610
0.09781
0.05725
0.22424
0.38064
0.01089
0.01059
0.06458
0.06720
0.12456
0.12429
0.38184
0.30607
0.00289
0.00414
0.04374
0.06507
0.16771
0.03943
0.02817
0.03229
0.01497
0.01303
0.82588
0.04459
0.17067
0.10334
0.05850
0.05547
0.01768
0.02934
0.06947
0.20595
0.70418
0.06736
0.07856
0.08911
0.03093
0.05012
0.02551
0.01872
0.05436
0.04916
0.03434
0.08484
0.02043
0.02518
0.05515
0.05616
0.13690
0.14818
0.36645
0.08989
0.00673
0.01135
0.29786
0.15762
0.07295
0.03558
0.00681
0.00572
0.03874
0.04375
0.05093
0.08817
0.00412
0.00504
0.13430
0.12528
0.19357
0.21591
0.06262
0.08272
0.07039
0.09601
0.08698
0.12214
0.12382
0.30240
0.02896
0.02729
0.27877
0.19367
0.07621
0.07281
0.09123
0.08334
0.03437
0.01037
0.18171
0.13508
0.00960
0.00714
0.10897
0.06229
0.07401
0.07529
0.03227
0.03568
0.03782
0.02554
0.15670
0.10507
0.04603
0.02818
0.04170
0.04651
0.07308
0.04814
0.00120
0.00175
0.26515
0.20047
0.02241
0.01234
0.03381
0.03084
0.06275
0.47776
0.07859
0.06422
0.17168
0.06538
0.05231
0.07316
0.08797
0.13425
0.06175
0.01508
0.06297
0.04075
0.16628
0.07551
0.72493
0.73740
0.01253
0.02192
0.02584
0.04529
0.00939
0.00909
0.00832
0.00851
0.03526
0.03887
0.03736
0.04524
0.14677
0.34070
0.06575
0.19353
0.05139
0.03959
0.01603
0.02831
0.06025
0.04073
0.15476
0.47302
0.17729
0.19180
0.15630
0.17203
0.10058
0.07659
0.87827
0.27867
0.06292
0.03228
0.02462
0.02553
0.01100
0.02073
0.00240
0.00159
0.08033
0.03732
0.02155
0.02470
0.02265
0.03079
0.14075
0.15571
0.09910
0.13020
0.06125
0.02545
0.15176
0.20554
0.03983
0.03436
0.05867
0.02133
0.30000
0.34780
0.00247
0.00186
0.00989
0.00697
0.05606
0.06646
0.07906
0.07582
0.08983
0.13094
0.03836
0.03055
0.04266
0.04935
0.04446
0.02810
0.00781
0.01499
0.01927
0.01255
0.00236
0.00252
0.20835
0.22591
0.15506
0.11977
0.01244
0.01226
0.02438
0.01591
0.01128
0.00557
0.00430
0.00638
0.09825
0.08402
0.02955
0.00869
0.07412
0.03259
0.12608
0.10484
0.05274
0.06441
0.20345
0.63664
0.01060
0.00897
0.12347
0.08514
0.02299
0.01644
0.69108
0.43163
0.01417
0.04519
0.00892
0.01200
0.09793
0.43655
0.04906
0.04181
0.03506
0.03204
0.16642
0.15482
0.07778
0.08737
0.14926
0.24697
0.02124
0.04167
0.02933
0.04789
0.00300
0.00233
0.09853
0.12384
0.02908
0.02232
0.38134
0.08232
0.00587
0.00599
0.03437
0.02536
0.01107
0.00723
0.07293
0.10767
0.07277
0.05472
0.03426
0.03498
0.10016
0.11058
0.12250
0.09272
0.02700
0.02596
0.27437
0.18503
0.18695
0.20946
0.09222
0.08366
0.06217
0.07552
0.01695
0.02856
0.14905
0.14887
0.04501
0.11050
0.04241
0.01910
0.02244
0.07010
0.01132
0.00819
0.06988
0.09477
0.00383
0.00686
0.19907
0.23307
0.03993
0.07086
0.10398
0.08768
0.03111
0.02682
0.12104
0.05136
0.08006
0.04387
0.11202
0.08403
0.02337
0.02095
0.00215
0.00182
0.27454
0.53885
0.00560
0.00498
0.40674
0.15554
0.01642
0.03491
0.02180
0.01788
0.18797
0.29670
0.01955
0.01406
0.10454
0.10201
0.04555
0.03418
0.00316
0.00247
0.01289
0.00740
0.04462
0.05488
0.00597
0.00634
0.00222
0.00227
0.00356
0.00554
0.04675
0.09330
0.04572
0.03040
0.01763
0.03058
0.18659
0.21572
0.21589
0.16146
0.00934
0.01108
0.02413
0.01273
0.01204
0.01214
0.13519
0.27060
0.13654
0.13528
0.02437
0.02042
0.14210
0.12839
0.01701
0.03299
0.17827
0.16198
0.00497
0.00526
0.02446
0.03357
0.03251
0.03748
0.09253
0.11462
0.16841
0.17427
0.05150
0.03056
0.04859
0.04322
0.09419
0.11531
0.03423
0.02719
0.00600
0.00893
0.02717
0.05403
0.19426
0.13772
0.07157
0.04026
0.48470
0.87093
0.52803
0.36463
0.02560
0.02462
0.05333
0.04984
0.00447
0.00696
0.06838
0.02987
0.04000
0.04805
0.03292
0.02961
0.08163
0.13549
0.11160
0.09887
0.10272
0.09074
0.16184
0.21272
0.04506
0.04588
0.02879
0.05093
0.06517
0.05786
0.02652
0.02233
0.09377
0.03653
0.05707
0.04114
0.06763
0.05869
0.05551
0.05385
0.21422
0.29330
0.00561
0.00779
0.07798
0.09592
0.02222
0.03870
0.07127
0.05522
0.00368
0.00201
0.01357
0.07409
0.03226
0.04142
0.23407
0.25164
0.07853
0.10994
0.03519
0.03687
0.11135
0.06982
0.00986
0.00640
0.04275
0.03827
0.06323
0.09117
0.00541
0.00338
0.02766
0.04303
0.10234
0.07828
0.02192
0.08861
0.06861
0.08614
0.15128
0.12800
0.06524
0.06338
0.01575
0.00774
0.04420
0.04339
0.05744
0.05765
0.04736
0.02729
0.13383
0.11757
0.03764
0.06231
0.02300
0.01182
0.03268
0.06716
0.33094
0.53586
0.00565
0.00451
0.00484
0.00596
0.12772
0.16373
0.10548
0.16073
0.41102
0.09884
0.00988
0.00638
0.11554
0.13445
0.01017
0.00602
0.06593
0.06357
0.00532
0.00175
0.02865
0.04393
0.00242
0.00327
0.06496
0.10999
0.12200
0.10091
0.03456
0.04145
0.00384
0.00478
0.00475
0.00292
0.00524
0.00567
0.02620
0.03400
0.59178
0.22369
0.05673
0.03180
0.02940
0.03112
0.15772
0.14658
0.11909
0.09050
0.00207
0.00353
0.18641
0.15334
0.00146
0.00184
0.01647
0.02714
0.03712
0.04310
0.03253
0.02099
0.03563
0.04832
0.26463
0.23965
0.00284
0.00238
0.00310
0.00335
0.07058
0.07857
0.39501
0.11992
0.00123
0.00089
0.00715
0.00647
0.04044
0.02310
0.00694
0.00620
0.16892
0.13274
0.02225
0.01825
0.01969
0.03003
0.08732
0.05799
0.00564
0.00374
0.00076
0.00110
0.05193
0.03315
0.06784
0.05284
0.04325
0.03591
0.02478
0.03507
0.01265
0.01607
0.03733
0.08039
0.00429
0.01940
0.00698
0.00729
0.00672
0.00747
0.00698
0.01238
0.00160
0.00132
0.00068
0.00070
0.28674
0.14753
0.00178
0.00160
0.07743
0.06071
0.14439
0.12462
0.02080
0.01760
0.14320
0.13571
0.00890
0.01753
0.78962
0.47352
0.09223
0.01576
0.99352
0.99116
0.01096
0.01284
0.01592
0.01075
0.00579
0.00436
0.03479
0.02504
0.00604
0.01164
0.00384
0.00446
0.12707
0.09526
0.03676
0.03481
0.11570
0.01186
0.04476
0.02729
0.04391
0.04164
0.02506
0.19428
0.01329
0.00754
0.03681
0.04493
0.15938
0.08332
0.10831
0.19178
0.23738
0.17042
0.01055
0.00857
0.04911
0.04076
0.01982
0.02223
0.01761
0.01033
0.02229
0.02608
0.08045
0.01783
0.06780
0.04252
0.13851
0.15476
0.00676
0.00540
0.05871
0.03276
0.00882
0.00746
0.02294
0.01443
0.02620
0.03399
0.02222
0.03425
0.03926
0.07348
0.04475
0.07515
0.08439
0.05465
0.01768
0.00321
0.00815
0.01986
0.10426
0.10947
0.10198
0.08026
0.02514
0.03511
0.03830
0.13980
0.12065
0.14815
0.01550
0.02045
0.91499
0.92966
0.03962
0.03650
0.05197
0.07946
0.00653
0.00910
0.04705
0.09471
0.00496
0.00708
0.03372
0.05726
0.10206
0.13083
0.00309
0.00351
0.10498
0.10197
0.02095
0.01396
0.13986
0.21493
0.04186
0.07622
0.01526
0.01606
0.00811
0.00778
0.02477
0.03073
0.14992
0.25048
0.02013
0.01594
0.34651
0.16536
0.08133
0.13149
0.05838
0.07402
0.07120
0.03270
0.05504
0.07414
0.02875
0.02361
0.58341
0.21568
0.00229
0.00227
0.02168
0.03867
0.19287
0.05823
0.14652
0.13267
0.02502
0.01691
0.01746
0.01723
0.02705
0.03299
0.00486
0.00310
0.10882
0.06812
0.01478
0.01185
0.45354
0.68007
0.00110
0.00106
0.00489
0.01091
0.11790
0.12534
0.03793
0.04119
0.07355
0.05801
0.03233
0.01986
0.00315
0.00755
0.10098
0.06374
0.10111
0.06122
0.00794
0.00547
0.09515
0.04114
0.15033
0.12100
0.05496
0.06859
0.03837
0.05342
0.01876
0.03999
0.11756
0.11213
0.06422
0.04654
0.19646
0.04818
0.12000
0.61132
0.05829
0.05021
0.01819
0.02843
0.07667
0.09908
0.01394
0.02356
0.10605
0.11238
0.16173
0.12002
0.11190
0.08393
0.00439
0.00554
0.09764
0.02526
0.06564
0.11364
0.04491
0.04747
0.15671
0.10148
0.16885
0.14410
0.01036
0.01063
0.01933
0.01237
0.06469
0.04754
0.01759
0.01755
0.05799
0.02589
0.17878
0.13802
0.02709
0.03734
0.17813
0.15125
0.05812
0.02777
0.00601
0.00813
0.08714
0.13494
0.12494
0.11895
0.01912
0.01748
0.03575
0.01222
0.03218
0.01880
0.05709
0.04532
0.01051
0.00729
0.04752
0.01928
0.00238
0.00255
0.05319
0.03489
0.02235
0.02764
0.07706
0.08509
0.04513
0.04357
0.05360
0.07634
0.09459
0.09521
0.01084
0.02187
0.03524
0.02948
0.17353
0.11975
0.10589
0.07648
0.08350
0.07921
0.03792
0.03741
0.05966
0.04401
0.02469
0.01897
0.06988
0.03015
0.16611
0.16211
0.05407
0.02703
0.11769
0.10499
0.03429
0.03973
0.03159
0.02389
0.03034
0.03392
0.05427
0.02145
0.03332
0.10975
0.02266
0.02474
0.04287
0.04469
0.00352
0.00731
0.02270
0.01996
0.05836
0.04781
0.01207
0.01075
0.06797
0.04929
0.03033
0.02004
0.16888
0.13597
0.00176
0.00241
0.05000
0.06267
0.00256
0.00194
0.09144
0.13139
0.13190
0.13049
0.05981
0.05220
0.13913
0.11877
0.04711
0.05841
0.01594
0.01215
0.11826
0.49695
0.01320
0.01417
0.06495
0.05845
0.00378
0.00454
0.00254
0.00240
0.06646
0.08944
0.03264
0.04806
0.18181
0.14704
0.44418
0.11816
0.02724
0.03308
0.11944
0.15037
0.04710
0.02795
0.00925
0.01159
0.17929
0.26001
0.06072
0.05647
0.11726
0.10589
0.03315
0.01121
0.03479
0.27352
0.01961
0.00993
0.02458
0.04409
0.02833
0.02008
0.05605
0.05176
0.21980
0.21399
0.01786
0.02753
0.03340
0.03681
0.00852
0.00668
0.01320
0.00792
0.00710
0.00367
0.04160
0.01549
0.00337
0.00364
0.02309
0.03494
0.00821
0.01158
0.20310
0.19895
0.05972
0.09461
0.00931
0.00535
0.01861
0.02468
0.08006
0.11631
0.87580
0.48936
0.04573
0.02883
0.01124
0.08176
0.00240
0.00197
0.03015
0.03463
0.22470
0.21835
0.05192
0.04527
0.01620
0.00697
0.12695
0.15877
0.02081
0.04870
0.07451
0.09891
0.07549
0.06255
0.03137
0.01977
0.06130
0.07021
0.03112
0.05030
0.02602
0.04616
0.07247
0.10648
0.16314
0.12915
0.07336
0.05112
0.04930
0.03343
0.07742
0.02956
0.02606
0.03097
0.08348
0.07157
0.05603
0.05303
0.91449
0.73173
0.02914
0.02584
0.05633
0.10653
0.98584
0.92153
0.20708
0.15916
0.13779
0.11512
0.09137
0.09550
0.08283
0.06938
0.03693
0.05701
0.09848
0.11111
0.03542
0.02826
0.05728
0.04802
0.02270
0.02767
0.04503
0.03310
0.04864
0.04194
0.20227
0.20094
0.12067
0.06469
0.01383
0.01317
0.00089
0.00086
0.00709
0.00540
0.17385
0.10509
0.02896
0.02328
0.09904
0.05103
0.13735
0.08996
0.02139
0.02266
0.07681
0.07728
0.17599
0.15546
0.05506
0.03769
0.15444
0.23020
0.09148
0.12011
0.01314
0.00758
0.06806
0.07871
0.03846
0.04533
0.29486
0.22014
0.05886
0.03760
0.01265
0.00916
0.00448
0.00250
0.07354
0.08504
0.02157
0.03482
0.05687
0.06367
0.10117
0.11932
0.02500
0.02158
0.03086
0.02614
0.04902
0.03631
0.04699
0.02020
0.93193
0.88650
0.40478
0.30183
0.02967
0.01816
0.12630
0.18347
0.14765
0.09108
0.00250
0.00280
0.10306
0.09100
0.17656
0.16233
0.06953
0.12262
0.13427
0.12491
0.06266
0.05339
0.11294
0.08537
0.04779
0.03471
0.00451
0.00288
0.01089
0.03362
0.09336
0.06538
0.11508
0.08699
0.14334
0.09323
0.06739
0.09355
0.16014
0.06546
0.50565
0.39295
0.01101
0.02244
0.00857
0.04770
0.01458
0.01398
0.04316
0.06079
0.03835
0.04414
0.02520
0.00969
0.05684
0.06219
0.00962
0.01610
0.06181
0.03754
0.10291
0.06476
0.19714
0.12800
0.05452
0.10311
0.03845
0.01743
0.41422
0.40187
0.03130
0.05382
0.00638
0.00629
0.18209
0.31590
0.01588
0.02813
0.05218
0.09468
0.10123
0.10102
0.02884
0.04212
0.16726
0.06176
0.03470
0.02189
0.05103
0.03465
0.85168
0.92461
0.17878
0.23839
0.15170
0.11382
0.15249
0.15689
0.08901
0.09216
0.24839
0.17267
0.15120
0.03127
0.00833
0.01300
0.06684
0.06446
0.05495
0.02870
0.01191
0.00947
0.03773
0.04138
0.25954
0.25753
0.09823
0.07179
0.08219
0.07256
0.04464
0.02336
0.18877
0.25639
0.02806
0.03259
0.04165
0.03378
0.02567
0.02134
0.10711
0.11784
0.10911
0.10009
0.19345
0.36540
0.06839
0.10696
0.06337
0.08395
0.00626
0.00643
0.36547
0.31995
0.09204
0.13258
0.17256
0.14138
0.73070
0.63337
0.03441
0.04338
0.03114
0.02205
0.05156
0.05713
0.18461
0.28977
0.06893
0.06316
0.04876
0.11634
0.16832
0.14405
0.34941
0.13892
0.00599
0.00367
0.02710
0.01667
0.14566
0.14326
0.09506
0.10825
0.13965
0.11921
0.08294
0.07485
0.08464
0.07923
0.00859
0.01020
0.00278
0.00298
0.08734
0.12619
0.05889
0.07897
0.06862
0.04518
0.04930
0.06690
0.02281
0.01554
0.04812
0.03366
0.05201
0.04512
0.07854
0.09512
0.02400
0.03470
0.05035
0.12621
0.14660
0.08131
0.06371
0.03652
0.00599
0.00649
0.03616
0.02440
0.07356
0.26038
0.31809
0.19856
0.14474
0.07390
0.01384
0.04960
0.01430
0.01391
0.02948
0.09323
0.01147
0.01408
0.08318
0.04106
0.10369
0.23639
0.05973
0.02971
0.02618
0.02300
0.12592
0.17669
0.08423
0.10201
0.03488
0.01545
0.30091
0.34842
0.10144
0.10336
0.02572
0.04214
0.03690
0.06127
0.27185
0.41630
0.15876
0.23372
0.26725
0.25310
0.00468
0.00680
0.01743
0.05307
0.04546
0.03314
0.03609
0.04331
0.02806
0.02114
0.09319
0.11687
0.12356
0.07539
0.05846
0.05726
0.10489
0.14388
0.07430
0.04447
0.01067
0.01477
0.73029
0.53730
0.07548
0.04398
0.02966
0.03471
0.09554
0.01795
0.01733
0.02244
0.01500
0.02130
0.04699
0.07428
0.25689
0.20598
0.85637
0.62313
0.53737
0.43828
0.23115
0.20392
0.00357
0.00334
0.21833
0.11262
0.03680
0.03137
0.02251
0.03990
0.02275
0.01495
0.02318
0.05836
0.20707
0.04697
0.04273
0.02579
0.20650
0.15708
0.03675
0.03883
0.15718
0.04714
0.06689
0.07352
0.01717
0.02078
0.03601
0.03355
0.11933
0.17025
0.18822
0.14028
0.02355
0.02253
0.07504
0.06331
0.05580
0.05597
0.00462
0.00736
0.02564
0.04502
0.08067
0.12168
0.23022
0.16954
0.01582
0.00854
0.08634
0.07500
0.18613
0.13091
0.29924
0.26460
0.05808
0.03036
0.11528
0.13455
0.01231
0.00808
0.03326
0.14108
0.09562
0.07571
0.12977
0.10883
0.00057
0.00058
0.00064
0.00075
0.13022
0.13415
0.07894
0.04096
0.22442
0.14756
0.04544
0.10880
0.01967
0.02953
0.02357
0.05390
0.00747
0.01138
0.00215
0.00203
0.08742
0.07145
0.20696
0.30412
0.06988
0.05046
0.07745
0.06584
0.07793
0.13889
0.07066
0.09767
0.08549
0.10946
0.03219
0.05773
0.13901
0.17881
0.04565
0.04559
0.05331
0.05967
0.04915
0.04094
0.16432
0.21070
0.00581
0.00611
0.06997
0.08697
0.01119
0.01029
0.07539
0.14780
0.02374
0.05299
0.10425
0.09754
0.00701
0.07911
0.01234
0.01013
0.01227
0.01342
0.05915
0.06523
0.13102
0.13264
0.07022
0.05484
0.06234
0.36565
0.31496
0.12314
0.04973
0.03732
0.07320
0.03668
0.03529
0.02813
0.94822
0.45356
0.20903
0.11259
0.14438
0.08404
0.05915
0.03801
0.04888
0.08613
0.00572
0.00475
0.15768
0.07567
0.01921
0.04963
0.02281
0.06590
0.05833
0.25452
0.01206
0.03826
0.06223
0.01415
0.05675
0.07360
0.02803
0.04273
0.01828
0.02933
0.15164
0.13327
0.01882
0.01276
0.00987
0.00863
0.07917
0.07459
0.12972
0.20307
0.03848
0.01521
0.06967
0.18596
0.04380
0.05097
0.09182
0.06376
0.05924
0.03537
0.02649
0.03359
0.32509
0.34099
0.00663
0.00493
0.10215
0.07394
0.07058
0.03806
0.05288
0.05610
0.94124
0.58967
0.23115
0.17837
0.12714
0.17944
0.20474
0.23860
0.04815
0.06640
0.01084
0.01020
0.03433
0.02957
0.02747
0.03564
0.00665
0.00500
0.05348
0.05318
0.00161
0.00188
0.13283
0.10916
0.05079
0.06663
0.02906
0.03468
0.06468
0.02189
0.00831
0.00479
0.10912
0.06505
0.06357
0.07969
0.07521
0.07239
0.02811
0.05089
0.17509
0.11248
0.07663
0.06327
0.06481
0.06256
0.07268
0.10665
0.00554
0.00702
0.02659
0.01714
0.08534
0.18951
0.11723
0.14269
0.10911
0.10365
0.05290
0.05260
0.11499
0.17173
0.12564
0.09713
0.05162
0.05593
0.04959
0.01116
0.18571
0.09684
0.15147
0.10170
0.07283
0.04342
0.08027
0.08626
0.17941
0.17849
0.06079
0.03447
0.01542
0.00809
0.01267
0.02577
0.03174
0.03437
0.16238
0.07345
0.00149
0.00112
0.04012
0.06280
0.05320
0.03651
0.07253
0.05540
0.17350
0.14233
0.07936
0.21665
0.04833
0.06068
0.19438
0.08964
0.06762
0.10170
0.00848
0.01040
0.08268
0.04681
0.10612
0.09249
0.22571
0.18423
0.14073
0.10473
0.04577
0.04460
0.23359
0.14018
0.19170
0.16010
0.01736
0.03681
0.92635
0.33181
0.08313
0.10633
0.06808
0.11561
0.08294
0.10241
0.05598
0.06294
0.02883
0.01697
0.00804
0.02624
0.07940
0.06182
0.01301
0.01136
0.06168
0.02404
0.04693
0.06527
0.10544
0.98480
0.09085
0.22729
0.02648
0.03240
0.12152
0.05714
0.01789
0.01367
0.02059
0.03115
0.53299
0.41066
0.04965
0.05189
0.03798
0.08984
0.08586
0.12149
0.07587
0.11727
0.00865
0.00242
0.04209
0.02808
0.35899
0.27090
0.10615
0.08423
0.05905
0.04931
0.23580
0.25176
0.15349
0.08348
0.02918
0.03684
0.03940
0.04555
0.07249
0.07721
0.20558
0.16843
0.00412
0.00486
0.01540
0.00734
0.01310
0.01646
0.03236
0.00738
0.05322
0.02613
0.24026
0.36371
0.06682
0.07635
0.06936
0.07315
0.05439
0.06665
0.04817
0.01923
0.03949
0.02055
0.09182
0.03248
0.02528
0.01470
0.00216
0.00234
0.03585
0.03838
0.01568
0.01852
0.04002
0.03584
0.01911
0.01488
0.04671
0.02710
0.03706
0.03880
0.17275
0.14382
0.03530
0.10033
0.05844
0.05651
0.04964
0.03743
0.04249
0.03024
0.13698
0.05037
0.10902
0.11643
0.00152
0.00199
0.03443
0.02481
0.05705
0.09720
0.04355
0.06271
0.13493
0.04538
0.12294
0.23405
0.00192
0.00168
0.15448
0.32845
0.09326
0.07212
0.00798
0.00716
0.03405
0.03276
0.11162
0.06666
0.22278
0.22506
0.07455
0.08993
0.02627
0.02059
0.07197
0.05080
0.01780
0.04929
0.01452
0.01082
0.00500
0.00394
0.02753
0.02234
0.32443
0.28055
0.14790
0.14096
0.01516
0.01525
0.09052
0.06252
0.01894
0.01073
0.06281
0.03083
0.22123
0.08311
0.08191
0.05765
0.07849
0.05224
0.01770
0.03543
0.10786
0.08009
0.07830
0.05855
0.01435
0.01235
0.02390
0.01187
0.10669
0.08667
0.01280
0.01865
0.00659
0.00645
0.03264
0.04943
0.00554
0.00783
0.00399
0.00561
0.00987
0.02746
0.01173
0.01238
0.02745
0.02155
0.08057
0.04481
0.02971
0.02373
0.03693
0.07100
0.13600
0.96243
0.04280
0.06732
0.11557
0.12393
0.98369
0.23241
0.00343
0.00863
0.02864
0.02361
0.11534
0.08035
0.12392
0.09901
0.00291
0.00461
0.00397
0.01225
0.50166
0.72107
0.54087
0.17664
0.00508
0.00439
0.04230
0.02185
0.17983
0.03112
0.02034
0.01148
0.01403
0.01167
0.03839
0.03250
0.11246
0.03778
0.06195
0.14597
0.07576
0.05436
0.13115
0.07361
0.08141
0.05814
0.03116
0.02026
0.03230
0.01847
0.02942
0.05571
0.00994
0.00980
0.00133
0.00118
0.05814
0.06608
0.24617
0.11354
0.13067
0.10665
0.05702
0.05038
0.12910
0.15746
0.07610
0.11160
0.13990
0.07824
0.71978
0.16962
0.15821
0.09036
0.27019
0.19544
0.05502
0.01938
0.01004
0.01300
0.03271
0.02363
0.03755
0.06461
0.04806
0.12189
0.01693
0.00824
0.26920
0.25035
0.63883
0.58835
0.07246
0.08353
0.03019
0.05065
0.12045
0.06080
0.00334
0.00495
0.05485
0.11035
0.08371
0.07251
0.19134
0.02547
0.04552
0.06242
0.00672
0.00450
0.20466
0.17014
0.24006
0.25410
0.02904
0.05649
0.01954
0.00576
0.00501
0.00407
0.02978
0.09694
0.00246
0.00186
0.28145
0.23234
0.00800
0.00700
0.13280
0.14200
0.00575
0.01464
0.00410
0.00131
0.02779
0.02035
0.01175
0.01297
0.07344
0.06375
0.13225
0.04710
0.01141
0.01521
0.00863
0.01062
0.05010
0.03825
0.12113
0.06764
0.01816
0.00964
0.22976
0.21942
0.01719
0.01517
0.28921
0.25795
0.14200
0.11455
0.06648
0.06088
0.12520
0.18472
0.06179
0.08477
0.22817
0.19864
0.06283
0.05172
0.95131
0.95280
0.14147
0.03237
0.02497
0.02363
0.14330
0.93247
0.15184
0.14057
0.11295
0.09063
0.06142
0.09723
0.01265
0.02018
0.10044
0.07490
0.01962
0.02052
0.16157
0.10233
0.05408
0.04050
0.06535
0.08517
0.12082
0.14703
0.06710
0.03797
0.22196
0.26913
0.09309
0.12793
0.05440
0.04483
0.13060
0.11283
0.18984
0.21624
0.02374
0.01775
0.13971
0.24869
0.01137
0.02576
0.04375
0.04629
0.57318
0.49263
0.19937
0.08671
0.01143
0.00770
0.03507
0.02794
0.04102
0.04718
0.08792
0.04053
0.00177
0.00147
0.78419
0.12834
0.11461
0.13306
0.73809
0.72860
0.03183
0.02992
0.15307
0.01400
0.07734
0.05401
0.07324
0.07838
0.00480
0.00269
0.15571
0.17320
0.02015
0.01729
0.00452
0.00840
0.07025
0.06514
0.02837
0.01656
0.06783
0.09482
0.35542
0.32975
0.04926
0.02652
0.09675
0.10149
0.02809
0.04860
0.00454
0.01031
0.05254
0.08619
0.07115
0.06685
0.12408
0.11216
0.40416
0.09918
0.03383
0.02449
0.03347
0.01993
0.16957
0.20609
0.00544
0.00341
0.05621
0.06145
0.02869
0.05881
0.01753
0.02890
0.00161
0.00112
0.00132
0.00141
0.07548
0.06070
0.82104
0.02935
0.05730
0.12879
0.17443
0.13222
0.14966
0.09089
0.07278
0.08107
0.11752
0.10971
0.15564
0.09463
0.69729
0.81217
0.03158
0.05028
0.02561
0.02535
0.02893
0.03743
0.00598
0.00564
0.04549
0.05874
0.03226
0.02532
0.06043
0.13970
0.00712
0.00676
0.01991
0.02198
0.04763
0.07859
0.06796
0.03605
0.00726
0.00878
0.07499
0.21796
0.16108
0.14476
0.06116
0.06222
0.15360
0.19933
0.05391
0.01669
0.18639
0.14332
0.02250
0.01422
0.10441
0.06142
0.18539
0.19954
0.01451
0.01225
0.03407
0.04482
0.34840
0.24690
0.05499
0.05250
0.02323
0.01531
0.07206
0.03591
0.02164
0.07153
0.02137
0.01159
0.02129
0.02272
0.13923
0.13975
0.07682
0.08023
0.08729
0.09873
0.07057
0.06696
0.05936
0.08722
0.10851
0.06474
0.06447
0.10749
0.09250
0.10945
0.86019
0.86673
0.03497
0.04433
0.08690
0.11610
0.02098
0.01591
0.03253
0.03427
0.03232
0.02406
0.04690
0.05577
0.06319
0.09989
0.13459
0.20747
0.00093
0.00082
0.80990
0.79458
0.15837
0.08025
0.17137
0.22390
0.11433
0.10975
0.11154
0.02768
0.17162
0.08723
0.05122
0.05304
0.80166
0.73779
0.10881
0.12948
0.09181
0.08797
0.09208
0.15461
0.17839
0.21910
0.04299
0.06639
0.05839
0.04579
0.06379
0.06677
0.10657
0.07647
0.10821
0.18125
0.20610
0.06556
0.14705
0.74590
0.01281
0.03352
0.11159
0.18105
0.07643
0.09863
0.56080
0.22740
0.01764
0.03473
0.00306
0.00586
0.03256
0.02470
0.15276
0.13499
0.14875
0.07686
0.31170
0.31705
0.13217
0.03547
0.04437
0.02498
0.18609
0.26439
0.05313
0.07381
0.08807
0.07118
0.09102
0.25670
0.02687
0.03535
0.37435
0.29108
0.11198
0.12590
0.00522
0.01524
0.22369
0.17997
0.20126
0.11881
0.01667
0.01998
0.06787
0.04913
0.01953
0.01611
0.03437
0.02367
0.01222
0.01421
0.00841
0.00733
0.05677
0.06711
0.00232
0.00219
0.06039
0.06710
0.00636
0.00438
0.10510
0.09150
0.04623
0.03695
0.00442
0.00421
0.05324
0.03675
0.00221
0.00249
0.05262
0.16788
0.01601
0.01938
0.74232
0.73353
0.10118
0.12341
0.01811
0.01945
0.13061
0.10934
0.11232
0.10340
0.07012
0.06663
0.04710
0.02346
0.01934
0.03026
0.03079
0.07760
0.01856
0.02120
0.12801
0.12961
0.02327
0.03253
0.15016
0.18468
0.06441
0.07410
0.06939
0.08348
0.16463
0.19291
0.03997
0.03946
0.06090
0.04504
0.26878
0.20154
0.21230
0.18669
0.17832
0.18392
0.10693
0.08909
0.02653
0.04100
0.05466
0.12198
0.67242
0.59104
0.03494
0.05588
0.91529
0.19594
0.13805
0.11743
0.03132
0.05747
0.12047
0.06663
0.28808
0.29200
0.17705
0.10149
0.10511
0.09080
0.04547
0.04536
0.03575
0.04402
0.24668
0.22488
0.00771
0.00623
0.94951
0.93844
0.07636
0.04447
0.04935
0.02561
0.07186
0.03334
0.00937
0.01709
0.02823
0.02191
0.09658
0.10509
0.03201
0.03650
0.02577
0.04988
0.07621
0.04242
0.09871
0.05803
0.08141
0.03242
0.01242
0.01241
0.02700
0.04232
0.43743
0.42332
0.02898
0.02344
0.04439
0.02484
0.14723
0.11175
0.04952
0.03525
0.07341
0.07327
0.06555
0.07522
0.30744
0.08885
0.02911
0.03069
0.03237
0.06934
0.08054
0.18489
0.08023
0.02534
0.00906
0.01166
0.01373
0.00867
0.07722
0.07955
0.12106
0.14531
0.13499
0.13855
0.15441
0.15778
0.18767
0.17790
0.02152
0.05705
0.00170
0.00363
0.01054
0.03394
0.01458
0.01778
0.06517
0.06292
0.68340
0.28360
0.01917
0.01926
0.23020
0.50193
0.08717
0.05026
0.09234
0.08427
0.01153
0.12999
0.01515
0.00740
0.00369
0.00522
0.01853
0.01964
0.07235
0.04531
0.09550
0.04726
0.08661
0.07138
0.13913
0.12375
0.03014
0.01157
0.03048
0.03525
0.00512
0.00512
0.03675
0.07496
0.00973
0.00372
0.02023
0.01835
0.02877
0.01859
0.04020
0.03098
0.05479
0.07478
0.11169
0.15713
0.02345
0.02802
0.00144
0.00113
0.50559
0.11178
0.00436
0.00445
0.07235
0.08608
0.02314
0.02505
0.08916
0.07073
0.00438
0.00288
0.04256
0.01973
0.17250
0.24035
0.03908
0.05685
0.82238
0.01660
0.11579
0.09571
0.13366
0.11127
0.06470
0.06111
0.09411
0.14076
0.03382
0.04165
0.24596
0.18079
0.00870
0.01024
0.21653
0.19210
0.03798
0.02749
0.03096
0.01706
0.11636
0.07013
0.17522
0.15240
0.52275
0.70387
0.04640
0.07036
0.04528
0.05440
0.24117
0.48949
0.23810
0.23785
0.18842
0.16202
0.06903
0.14443
0.02399
0.02038
0.01025
0.01185
0.04462
0.03235
0.12474
0.11102
0.00543
0.00381
0.04952
0.04306
0.01872
0.03357
0.24205
0.26897
0.00249
0.00294
0.02373
0.01847
0.06346
0.03138
0.04460
0.02772
0.06265
0.08443
0.22035
0.16091
0.00119
0.00129
0.00184
0.00083
0.03153
0.03047
0.10738
0.06003
0.00814
0.00769
0.07960
0.04267
0.11218
0.11353
0.18034
0.16636
0.02527
0.01726
0.39707
0.51865
0.02353
0.04359
0.08654
0.11101
0.24963
0.13408
0.02957
0.01911
0.04147
0.05906
0.02154
0.04359
0.22612
0.27680
0.03390
0.03669
0.96576
0.93841
0.04272
0.04551
0.24056
0.25183
0.07385
0.07619
0.01904
0.02927
0.12965
0.14656
0.02507
0.03822
0.13404
0.10577
0.04329
0.07646
0.93016
0.66280
0.13772
0.06863
0.00392
0.00372
0.00408
0.00293
0.01181
0.00926
0.07833
0.11861
0.00863
0.00970
0.15832
0.09091
0.11212
0.08336
0.02435
0.01835
0.05074
0.08955
0.15910
0.18947
0.00405
0.00299
0.01581
0.02873
0.04227
0.01413
0.06125
0.05323
0.10759
0.06443
0.19205
0.12456
0.02151
0.00562
0.01247
0.00589
0.06919
0.08092
0.09224
0.17080
0.12495
0.06670
0.17690
0.13617
0.01949
0.03183
0.04018
0.11840
0.00314
0.00425
0.03866
0.02048
0.17857
0.15762
0.97015
0.96359
0.06119
0.05668
0.26216
0.28739
0.82529
0.93429
0.06583
0.10411
0.00328
0.00387
0.08873
0.08186
0.12567
0.01392
0.02418
0.02518
0.01438
0.02049
0.01757
0.01387
0.03223
0.05277
0.16970
0.11171
0.03280
0.01978
0.07873
0.06609
0.10949
0.09363
0.02438
0.01294
0.03597
0.03291
0.58511
0.48901
0.10057
0.10041
0.03366
0.02863
0.04665
0.04820
0.03797
0.09416
0.03864
0.04151
0.00804
0.00833
0.02250
0.01731
0.11028
0.07681
0.39955
0.18016
0.06314
0.02702
0.17345
0.07809
0.06423
0.07280
0.03863
0.03001
0.00457
0.00618
0.01681
0.00661
0.05667
0.02258
0.04681
0.02720
0.02589
0.01305
0.02002
0.00821
0.00575
0.03828
0.02314
0.02808
0.07032
0.09510
0.11170
0.04207
0.10409
0.16421
0.04537
0.03249
0.08519
0.10238
0.06038
0.06019
0.09148
0.07181
0.04740
0.05983
0.01717
0.04590
0.07147
0.08145
0.03632
0.02858
0.00987
0.01031
0.01995
0.03259
0.00845
0.00782
0.01204
0.01922
0.14470
0.13950
0.03082
0.04503
0.02648
0.03421
0.12365
0.16214
0.02777
0.01621
0.06047
0.06380
0.02548
0.02714
0.02051
0.02517
0.12078
0.09920
0.17842
0.17890
0.04981
0.06774
0.11056
0.04517
0.04937
0.05429
0.00866
0.00636
0.07424
0.08641
0.08537
0.00748
0.01214
0.01110
0.73633
0.55410
0.01983
0.03013
0.07489
0.08435
0.15380
0.05750
0.23626
0.25134
0.20792
0.33663
0.05617
0.07870
0.09772
0.08201
0.04684
0.05820
0.05815
0.08127
0.12423
0.17399
0.08906
0.04572
0.21598
0.32569
0.01769
0.02952
0.15501
0.15451
0.13947
0.13952
0.04589
0.04534
0.15620
0.17996
0.22930
0.05453
0.20988
0.03299
0.08465
0.06478
0.00983
0.00843
0.09429
0.09584
0.03207
0.02295
0.15467
0.12952
0.23798
0.18814
0.12719
0.10949
0.00615
0.00591
0.02660
0.02771
0.06448
0.07420
0.03690
0.03624
0.02278
0.01954
0.08154
0.06729
0.01164
0.00946
0.00423
0.00895
0.02864
0.03506
0.10910
0.19825
0.05092
0.03653
0.09176
0.05860
0.01147
0.01138
0.00099
0.00106
0.70684
0.04973
0.10450
0.21944
0.01315
0.01701
0.17067
0.15631
0.00279
0.00306
0.03624
0.02836
0.00221
0.00288
0.04842
0.07224
0.02171
0.01616
0.04502
0.02869
0.10071
0.06148
0.00141
0.00088
0.11755
0.13276
0.04669
0.02832
0.85760
0.08069
0.11427
0.22014
0.01569
0.00634
0.01806
0.02050
0.01660
0.01288
0.69712
0.76685
0.01669
0.01228
0.43187
0.14211
0.14711
0.12082
0.00795
0.00728
0.63206
0.22162
0.02611
0.02837
0.95979
0.97074
0.12581
0.17104
0.11095
0.11735
0.02677
0.05734
0.02683
0.05158
0.16132
0.16102
0.00248
0.00198
0.05302
0.05034
0.02310
0.00616
0.08825
0.20892
0.02937
0.03879
0.70275
0.33466
0.09865
0.07747
0.25696
0.34495
0.01820
0.03952
0.04664
0.04191
0.00589
0.00569
0.06585
0.10841
0.04015
0.04429
0.02181
0.04222
0.49551
0.38346
0.02820
0.02505
0.00633
0.00528
0.01799
0.02975
0.02150
0.01526
0.34547
0.74296
0.12120
0.08110
0.07256
0.09757
0.09181
0.08214
0.04857
0.04141
0.05492
0.02377
0.15020
0.10718
0.06688
0.04132
0.07565
0.12648
0.05403
0.04727
0.12117
0.15369
0.18328
0.47091
0.08090
0.03175
0.00937
0.00849
0.00439
0.00393
0.30073
0.13207
0.12147
0.09902
0.15046
0.06026
0.00428
0.00455
0.01016
0.02067
0.03295
0.05124
0.01986
0.03235
0.02180
0.02029
0.01501
0.01216
0.00159
0.00264
0.06252
0.04256
0.85464
0.25590
0.03306
0.03220
0.02353
0.02043
0.00940
0.12194
0.09207
0.17365
0.01045
0.00897
0.01021
0.01016
0.02414
0.02211
0.07287
0.02663
0.17551
0.18564
0.04189
0.04839
0.12117
0.06420
0.10027
0.08807
0.03398
0.01735
0.03734
0.02680
0.66257
0.20306
0.00322
0.00296
0.10698
0.12014
0.11929
0.12360
0.05304
0.03672
0.03804
0.04495
0.22990
0.27083
0.10391
0.13740
0.01908
0.02345
0.06470
0.06784
0.09434
0.07442
0.01756
0.01755
0.00577
0.00435
0.00543
0.00354
0.25751
0.58392
0.09029
0.11219
0.02602
0.05337
0.29347
0.15887
0.04263
0.02191
0.00678
0.00889
0.03410
0.04670
0.01598
0.00612
0.08488
0.10820
0.06696
0.05927
0.03653
0.02569
0.06465
0.07017
0.00565
0.00642
0.02161
0.03035
0.40954
0.68547
0.01105
0.01489
0.04393
0.08092
0.14149
0.05230
0.05118
0.14734
0.01243
0.00780
0.02845
0.02437
0.12264
0.02769
0.00300
0.00385
0.01724
0.01277
0.04824
0.08163
0.15112
0.27241
0.00141
0.00245
0.00357
0.00353
0.01125
0.00927
0.14591
0.04581
0.04979
0.00969
0.02012
0.01339
0.00701
0.00464
0.00932
0.00908
0.00707
0.00890
0.16242
0.11883
0.07763
0.08967
0.13258
0.17512
0.98998
0.15561
0.10315
0.17690
0.35883
0.08685
0.00841
0.00405
0.05748
0.05708
0.08062
0.07474
0.00270
0.00386
0.12927
0.14182
0.10602
0.20985
0.04108
0.01243
0.02241
0.02210
0.00473
0.00313
0.01478
0.01418
0.01002
0.00608
0.08262
0.11937
0.05989
0.03357
0.05023
0.02532
0.04413
0.02911
0.04146
0.03323
0.01038
0.03338
0.61809
0.82034
0.01684
0.06639
0.18334
0.12119
0.01590
0.01377
0.03434
0.05401
0.02204
0.02171
0.14239
0.11106
0.65972
0.87248
0.09311
0.09715
0.25704
0.05855
0.07409
0.06726
0.05697
0.02583
0.03927
0.05073
0.05357
0.01243
0.03474
0.04729
0.13739
0.11438
0.02619
0.02037
0.00428
0.00617
0.19214
0.19605
0.32553
0.15605
0.36896
0.05689
0.01087
0.01242
0.03874
0.03868
0.15186
0.11830
0.02564
0.02105
0.21108
0.09719
0.05446
0.04804
0.02799
0.00997
0.19016
0.10821
0.00534
0.00617
0.01083
0.09609
0.03050
0.01624
0.01380
0.00985
0.70516
0.81317
0.05014
0.10667
0.00492
0.00417
0.06371
0.06914
0.00705
0.00934
0.00505
0.00358
0.13105
0.09888
0.03494
0.01513
0.00967
0.01753
0.14146
0.20621
0.02620
0.04665
0.79926
0.51405
0.04731
0.04575
0.00411
0.00446
0.80385
0.16875
0.01044
0.01183
0.02041
0.02364
0.02019
0.01469
0.09141
0.05718
0.22635
0.07003
0.04345
0.04180
0.98135
0.98002
0.01568
0.02033
0.00333
0.00277
0.15413
0.05819
0.00685
0.00739
0.01187
0.01036
0.00889
0.01201
0.03713
0.03080
0.01491
0.01248
0.00746
0.00735
0.00648
0.00751
0.01317
0.01632
0.02623
0.08209
0.01521
0.02167
0.07269
0.07724
0.01386
0.01052
0.02368
0.02608
0.00917
0.01191
0.03108
0.03127
0.80487
0.15798
0.15067
0.14444
0.03408
0.02900
0.09837
0.03932
0.00979
0.00843
0.15042
0.38528
0.03192
0.02676
0.01730
0.02274
0.02148
0.16797
0.04861
0.02530
0.01322
0.02920
0.03999
0.03606
0.15740
0.49931
0.00757
0.00457
0.09337
0.14218
0.86918
0.19081
0.06112
0.04957
0.00579
0.00922
0.00953
0.02292
0.82005
0.81523
0.03831
0.05334
0.30077
0.11196
0.04023
0.06445
0.04168
0.02613
0.17756
0.18903
0.00608
0.00764
0.13559
0.10356
0.36112
0.20825
0.04078
0.03259
0.10298
0.09041
0.17109
0.10898
0.03463
0.03845
0.00509
0.00578
0.07097
0.08705
0.03792
0.03438
0.04157
0.02684
0.02087
0.02392
0.02030
0.02910
0.19634
0.11710
0.03033
0.02675
0.04136
0.02164
0.13030
0.07762
0.23981
0.19136
0.01132
0.00848
0.11237
0.29795
0.12350
0.14256
0.10489
0.92663
0.38155
0.11783
0.25641
0.19663
0.03035
0.03121
0.03431
0.03927
0.11003
0.12309
0.00323
0.00414
0.14031
0.12211
0.20025
0.11244
0.13160
0.08621
0.02117
0.06285
0.10373
0.07708
0.01661
0.02020
0.04650
0.03662
0.06124
0.03221
0.00704
0.01352
0.00566
0.00545
0.03289
0.03163
0.08316
0.07898
0.05760
0.13190
0.01248
0.01369
0.12735
0.10010
0.01885
0.02431
0.01342
0.02806
0.02358
0.02641
0.01762
0.03368
0.01454
0.01237
0.00560
0.01071
0.00173
0.00208
0.01369
0.01275
0.26957
0.25173
0.01966
0.01310
0.01708
0.01220
0.11815
0.07045
0.02768
0.04617
0.21462
0.20153
0.05593
0.02807
0.20984
0.18834
0.11892
0.16730
0.10718
0.08095
0.01227
0.02129
0.14196
0.12064
0.08947
0.11574
0.03834
0.02897
0.21482
0.16522
0.00316
0.00297
0.01639
0.00509
0.03824
0.02333
0.16013
0.07218
0.07922
0.09742
0.10807
0.13889
0.00743
0.01230
0.10927
0.06983
0.09708
0.09764
0.37348
0.18229
0.01503
0.01364
0.25703
0.22330
0.08747
0.08063
0.05094
0.04513
0.09101
0.15219
0.03811
0.02919
0.11952
0.10834
0.01039
0.01125
0.03146
0.03363
0.05273
0.03198
0.02597
0.01388
0.06326
0.03826
0.00848
0.00981
0.12672
0.18482
0.04189
0.02482
0.03543
0.02577
0.03530
0.07986
0.17659
0.19610
0.03106
0.04877
0.73190
0.06603
0.07784
0.08168
0.16408
0.06809
0.22874
0.15391
0.01933
0.03580
0.09430
0.05412
0.16712
0.13919
0.01793
0.02147
0.33861
0.08642
0.01302
0.02542
0.10022
0.12983
0.06697
0.09542
0.04097
0.02341
0.02058
0.04985
0.11622
0.06267
0.03112
0.05551
0.01101
0.00555
0.09802
0.14029
0.20064
0.33241
0.03194
0.04343
0.38153
0.09399
0.02763
0.02157
0.02518
0.01118
0.11859
0.10835
0.06076
0.08504
0.01616
0.01398
0.05983
0.09882
0.07688
0.09072
0.27969
0.15367
0.10094
0.04899
0.05849
0.06349
0.00520
0.00777
0.31720
0.33577
0.17047
0.14828
0.05325
0.07426
0.03779
0.04169
0.00421
0.00205
0.00329
0.00241
0.03489
0.02508
0.18917
0.28166
0.05129
0.06865
0.01659
0.02016
0.07671
0.10813
0.00180
0.00261
0.03978
0.05248
0.02938
0.03150
0.04729
0.03920
0.16336
0.23676
0.09284
0.08006
0.16797
0.13960
0.01671
0.00613
0.14440
0.22620
0.00856
0.00675
0.00238
0.00266
0.01180
0.01019
0.00166
0.00154
0.27092
0.49306
0.06613
0.06252
0.01864
0.01927
0.02655
0.02476
0.01035
0.02033
0.10354
0.07450
0.00692
0.00379
0.05511
0.06447
0.15611
0.13310
0.02305
0.03360
0.94567
0.20582
0.68894
0.82259
0.00762
0.00884
0.01113
0.01352
0.01602
0.01322
0.15443
0.13555
0.04465
0.05054
0.07798
0.08723
0.09057
0.11174
0.00462
0.00212
0.03120
0.01801
0.24341
0.24092
0.98612
0.36547
0.08704
0.06589
0.08588
0.10110
0.02872
0.06854
0.19455
0.17986
0.09064
0.25510
0.02483
0.03181
0.04214
0.04140
0.13803
0.06905
0.10617
0.09040
0.01789
0.01286
0.20366
0.10647
0.09082
0.01651
0.16049
0.11556
0.26366
0.30395
0.05046
0.04814
0.18718
0.18798
0.02410
0.02100
0.08296
0.07598
0.01346
0.00992
0.00773
0.00733
0.01821
0.02015
0.09071
0.10181
0.19072
0.16708
0.02560
0.03134
0.00266
0.00295
0.03567
0.03956
0.02834
0.03989
0.06527
0.03576
0.29344
0.23691
0.03059
0.12488
0.00589
0.00558
0.54127
0.04624
0.00094
0.00121
0.01674
0.01229
0.02877
0.05221
0.10581
0.11702
0.12821
0.13515
0.00576
0.00853
0.03563
0.02618
0.00072
0.00065
0.10882
0.08086
0.02106
0.01342
0.04085
0.01859
0.01066
0.00609
0.01343
0.01588
0.03127
0.00963
0.06479
0.04174
0.02232
0.03407
0.07943
0.03948
0.03134
0.01750
0.26778
0.31023
0.00831
0.00484
0.05813
0.06719
0.00157
0.00159
0.06303
0.06365
0.02481
0.02548
0.12409
0.09570
0.04838
0.01217
0.00062
0.00079
0.09432
0.10670
0.10889
0.08358
0.01771
0.04049
0.09562
0.05002
0.01199
0.02460
0.00344
0.00417
0.01874
0.02035
0.04846
0.04906
0.09723
0.12637
0.08995
0.07739
0.10935
0.14061
0.08277
0.14091
0.01082
0.01082
0.07271
0.06124
0.00632
0.00450
0.07764
0.09113
0.04039
0.07480
0.07699
0.06932
0.03574
0.01838
0.06204
0.06172
0.13104
0.05312
0.00842
0.01215
0.06248
0.03368
0.15743
0.08232
0.01405
0.00463
0.03411
0.01887
0.02571
0.02933
0.05637
0.03483
0.90481
0.92797
0.08718
0.04430
0.06791
0.09389
0.04570
0.03070
0.18895
0.20792
0.04945
0.03636
0.08232
0.12146
0.06185
0.10773
0.10715
0.07334
0.10960
0.05848
0.29991
0.10562
0.02961
0.04416
0.01051
0.02568
0.16364
0.13710
0.08087
0.12856
0.14640
0.18324
0.09092
0.11295
0.18437
0.13283
0.08907
0.13091
0.09879
0.08395
0.10513
0.07621
0.02701
0.03538
0.29534
0.12243
0.00725
0.00503
0.02761
0.01783
0.13646
0.23502
0.09154
0.12976
0.07960
0.13721
0.17925
0.03495
0.01695
0.00961
0.01393
0.01889
0.04713
0.04830
0.09751
0.12056
0.36287
0.52449
0.07396
0.10852
0.04779
0.04399
0.08732
0.05028
0.07665
0.09088
0.03038
0.03603
0.10001
0.16247
0.12723
0.16102
0.14270
0.14780
0.96778
0.42501
0.02700
0.01720
0.02948
0.02240
0.11657
0.12402
0.01995
0.02112
0.15620
0.31572
0.01299
0.01844
0.07872
0.13115
0.82425
0.91526
0.13134
0.17694
0.06038
0.01386
0.04479
0.04380
0.04915
0.02549
0.00923
0.46136
0.01356
0.01238
0.02302
0.01628
0.07531
0.06156
0.00693
0.00469
0.01756
0.01070
0.10354
0.14935
0.02050
0.01386
0.08125
0.06498
0.24669
0.11757
0.00722
0.01940
0.05070
0.05035
0.00567
0.00461
0.01007
0.01040
0.00160
0.00118
0.00823
0.00851
0.21146
0.10678
0.03249
0.09054
0.02265
0.04003
0.00205
0.00230
0.08887
0.13297
0.11283
0.26829
0.00369
0.00258
0.06790
0.04530
0.12586
0.13533
0.08667
0.12653
0.13062
0.12397
0.85696
0.15594
0.04890
0.04798
0.01489
0.00950
0.05948
0.01878
0.05943
0.08136
0.13965
0.06775
0.05793
0.07157
0.02812
0.02047
0.12546
0.62969
0.04250
0.04517
0.22832
0.26451
0.02322
0.05020
0.15788
0.10229
0.08196
0.13208
0.15678
0.14245
0.09137
0.11957
0.02904
0.00245
0.01300
0.01009
0.25481
0.06320
0.31281
0.36294
0.03873
0.03424
0.00675
0.00665
0.04570
0.04716
0.15491
0.15622
0.11968
0.15322
0.01393
0.01485
0.03100
0.02685
0.02838
0.02057
0.01017
0.00622
0.01354
0.00949
0.00642
0.00538
0.00377
0.00117
0.00739
0.00625
0.06593
0.06677
0.65695
0.74526
0.08761
0.04429
0.00154
0.00097
0.01120
0.00846
0.00394
0.00268
0.00329
0.00557
0.00327
0.00322
0.00316
0.00697
0.00118
0.00124
0.00310
0.00302
0.01455
0.00810
0.00131
0.00132
0.00345
0.00315
0.00604
0.00602
0.00472
0.00329
0.01345
0.00796
0.01094
0.00957
0.01054
0.00791
0.00231
0.00638
0.01151
0.00876
0.01765
0.01627
0.00099
0.00084
0.01042
0.00957
0.00511
0.00313
0.00612
0.00441
0.00322
0.00175
0.01245
0.00891
0.00868
0.01094
0.01887
0.01276
0.00517
0.00663
0.01769
0.01745
0.12034
0.09221
0.00065
0.00091
0.02321
0.02093
0.00420
0.00350
0.00845
0.01515
0.00309
0.00573
0.01510
0.02843
0.00597
0.00503
0.03683
0.04122
0.04956
0.04488
0.29720
0.15130
0.24884
0.22785
0.05891
0.05331
0.12981
0.13302
0.00414
0.00294
0.00615
0.01005
0.01591
0.01516
0.02461
0.01095
0.00511
0.01705
0.08743
0.05910
0.01907
0.02517
0.01852
0.01527
0.11967
0.19748
0.00683
0.00487
0.00197
0.00317
0.00078
0.00106
0.00182
0.00222
0.00755
0.00732
0.02636
0.05305
0.04277
0.01933
0.02945
0.01777
0.00598
0.00917
0.25610
0.13468
0.08533
0.10342
0.00158
0.00113
0.02189
0.00951
0.02827
0.02274
0.02859
0.02722
0.03016
0.02450
0.01937
0.01850
0.03331
0.02237
0.00622
0.01538
0.15154
0.02323
0.03853
0.04511
0.00249
0.00133
0.00295
0.00557
0.10860
0.01506
0.00239
0.00232
0.02123
0.02195
0.02176
0.01946
0.02485
0.03457
0.01660
0.11844
0.00185
0.00197
0.02123
0.01165
0.07819
0.09193
0.03043
0.07500
0.01101
0.01212
0.04403
0.06483
0.04042
0.02545
0.01548
0.00746
0.01389
0.01112
0.00612
0.00632
0.08713
0.00156
0.06101
0.03680
0.04778
0.01999
0.00385
0.00524
0.00116
0.00103
0.02901
0.06176
0.13436
0.13610
0.04739
0.03719
0.00081
0.00161
0.21676
0.13203
0.06037
0.04610
0.07954
0.03250
0.09967
0.05747
0.28274
0.36268
0.03797
0.03311
0.07218
0.08012
0.22229
0.32876
0.00273
0.00242
0.03714
0.02850
0.11917
0.10357
0.05081
0.05173
0.01775
0.01437
0.09146
0.08258
0.00518
0.00435
0.29818
0.11464
0.01548
0.01079
0.01644
0.03869
0.00652
0.00890
0.03944
0.07084
0.02243
0.03731
0.00276
0.00236
0.06756
0.06733
0.08393
0.04887
0.08117
0.06987
0.04195
0.01072
0.00504
0.00820
0.01133
0.01650
0.00070
0.00065
0.03132
0.03238
0.00583
0.00907
0.00267
0.00393
0.02387
0.02772
0.03895
0.02530
0.04268
0.01724
0.00350
0.00550
0.00171
0.00234
0.03170
0.00526
0.01600
0.01334
0.02800
0.00811
0.01930
0.03422
0.06792
0.11466
0.04697
0.04694
0.03232
0.03305
0.00293
0.00255
0.05385
0.07918
0.01569
0.01335
0.01832
0.01198
0.01473
0.02556
0.00932
0.00707
0.04880
0.02054
0.00854
0.00639
0.02042
0.03954
0.02013
0.02088
0.06048
0.05749
0.01223
0.01316
0.00990
0.01033
0.00505
0.00360
0.04521
0.10645
0.42574
0.86256
0.07873
0.03301
0.00229
0.00172
0.00994
0.00617
0.09211
0.15200
0.13787
0.12830
0.00536
0.01337
0.00749
0.00672
0.07117
0.01516
0.00257
0.00313
0.01734
0.01201
0.01477
0.01029
0.00554
0.00663
0.02759
0.02465
0.06914
0.09704
0.04174
0.06569
0.01098
0.01071
0.01469
0.01322
0.20186
0.28730
0.06694
0.12873
0.02342
0.02241
0.00167
0.00156
0.01652
0.00493
0.22231
0.13871
0.00107
0.00182
0.03464
0.01354
0.11055
0.13759
0.48232
0.45930
0.03036
0.04929
0.03108
0.04548
0.07449
0.09001
0.00422
0.00362
0.07695
0.13294
0.04699
0.05482
0.00065
0.00084
0.04570
0.06298
0.06093
0.02778
0.00376
0.00343
0.04239
0.06399
0.05157
0.07223
0.02987
0.05352
0.03307
0.01307
0.02186
0.01100
0.18754
0.07596
0.11916
0.13591
0.00834
0.01114
0.26659
0.65605
0.00481
0.00482
0.00453
0.00756
0.04954
0.05512
0.03237
0.04143
0.58672
0.60880
0.01191
0.01396
0.00977
0.01892
0.00348
0.00304
0.04641
0.01843
0.18020
0.17479
0.44214
0.37942
0.08867
0.04878
0.13853
0.12126
0.01311
0.01005
0.05667
0.07633
0.04812
0.08224
0.01160
0.03240
0.19694
0.30688
0.11445
0.09080
0.01535
0.01289
0.02950
0.04805
0.01722
0.02158
0.00645
0.00531
0.01797
0.02344
0.04901
0.02756
0.04507
0.07567
0.00383
0.00390
0.00450
0.00148
0.37513
0.24506
0.01894
0.01700
0.04064
0.04178
0.00233
0.00292
0.12771
0.19726
0.00743
0.00840
0.10370
0.24696
0.02219
0.01913
0.02795
0.02034
0.00960
0.00629
0.11610
0.11063
0.05968
0.10856
0.00222
0.00151
0.12434
0.07841
0.01406
0.00782
0.00412
0.00344
0.05125
0.08423
0.05762
0.06544
0.12932
0.01807
0.03076
0.01919
0.00560
0.00625
0.14397
0.12532
0.01485
0.02778
0.00261
0.00278
0.01573
0.02027
0.77493
0.51662
0.02799
0.12149
0.15510
0.21999
0.26494
0.15628
0.12813
0.07162
0.05977
0.09314
0.08015
0.07883
0.02355
0.03118
0.53837
0.24008
0.02542
0.02442
0.04074
0.03918
0.44976
0.23687
0.04598
0.04891
0.13398
0.10238
0.07180
0.05117
0.01436
0.01239
0.01737
0.02302
0.17738
0.10573
0.71376
0.45067
0.03282
0.01977
0.00334
0.00287
0.00877
0.01083
0.03418
0.04135
0.86030
0.82336
0.06283
0.10363
0.61670
0.14945
0.02447
0.01905
0.28842
0.30588
0.00312
0.00216
0.11562
0.15112
0.00283
0.00329
0.00388
0.00292
0.00863
0.01149
0.01261
0.00570
0.01749
0.00908
0.00577
0.00483
0.29850
0.20049
0.01582
0.08897
0.00275
0.00250
0.01014
0.01366
0.01571
0.01985
0.01155
0.01346
0.06160
0.03316
0.00065
0.00074
0.00918
0.00678
0.12448
0.12889
0.00755
0.00523
0.03749
0.03930
0.93852
0.67756
0.10768
0.04652
0.11606
0.05912
0.03440
0.01408
0.01614
0.00548
0.03356
0.02837
0.00121
0.00161
0.02383
0.03743
0.01154
0.01701
0.03212
0.04413
0.01026
0.01136
0.24800
0.25883
0.12645
0.20135
0.00802
0.00715
0.20075
0.13612
0.00608
0.01080
0.18376
0.18036
0.19616
0.05838
0.01031
0.00914
0.06848
0.12332
0.05298
0.04035
0.02150
0.01689
0.07410
0.05172
0.20540
0.09708
0.05560
0.04108
0.01324
0.02292
0.03333
0.06489
0.05566
0.06291
0.01399
0.00378
0.02001
0.01062
0.01029
0.01617
0.03531
0.04941
0.04862
0.04039
0.01771
0.02804
0.02776
0.18433
0.02593
0.03930
0.17151
0.15308
0.00094
0.00087
0.03654
0.06964
0.01571
0.02725
0.01384
0.01361
0.04221
0.06000
0.13829
0.08817
0.02772
0.02751
0.02301
0.01536
0.57617
0.85954
0.01148
0.00734
0.00321
0.00344
0.92967
0.45531
0.01061
0.01596
0.00228
0.00205
0.00957
0.01659
0.07944
0.13091
0.07842
0.07218
0.00054
0.00063
0.00598
0.00285
0.01619
0.01816
0.00322
0.00459
0.00508
0.00629
0.00218
0.00306
0.03416
0.06430
0.00433
0.00437
0.01065
0.03332
0.04162
0.08163
0.09249
0.02233
0.01388
0.00415
0.03460
0.02997
0.03352
0.03678
0.05969
0.05567
0.00181
0.00261
0.00576
0.00507
0.02912
0.03901
0.00247
0.00278
0.01013
0.00589
0.01960
0.01353
0.00152
0.00172
0.00666
0.00999
0.00149
0.00175
0.03649
0.13212
0.04382
0.02461
0.13441
0.08789
0.00932
0.00469
0.02562
0.04437
0.03028
0.03493
0.07847
0.08044
0.03833
0.05805
0.00938
0.04060
0.00392
0.00645
0.00301
0.00283
0.04257
0.06436
0.00770
0.00672
0.01212
0.01162
0.02611
0.02000
0.01838
0.00846
0.00527
0.00322
0.03957
0.03887
0.16165
0.18540
0.03031
0.03436
0.10405
0.08608
0.00501
0.00318
0.00070
0.00085
0.09076
0.02584
0.07304
0.06879
0.01890
0.01406
0.03228
0.02345
0.00416
0.00383
0.34220
0.24133
0.19894
0.09040
0.10496
0.13512
0.07867
0.04810
0.06313
0.04533
0.05811
0.04687
0.00521
0.00770
0.01857
0.01655
0.01425
0.01072
0.01400
0.00823
0.00574
0.00303
0.08351
0.07587
0.10283
0.12469
0.00373
0.00382
0.01635
0.00554
0.01160
0.00798
0.28147
0.27546
0.00441
0.00326
0.14800
0.17076
0.02188
0.01302
0.04794
0.04876
0.02143
0.07295
0.09246
0.09131
0.01590
0.01172
0.03885
0.06671
0.04857
0.03597
0.20228
0.16460
0.00778
0.00761
0.01992
0.01271
0.02848
0.02393
0.00689
0.01084
0.14033
0.08925
0.06439
0.06064
0.00478
0.01013
0.00579
0.00710
0.01039
0.02533
0.01481
0.01678
0.01274
0.01431
0.01007
0.00782
0.00498
0.00624
0.08964
0.07169
0.02657
0.01144
0.68569
0.62247
0.04000
0.01322
0.00591
0.00565
0.91945
0.84627
0.00681
0.00704
0.02313
0.00353
0.01377
0.01727
0.07127
0.04589
0.03333
0.03630
0.60891
0.14306
0.12606
0.11261
0.11011
0.07208
0.06512
0.04205
0.00479
0.00373
0.07673
0.06045
0.10732
0.13465
0.07365
0.05340
0.04177
0.08313
0.01284
0.01333
0.06350
0.05128
0.05533
0.00183
0.00334
0.00293
0.11207
0.14299
0.06030
0.02779
0.00368
0.00229
0.03037
0.13854
0.21154
0.13792
0.15614
0.10084
0.92997
0.96879
0.02913
0.02288
0.18950
0.41001
0.16453
0.12395
0.03769
0.12839
0.05946
0.03369
0.12483
0.10824
0.00618
0.00532
0.00563
0.01172
0.01742
0.08716
0.12230
0.15215
0.04563
0.07370
0.10003
0.08712
0.01549
0.02001
0.08886
0.03567
0.02496
0.02205
0.05286
0.02965
0.07908
0.08596
0.20202
0.04467
0.01992
0.01468
0.03960
0.02313
0.00495
0.00962
0.00071
0.00058
0.00345
0.00214
0.00496
0.00506
0.06773
0.05974
0.00127
0.00126
0.26076
0.24374
0.00602
0.00548
0.14377
0.20959
0.15898
0.16411
0.11674
0.13132
0.02363
0.14042
0.00284
0.00312
0.16478
0.11962
0.34696
0.33526
0.10398
0.10411
0.03260
0.14882
0.00275
0.00335
0.27058
0.59820
0.01192
0.01466
0.03770
0.03637
0.01039
0.01193
0.00659
0.00577
0.34896
0.14334
0.06057
0.04068
0.00766
0.00436
0.15735
0.07153
0.00036
0.00035
0.20436
0.21927
0.52275
0.08616
0.03840
0.03266
0.01908
0.01620
0.00060
0.00067
0.02620
0.01643
0.01404
0.01952
0.29354
0.36500
0.04608
0.05176
0.05560
0.05664
0.15760
0.14828
0.16009
0.09493
0.06617
0.04613
0.03654
0.01901
0.02298
0.03483
0.05219
0.02894
0.00342
0.00383
0.25704
0.36301
0.10200
0.13127
0.05309
0.06974
0.90749
0.29028
0.05093
0.02560
0.83867
0.73394
0.08444
0.06519
0.08912
0.08639
0.01014
0.00778
0.81541
0.89544
0.01069
0.01855
0.00468
0.00500
0.00445
0.01157
0.01215
0.01789
0.05620
0.06675
0.00298
0.00422
0.01042
0.00815
0.08715
0.06859
0.08189
0.23160
0.00441
0.00318
0.01125
0.00672
0.03322
0.05925
0.03081
0.04144
0.04585
0.04846
0.10680
0.06842
0.01528
0.00975
0.14202
0.13610
0.00632
0.00809
0.04288
0.04377
0.01376
0.02045
0.02485
0.00310
0.07421
0.04751
0.25687
0.27838
0.01676
0.02643
0.02686
0.01520
0.08323
0.07514
0.01257
0.00805
0.01322
0.01381
0.06972
0.41093
0.02512
0.03705
0.03806
0.07117
0.03911
0.02483
0.03548
0.07385
0.06573
0.01767
0.08182
0.09189
0.16352
0.11012
0.00059
0.00058
0.00314
0.00315
0.54631
0.24596
0.86834
0.89511
0.01894
0.00783
0.00989
0.01060
0.10132
0.03390
0.00342
0.00484
0.00202
0.00219
0.09960
0.07511
0.01766
0.00601
0.04870
0.02134
0.00422
0.00543
0.04452
0.05316
0.09459
0.07875
0.01547
0.00999
0.08958
0.11430
0.03166
0.04449
0.00852
0.00893
0.13937
0.10789
0.23843
0.11598
0.06881
0.06309
0.10937
0.12738
0.01689
0.01035
0.00132
0.00088
0.00209
0.00221
0.04432
0.04736
0.07333
0.04980
0.21647
0.22904
0.03585
0.01207
0.18302
0.01415
0.04215
0.02285
0.03642
0.02289
0.93424
0.41410
0.05633
0.06730
0.00123
0.00112
0.01271
0.03226
0.00406
0.00472
0.00275
0.00580
0.04352
0.03968
0.00931
0.01349
0.03929
0.03242
0.01734
0.01566
0.08645
0.98818
0.07838
0.06484
0.05086
0.01574
0.01696
0.03905
0.14238
0.45053
0.03509
0.04274
0.00428
0.00688
0.03967
0.09234
0.02281
0.01782
0.19688
0.08799
0.00207
0.00307
0.03543
0.03552
0.08001
0.08854
0.06459
0.05340
0.00445
0.00610
0.02681
0.10198
0.15738
0.05783
0.04759
0.04400
0.00357
0.00256
0.13233
0.07240
0.08932
0.07154
0.00177
0.00184
0.04395
0.17337
0.01214
0.01414
0.00466
0.00490
0.19373
0.18794
0.00454
0.00901
0.02848
0.02170
0.01541
0.01311
0.00461
0.00310
0.00321
0.00415
0.00123
0.00094
0.16245
0.13607
0.02682
0.03342
0.35486
0.03038
0.81929
0.99539
0.02252
0.01270
0.05412
0.20174
0.00803
0.00616
0.10494
0.23992
0.00158
0.00200
0.06513
0.01145
0.00842
0.01478
0.00529
0.00807
0.03254
0.03119
0.01052
0.01204
0.10427
0.05238
0.18460
0.14411
0.00447
0.00271
0.90808
0.97948
0.04099
0.01987
0.11833
0.09602
0.00306
0.00270
0.11897
0.95131
0.09886
0.06896
0.09095
0.13285
0.01075
0.00727
0.10301
0.17568
0.08620
0.12036
0.23501
0.13741
0.01296
0.00579
0.02260
0.03425
0.06844
0.05126
0.00434
0.00340
0.08910
0.11309
0.05444
0.01489
0.02873
0.01343
0.00371
0.00205
0.03146
0.02358
0.01094
0.01207
0.73113
0.25298
0.02251
0.02032
0.11350
0.12043
0.00861
0.01344
0.01080
0.00761
0.00419
0.00289
0.02205
0.01235
0.14163
0.15481
0.02955
0.01772
0.01475
0.01410
0.56108
0.13373
0.00565
0.00900
0.03819
0.01798
0.00405
0.00771
0.04665
0.04828
0.01107
0.00760
0.01922
0.01148
0.03978
0.03361
0.84502
0.22643
0.01145
0.01507
0.02560
0.03976
0.06275
0.06644
0.03802
0.03993
0.00242
0.00145
0.01322
0.01215
0.03660
0.03381
0.28396
0.25079
0.03158
0.02297
0.01184
0.02106
0.03082
0.06941
0.10516
0.04101
0.00574
0.00731
0.00599
0.00647
0.21617
0.37197
0.03484
0.01637
0.24901
0.12621
0.03653
0.07208
0.05373
0.05305
0.00646
0.01838
0.02076
0.02321
0.00563
0.01067
0.13596
0.19074
0.37473
0.25647
0.01620
0.01173
0.01526
0.00617
0.06476
0.08818
0.07872
0.04314
0.13503
0.12056
0.01770
0.01396
0.00609
0.00516
0.06357
0.02959
0.02306
0.04552
0.11276
0.04798
0.05425
0.10909
0.06928
0.08369
0.04279
0.05766
0.08034
0.04948
0.35690
0.34532
0.01315
0.00843
0.04371
0.06133
0.08063
0.04941
0.07445
0.06182
0.02564
0.06972
0.04168
0.03594
0.00559
0.01048
0.02233
0.03625
0.11211
0.10984
0.04547
0.06417
0.05738
0.08496
0.01139
0.01398
0.00421
0.00441
0.03038
0.03118
0.05281
0.05044
0.23964
0.60799
0.00950
0.00546
0.00251
0.00320
0.03374
0.06110
0.01106
0.00726
0.04790
0.06058
0.01795
0.01274
0.03457
0.01937
0.00770
0.00843
0.04734
0.06443
0.06648
0.07926
0.12964
0.11700
0.00264
0.00361
0.04670
0.02469
0.12479
0.12141
0.07783
0.06886
0.01971
0.00923
0.26901
0.42494
0.03971
0.05018
0.02244
0.02200
0.00181
0.00427
0.14490
0.35208
0.00287
0.00199
0.02589
0.01180
0.03569
0.05557
0.09563
0.04273
0.01772
0.03814
0.07029
0.06966
0.00927
0.01219
0.21734
0.31321
0.01669
0.00615
0.02933
0.02753
0.01511
0.00634
0.01993
0.01353
0.10675
0.08234
0.11841
0.16280
0.19744
0.07614
0.04399
0.02595
0.00407
0.00637
0.01212
0.01048
0.01702
0.01552
0.06914
0.08095
0.05385
0.02944
0.08485
0.07657
0.05927
0.05702
0.39009
0.24545
0.04918
0.02892
0.04690
0.03636
0.08242
0.04771
0.00432
0.00406
0.01439
0.03913
0.02840
0.03490
0.07239
0.08724
0.19141
0.22691
0.01869
0.00929
0.02062
0.02837
0.08227
0.10666
0.02689
0.01803
0.10478
0.04599
0.05276
0.05988
0.10651
0.33771
0.07034
0.08046
0.14568
0.06958
0.05079
0.06753
0.17135
0.05365
0.00269
0.00719
0.01511
0.01318
0.03931
0.04276
0.10775
0.02455
0.05258
0.05736
0.10944
0.12860
0.00241
0.00291
0.93507
0.15484
0.00506
0.00394
0.07359
0.04308
0.17505
0.14275
0.00650
0.01183
0.02850
0.04798
0.21854
0.08220
0.02091
0.02292
0.00832
0.01406
0.02570
0.02045
0.02460
0.03810
0.03668
0.05035
0.10031
0.08457
0.22590
0.06799
0.03118
0.03084
0.10055
0.11198
0.10965
0.12724
0.09849
0.14179
0.00035
0.00033
0.01002
0.01804
0.11020
0.08375
0.01034
0.01690
0.18044
0.17434
0.00752
0.01734
0.13450
0.10378
0.00628
0.00368
0.10336
0.09379
0.01037
0.01786
0.01986
0.01657
0.08880
0.09633
0.07938
0.02868
0.00827
0.00815
0.05621
0.07530
0.20531
0.02423
0.06277
0.06309
0.15341
0.30197
0.35740
0.41958
0.00583
0.00441
0.00739
0.00575
0.14952
0.06914
0.02712
0.03463
0.04685
0.04434
0.03409
0.05006
0.01173
0.00619
0.16561
0.08667
0.01470
0.01966
0.07311
0.31373
0.01677
0.03523
0.00491
0.00683
0.00224
0.00260
0.01096
0.01790
0.03558
0.02870
0.06455
0.04923
0.03258
0.15697
0.00428
0.00480
0.00936
0.00514
0.00576
0.00767
0.01017
0.00972
0.08367
0.08374
0.00791
0.00538
0.10813
0.10659
0.00154
0.00113
0.00100
0.00071
0.09835
0.05571
0.01436
0.05908
0.10803
0.14013
0.00284
0.00265
0.11130
0.16621
0.19474
0.25046
0.09700
0.06980
0.10961
0.02403
0.02344
0.01687
0.15032
0.10574
0.00729
0.00539
0.02783
0.01988
0.05769
0.07800
0.02745
0.02588
0.07086
0.05977
0.08060
0.04808
0.10508
0.11392
0.32633
0.11560
0.69934
0.66641
0.03004
0.04753
0.15902
0.32709
0.14855
0.14669
0.00446
0.00369
0.00732
0.00530
0.01391
0.04866
0.06545
0.07190
0.98644
0.98685
0.01765
0.03160
0.01268
0.01063
0.06094
0.09992
0.14335
0.11571
0.01863
0.00881
0.00141
0.00464
0.75013
0.75025
0.01355
0.01315
0.05576
0.10131
0.16395
0.17897
0.15508
0.07706
0.04173
0.03087
0.11753
0.07888
0.01105
0.01045
0.01788
0.01166
0.00477
0.00491
0.02354
0.01772
0.01468
0.02350
0.08871
0.18326
0.01703
0.02159
0.00917
0.00727
0.01019
0.01892
0.04328
0.01848
0.02728
0.01054
0.01135
0.01807
0.03957
0.01985
0.14680
0.10662
0.05955
0.04045
0.00112
0.00098
0.00323
0.01846
0.39112
0.28546
0.03301
0.02837
0.11731
0.19461
0.00191
0.00140
0.14065
0.08981
0.00498
0.00677
0.00874
0.00786
0.07141
0.09516
0.00581
0.00530
0.22583
0.11245
0.03341
0.11577
0.00047
0.00046
0.00185
0.00116
0.09192
0.11272
0.15753
0.07645
0.00109
0.00135
0.13706
0.14710
0.04290
0.02269
0.01951
0.04145
0.05693
0.02406
0.09260
0.03897
0.09798
0.07955
0.04053
0.03009
0.02840
0.01809
0.08160
0.07766
0.49714
0.14891
0.08869
0.08050
0.15429
0.17511
0.06733
0.13159
0.11389
0.11805
0.00928
0.01215
0.07646
0.02514
0.01814
0.01968
0.09886
0.89295
0.10237
0.12215
0.05239
0.04124
0.07552
0.07214
0.67096
0.68520
0.11265
0.19632
0.01326
0.01767
0.05182
0.03041
0.00377
0.06331
0.98870
0.99060
0.07120
0.06819
0.00187
0.00117
0.00363
0.00656
0.04267
0.06962
0.13762
0.10134
0.00142
0.00120
0.02400
0.05161
0.00091
0.00067
0.14655
0.05732
0.00819
0.01873
0.08096
0.16290
0.02248
0.01602
0.00189
0.00141
0.00585
0.00711
0.01432
0.00717
0.04328
0.05736
0.03783
0.03925
0.00901
0.02245
0.01815
0.00937
0.01018
0.00930
0.01608
0.02251
0.09172
0.07766
0.03936
0.02008
0.08781
0.05936
0.03075
0.03670
0.22171
0.29366
0.01636
0.01471
0.13698
0.12954
0.19123
0.21169
0.18540
0.17354
0.00349
0.00322
0.11649
0.13609
0.12738
0.03392
0.12806
0.06435
0.26050
0.11092
0.01515
0.00828
0.00140
0.00155
0.16623
0.17079
0.00874
0.00513
0.02344
0.02577
0.03375
0.05086
0.00637
0.00840
0.00948
0.00847
0.00296
0.00226
0.07819
0.08286
0.00475
0.00181
0.07819
0.05534
0.00527
0.00659
0.20339
0.10024
0.02181
0.14540
0.02945
0.01773
0.01435
0.01249
0.07910
0.06872
0.00117
0.00122
0.04408
0.03768
0.00200
0.00205
0.00156
0.00142
0.15048
0.13593
0.01136
0.02273
0.01435
0.01757
0.09547
0.13785
0.01778
0.01324
0.00135
0.00152
0.00722
0.00768
0.04715
0.02357
0.79812
0.01419
0.00889
0.00810
0.00160
0.00154
0.00742
0.00627
0.00754
0.00906
0.08289
0.13328
0.08426
0.04843
0.00327
0.00286
0.01536
0.00779
0.88464
0.78646
0.20301
0.22970
0.01006
0.01147
0.02175
0.02249
0.00258
0.00303
0.04472
0.03277
0.07623
0.07411
0.29722
0.46473
0.00584
0.00540
0.10236
0.04153
0.00607
0.00901
0.00440
0.00310
0.00169
0.00130
0.05315
0.03979
0.18037
0.12162
0.92632
0.99188
0.01504
0.01019
0.07395
0.07806
0.01978
0.01804
0.05482
0.06010
0.03365
0.04876
0.07712
0.06570
0.01467
0.01013
0.16355
0.18391
0.00512
0.00497
0.01418
0.01148
0.00381
0.00492
0.00204
0.00265
0.06792
0.03863
0.01990
0.01076
0.26767
0.12017
0.00946
0.01597
0.00551
0.00395
0.69510
0.23207
0.06244
0.04945
0.09216
0.07276
0.00198
0.00132
0.09654
0.08182
0.01722
0.01095
0.05255
0.05136
0.01028
0.00907
0.03240
0.02695
0.03248
0.01353
0.09960
0.06082
0.00710
0.00480
0.09611
0.02968
0.01177
0.01329
0.00226
0.00296
0.00113
0.00173
0.03337
0.03384
0.45965
0.73361
0.09379
0.03456
0.21823
0.30803
0.02437
0.01112
0.19914
0.17037
0.12079
0.09850
0.04784
0.05834
0.16279
0.17409
0.00183
0.00224
0.02570
0.02825
0.00413
0.00325
0.05557
0.04016
0.00178
0.00091
0.00945
0.00755
0.00679
0.00701
0.10434
0.02052
0.00267
0.00267
0.18468
0.15515
0.11995
0.11002
0.53273
0.59564
0.02402
0.02162
0.00134
0.00096
0.18006
0.10631
0.01492
0.01238
0.04461
0.00804
0.17340
0.18011
0.00478
0.00525
0.33207
0.07088
0.10627
0.06717
0.00213
0.00227
0.02221
0.03414
0.01628
0.01112
0.00464
0.00392
0.10946
0.95683
0.00314
0.00426
0.00215
0.00199
0.00533
0.00330
0.03578
0.04330
0.03750
0.06327
0.00083
0.00061
0.02755
0.03135
0.17466
0.13667
0.18809
0.17814
0.69500
0.06836
0.10416
0.11828
0.00076
0.00070
0.04190
0.00685
0.21352
0.20671
0.00568
0.00529
0.95313
0.94435
0.04322
0.04916
0.21124
0.22957
0.08740
0.11781
0.03250
0.01268
0.00964
0.01152
0.02154
0.01956
0.03985
0.15292
0.06369
0.19279
0.01272
0.01131
0.10415
0.06170
0.12232
0.12685
0.00765
0.00704
0.04935
0.09302
0.00991
0.00861
0.00353
0.00351
0.01261
0.01371
0.02542
0.03952
0.00559
0.00603
0.04279
0.05286
0.00829
0.02473
0.01522
0.00895
0.05370
0.05555
0.06092
0.04558
0.05772
0.02005
0.03558
0.03466
0.07969
0.06681
0.03191
0.04020
0.01880
0.01886
0.13934
0.08976
0.15039
0.04628
0.01692
0.03114
0.05264
0.02916
0.00535
0.00507
0.07273
0.13343
0.03729
0.04549
0.05325
0.06903
0.00449
0.00590
0.04898
0.03752
0.07882
0.05283
0.05276
0.07840
0.01999
0.04275
0.07784
0.05238
0.00567
0.00616
0.00922
0.00568
0.06076
0.03585
0.03301
0.02420
0.13309
0.12292
0.01753
0.02268
0.07375
0.05734
0.08029
0.11597
0.11259
0.03325
0.10886
0.16227
0.34083
0.14959
0.00155
0.00144
0.13653
0.05971
0.06020
0.09195
0.00945
0.00682
0.00247
0.00167
0.01062
0.00870
0.02198
0.02816
0.12978
0.09249
0.03008
0.01079
0.02611
0.01729
0.17270
0.15202
0.04782
0.08805
0.00049
0.00065
0.00219
0.00226
0.03032
0.04118
0.06237
0.03774
0.04164
0.03307
0.03962
0.03857
0.02552
0.01781
0.86022
0.80540
0.00665
0.00872
0.00066
0.00064
0.07755
0.04588
0.01240
0.01887
0.05531
0.08808
0.00305
0.00300
0.00619
0.00746
0.00677
0.00549
0.22696
0.01111
0.02968
0.37266
0.06788
0.07690
0.09010
0.12990
0.13799
0.13111
0.01460
0.01616
0.07353
0.08745
0.01469
0.03132
0.03861
0.04521
0.03473
0.01955
0.01114
0.01819
0.03871
0.02330
0.00997
0.00888
0.00150
0.00097
0.00090
0.00099
0.01120
0.01507
0.00088
0.00092
0.00236
0.00205
0.10081
0.05594
0.02297
0.02320
0.18179
0.08277
0.00422
0.00549
0.01463
0.00756
0.16751
0.10748
0.01324
0.01335
0.00421
0.00513
0.00522
0.00820
0.01503
0.01766
0.06053
0.07696
0.02136
0.02151
0.05903
0.02409
0.01375
0.01185
0.11952
0.06592
0.05287
0.05313
0.04369
0.02192
0.00914
0.00728
0.00393
0.00715
0.09688
0.06632
0.08712
0.10460
0.00784
0.00632
0.02988
0.04015
0.01147
0.03362
0.00840
0.00796
0.01928
0.02280
0.02306
0.03765
0.03243
0.12073
0.01577
0.02274
0.03195
0.03734
0.10733
0.11640
0.01365
0.02157
0.58368
0.82073
0.00166
0.00252
0.00731
0.01397
0.00449
0.02186
0.00407
0.00477
0.01592
0.01078
0.90947
0.91392
0.09996
0.22402
0.02634
0.05155
0.02566
0.00949
0.79785
0.82584
0.00522
0.00585
0.04909
0.03334
0.07410
0.03485
0.00950
0.00522
0.00957
0.00733
0.01792
0.01743
0.03112
0.04309
0.00435
0.00402
0.00725
0.01049
0.01261
0.00465
0.00539
0.00588
0.00310
0.00246
0.06737
0.05538
0.02612
0.02871
0.10564
0.07310
0.00905
0.03582
0.03171
0.02845
0.00590
0.02034
0.00388
0.00652
0.00735
0.00516
0.01239
0.00905
0.05602
0.03906
0.01163
0.01565
0.00571
0.00258
0.00131
0.00128
0.02204
0.02335
0.00729
0.00840
0.00996
0.02144
0.03597
0.05728
0.12335
0.08001
0.06850
0.04897
0.01255
0.01102
0.01004
0.00532
0.01156
0.01004
0.00430
0.00211
0.00253
0.00376
0.16779
0.32586
0.23625
0.10655
0.04071
0.03802
0.15646
0.17887
0.08753
0.08450
0.02654
0.05289
0.22908
0.18465
0.02317
0.03032
0.01221
0.00825
0.07233
0.14851
0.04787
0.06422
0.01030
0.01397
0.03283
0.05387
0.13594
0.18787
0.08319
0.04051
0.33311
0.29140
0.04904
0.03169
0.00512
0.00665
0.05331
0.03805
0.02957
0.01240
0.00731
0.01414
0.00328
0.00327
0.01493
0.01001
0.01087
0.01383
0.27176
0.18937
0.00149
0.00157
0.00244
0.00289
0.10676
0.07017
0.00699
0.00646
0.02494
0.01138
0.00822
0.03422
0.19906
0.01046
0.00122
0.00105
0.00332
0.00303
0.13201
0.10866
0.00959
0.00536
0.08571
0.06722
0.00697
0.00965
0.09223
0.06851
0.06237
0.06036
0.00635
0.00667
0.06220
0.05466
0.13506
0.85015
0.03660
0.03611
0.00075
0.00080
0.01023
0.01462
0.02131
0.02921
0.00799
0.01601
0.00240
0.00198
0.01371
0.01253
0.00488
0.00424
0.13035
0.04989
0.01956
0.02826
0.00323
0.00264
0.03557
0.04954
0.02829
0.00590
0.03273
0.04906
0.00113
0.00133
0.78357
0.81481
0.00243
0.00153
0.00641
0.00930
0.00143
0.00178
0.08211
0.04945
0.00566
0.00524
0.00495
0.00507
0.03176
0.03821
0.02160
0.01478
0.08456
0.10045
0.17671
0.15254
0.04453
0.04708
0.20855
0.08370
0.15184
0.16726
0.00288
0.00382
0.11887
0.08229
0.02139
0.01965
0.02662
0.01829
0.01287
0.01015
0.00210
0.00190
0.02510
0.01001
0.19450
0.15263
0.01256
0.01131
0.00682
0.00533
0.00117
0.00149
0.88387
0.88870
0.12878
0.10821
0.01125
0.01168
0.04645
0.06843
0.00110
0.00091
0.00877
0.00925
0.27322
0.20046
0.82986
0.84696
0.03023
0.04546
0.00416
0.00908
0.01822
0.01735
0.10813
0.10622
0.02657
0.02704
0.00332
0.00287
0.01625
0.11320
0.01212
0.01749
0.54325
0.77789
0.11508
0.11520
0.01643
0.03069
0.02994
0.01614
0.01587
0.04337
0.10790
0.10601
0.06411
0.05275
0.00344
0.00229
0.00461
0.00460
0.15790
0.13343
0.01283
0.01330
0.00788
0.00954
0.01348
0.01874
0.00301
0.00214
0.02424
0.04689
0.00250
0.00371
0.00486
0.00677
0.01295
0.01997
0.01292
0.00781
0.02494
0.02508
0.92787
0.96467
0.03038
0.04195
0.00216
0.00237
0.06672
0.04065
0.00116
0.00172
0.02491
0.03247
0.90025
0.71296
0.07181
0.05492
0.01122
0.00768
0.02448
0.01342
0.00570
0.00709
0.09878
0.09893
0.01918
0.01694
0.02553
0.03494
0.00830
0.00847
0.04118
0.08318
0.02389
0.03111
0.00731
0.00532
0.00247
0.00410
0.06588
0.03586
0.48872
0.27897
0.15023
0.13121
0.00415
0.00378
0.00287
0.00357
0.08674
0.04101
0.05836
0.08339
0.00194
0.00221
0.00986
0.00570
0.00051
0.00060
0.01820
0.00882
0.02162
0.01908
0.03949
0.03557
0.00607
0.01201
0.06537
0.07107
0.01814
0.06067
0.01405
0.01141
0.12481
0.08977
0.00763
0.02040
0.00228
0.00381
0.06005
0.09533
0.00250
0.00218
0.14029
0.16787
0.12290
0.00790
0.10267
0.05379
0.00122
0.00143
0.00679
0.01194
0.01339
0.00707
0.02864
0.25520
0.04107
0.05535
0.00137
0.00180
0.07135
0.03586
0.01789
0.01544
0.85050
0.06617
0.83082
0.18048
0.10429
0.03741
0.00805
0.00984
0.94022
0.92408
0.05523
0.17874
0.92848
0.56533
0.03094
0.10329
0.00444
0.00716
0.00371
0.00313
0.03834
0.02673
0.03622
0.03335
0.00570
0.00856
0.10694
0.10337
0.00231
0.00323
0.00761
0.00566
0.22306
0.13105
0.02242
0.14014
0.14641
0.08131
0.88574
0.62114
0.01899
0.04321
0.02455
0.01615
0.08429
0.09525
0.01867
0.01716
0.06694
0.06381
0.00135
0.00100
0.02228
0.01458
0.01538
0.03262
0.07964
0.04264
0.09294
0.10073
0.59255
0.78761
0.00425
0.00227
0.03643
0.08479
0.00646
0.00646
0.01606
0.01526
0.07977
0.06584
0.01290
0.01031
0.00155
0.00140
0.02241
0.04825
0.02383
0.05277
0.01663
0.01332
0.01988
0.02276
0.00935
0.00516
0.02204
0.01550
0.08592
0.11226
0.05326
0.02370
0.06219
0.11415
0.07508
0.05854
0.04969
0.04202
0.05736
0.08541
0.02234
0.02911
0.11285
0.12187
0.00436
0.02980
0.08588
0.08114
0.00817
0.00953
0.00871
0.01202
0.11258
0.07980
0.05151
0.05829
0.10355
0.15122
0.08694
0.02858
0.01897
0.02292
0.07583
0.05521
0.07557
0.07819
0.05367
0.03375
0.03932
0.10844
0.00432
0.00397
0.00273
0.00211
0.00453
0.00381
0.35015
0.28767
0.05356
0.07950
0.13291
0.09671
0.02480
0.04445
0.05386
0.11626
0.10411
0.05223
0.00863
0.01172
0.02837
0.03830
0.07173
0.02452
0.03766
0.03830
0.01433
0.01882
0.02946
0.02830
0.07139
0.03640
0.76197
0.38037
0.04100
0.05299
0.02518
0.02703
0.07155
0.03679
0.00139
0.00177
0.06749
0.06241
0.01441
0.01431
0.02030
0.08578
0.01014
0.01241
0.01533
0.01529
0.35949
0.19636
0.02510
0.06934
0.00594
0.01127
0.11155
0.09608
0.00093
0.00113
0.64471
0.58165
0.04248
0.07843
0.03668
0.04726
0.05705
0.04210
0.06527
0.04325
0.00036
0.00045
0.08726
0.08482
0.00492
0.00653
0.03396
0.02831
0.17970
0.50472
0.00544
0.00612
0.07190
0.05091
0.00855
0.00662
0.00994
0.01184
0.14722
0.17147
0.13298
0.18061
0.07345
0.08250
0.08271
0.10947
0.01086
0.00730
0.00131
0.00137
0.03577
0.06255
0.04573
0.07583
0.17002
0.28661
0.00677
0.00676
0.01301
0.02153
0.09218
0.04681
0.04851
0.18419
0.00813
0.00384
0.00639
0.00468
0.00058
0.00055
0.00063
0.00061
0.01693
0.02229
0.46345
0.20966
0.00351
0.00289
0.00272
0.00209
0.04337
0.04177
0.02076
0.00373
0.99831
0.99404
0.08856
0.12062
0.00718
0.00951
0.00358
0.00508
0.02278
0.01646
0.04003
0.03584
0.95786
0.89646
0.00375
0.00335
0.13251
0.20720
0.00558
0.00828
0.00990
0.01681
0.10298
0.09675
0.00926
0.01573
0.01046
0.00722
0.19365
0.22891
0.01364
0.04297
0.01399
0.01474
0.07847
0.10493
0.01684
0.00757
0.11443
0.15286
0.00804
0.00545
0.11679
0.15435
0.00073
0.00073
0.00109
0.00111
0.00743
0.01386
0.01760
0.02400
0.00637
0.00449
0.04084
0.07810
0.00236
0.00193
0.04450
0.02834
0.00898
0.00806
0.15530
0.22585
0.00887
0.01671
0.06857
0.06838
0.01364
0.08578
0.15257
0.44738
0.03550
0.09953
0.10043
0.12192
0.03352
0.07742
0.02468
0.02550
0.31154
0.21576
0.00330
0.00617
0.01572
0.01377
0.01137
0.01961
0.00258
0.00261
0.00157
0.00148
0.00298
0.00224
0.05763
0.13112
0.06551
0.06219
0.02894
0.03333
0.04474
0.07594
0.00806
0.01128
0.01873
0.01640
0.03027
0.03223
0.14785
0.12614
0.10203
0.08348
0.00210
0.00173
0.06351
0.06294
0.13531
0.13036
0.14467
0.09482
0.02999
0.04668
0.05994
0.05685
0.01438
0.01139
0.02025
0.01610
0.03464
0.00987
0.02172
0.02037
0.03537
0.01914
0.17632
0.20950
0.00560
0.07277
0.08717
0.06641
0.00885
0.01621
0.04328
0.05179
0.01585
0.02252
0.01531
0.01587
0.06309
0.05215
0.01014
0.01992
0.14287
0.55471
0.04898
0.03359
0.00596
0.00590
0.00532
0.00352
0.02684
0.04411
0.76702
0.09909
0.00282
0.00477
0.00751
0.00951
0.06465
0.04950
0.01582
0.02225
0.09194
0.06195
0.06517
0.11017
0.10134
0.07285
0.01118
0.01215
0.00176
0.00231
0.14493
0.21020
0.16240
0.24856
0.15645
0.08772
0.05061
0.03988
0.09157
0.08755
0.04347
0.02975
0.49682
0.31616
0.08093
0.08566
0.04375
0.02750
0.01008
0.00736
0.93674
0.98696
0.03662
0.07647
0.10855
0.01326
0.00228
0.00256
0.00285
0.00196
0.87197
0.71222
0.00060
0.00052
0.01724
0.00982
0.93298
0.94766
0.01534
0.01538
0.03132
0.04623
0.01090
0.00447
0.15928
0.13816
0.03809
0.06084
0.98277
0.93446
0.03802
0.02668
0.01149
0.01060
0.00374
0.00407
0.92523
0.81791
0.88604
0.58941
0.18485
0.27881
0.18971
0.07100
0.03794
0.04103
0.02376
0.03925
0.02297
0.01528
0.12860
0.10461
0.08643
0.11778
0.01361
0.02498
0.03961
0.04448
0.00298
0.00518
0.20122
0.07182
0.01004
0.00509
0.00799
0.00864
0.16979
0.15913
0.00864
0.00688
0.04281
0.02787
0.01225
0.01081
0.04186
0.02656
0.10495
0.11394
0.03826
0.03248
0.55393
0.33662
0.01541
0.01194
0.03830
0.07779
0.00911
0.01335
0.00839
0.00609
0.03162
0.02951
0.00162
0.00203
0.00558
0.00828
0.21896
0.22770
0.04126
0.02370
0.02912
0.05372
0.07848
0.01258
0.02592
0.02564
0.05233
0.04593
0.13030
0.21742
0.08571
0.11914
0.13221
0.13898
0.04535
0.02155
0.01086
0.01559
0.00445
0.00351
0.00523
0.00642
0.06805
0.04328
0.01489
0.01741
0.02731
0.04945
0.02177
0.01405
0.89501
0.89763
0.00102
0.00087
0.01735
0.03021
0.05864
0.06830
0.17017
0.26423
0.01516
0.02002
0.07180
0.06305
0.04256
0.02897
0.03890
0.02317
0.00529
0.00555
0.01479
0.01213
0.09415
0.05589
0.20918
0.15330
0.13872
0.18770
0.02207
0.00995
0.00400
0.00263
0.00314
0.00577
0.00702
0.00692
0.00758
0.01788
0.02933
0.03238
0.18891
0.14098
0.00161
0.00185
0.52884
0.49993
0.00121
0.00107
0.14142
0.14821
0.09710
0.02506
0.00527
0.00576
0.07147
0.05043
0.01818
0.01051
0.53654
0.35401
0.08184
0.06595
0.01337
0.00855
0.00181
0.00173
0.03393
0.03957
0.11159
0.11328
0.00250
0.00365
0.03590
0.06159
0.02635
0.07911
0.01330
0.01704
0.19811
0.15643
0.00388
0.00568
0.03827
0.01070
0.01414
0.01310
0.01351
0.01833
0.05923
0.04188
0.16740
0.16077
0.03713
0.02757
0.02358
0.02564
0.03247
0.04537
0.01615
0.01355
0.13842
0.15280
0.00170
0.00176
0.02263
0.02737
0.09355
0.07298
0.97520
0.93777
0.01587
0.03494
0.01636
0.01472
0.04257
0.02683
0.03834
0.03533
0.13991
0.15534
0.01207
0.00928
0.00055
0.00064
0.00545
0.00728
0.00509
0.00352
0.00360
0.00280
0.00713
0.00696
0.00085
0.00039
0.00442
0.00508
0.00167
0.00288
0.00118
0.00088
0.00552
0.00419
0.00181
0.00166
0.00289
0.00276
0.12644
0.13379
0.00064
0.00056
0.02037
0.02353
0.00125
0.00101
0.00946
0.01145
0.03450
0.03978
0.01928
0.01320
0.00659
0.00972
0.01268
0.02453
0.01192
0.01586
0.00688
0.01091
0.01789
0.01809
0.00305
0.00256
0.00443
0.01471
0.01483
0.01420
0.02101
0.01188
0.02405
0.09219
0.01470
0.00770
0.02074
0.01043
0.03595
0.02129
0.01209
0.01022
0.00186
0.00199
0.00147
0.00200
0.00120
0.00226
0.00143
0.00156
0.00097
0.00129
0.02335
0.01107
0.00771
0.00700
0.00474
0.00363
0.00134
0.00174
0.04745
0.03641
0.01396
0.01739
0.00418
0.00321
0.00193
0.00247
0.06560
0.04386
0.03169
0.01760
0.10588
0.12089
0.01376
0.00884
0.00067
0.00072
0.02773
0.03043
0.88934
0.90073
0.00418
0.00443
0.00925
0.00893
0.00094
0.00084
0.03242
0.04913
0.12746
0.08285
0.05708
0.05577
0.05727
0.03946
0.34114
0.23916
0.04150
0.02560
0.29666
0.14766
0.01347
0.01436
0.13458
0.12444
0.15267
0.05851
0.10056
0.04661
0.09321
0.09879
0.02063
0.01320
0.03950
0.05210
0.05380
0.04956
0.04581
0.05462
0.00581
0.00559
0.04654
0.03331
0.02358
0.02336
0.00493
0.00639
0.00252
0.00394
0.16471
0.09474
0.11950
0.10451
0.10970
0.09982
0.11182
0.03893
0.00981
0.00690
0.12237
0.09242
0.00717
0.00515
0.01106
0.01050
0.01432
0.00773
0.01826
0.03411
0.00996
0.02716
0.00269
0.00307
0.00292
0.00265
0.04505
0.02937
0.00093
0.00070
0.06629
0.07966
0.01330
0.01011
0.27826
0.26342
0.02956
0.02036
0.00802
0.00606
0.02586
0.02711
0.07991
0.01348
0.00463
0.00423
0.01893
0.03322
0.05094
0.02862
0.01875
0.01409
0.01657
0.01535
0.06047
0.04286
0.02075
0.00343
0.00562
0.00452
0.00623
0.00614
0.01442
0.01214
0.15106
0.85317
0.01230
0.01560
0.02166
0.03621
0.02317
0.02210
0.00634
0.03863
0.11898
0.15481
0.03750
0.03912
0.18373
0.05159
0.02252
0.02285
0.95952
0.89245
0.09565
0.08575
0.23507
0.23399
0.00104
0.00193
0.02413
0.02440
0.76937
0.19173
0.08624
0.09444
0.06110
0.03844
0.11204
0.09832
0.01916
0.04921
0.10780
0.05432
0.01538
0.00864
0.07881
0.07698
0.00352
0.00717
0.71048
0.83789
0.00180
0.00140
0.20719
0.17908
0.00441
0.00739
0.00230
0.00144
0.00326
0.00248
0.01932
0.01335
0.06061
0.06434
0.15792
0.15897
0.07212
0.06776
0.13362
0.06703
0.01613
0.01875
0.07205
0.03045
0.14884
0.10350
0.00363
0.00415
0.01743
0.01987
0.02867
0.02250
0.00713
0.00830
0.02446
0.01264
0.00893
0.00594
0.00143
0.00103
0.09676
0.03556
0.02337
0.02155
0.03918
0.06229
0.06929
0.05750
0.01880
0.01499
0.03646
0.04661
0.13326
0.10592
0.02788
0.02864
0.11364
0.03046
0.29563
0.18245
0.08647
0.11107
0.03171
0.02563
0.00783
0.00683
0.01016
0.00705
0.01153
0.01733
0.00262
0.00282
0.11916
0.11122
0.09285
0.09454
0.10592
0.12504
0.02622
0.03512
0.21576
0.20538
0.02020
0.01276
0.01755
0.04789
0.03807
0.04701
0.00099
0.00166
0.00422
0.00346
0.13388
0.16854
0.04760
0.04579
0.09862
0.08460
0.03255
0.02199
0.01426
0.01085
0.04780
0.01953
0.10587
0.06978
0.02243
0.01651
0.02113
0.01593
0.00184
0.00115
0.18755
0.10109
0.00188
0.00217
0.00270
0.00306
0.00902
0.00768
0.00439
0.00585
0.14864
0.12072
0.00324
0.00198
0.01632
0.01080
0.03229
0.23544
0.05789
0.04780
0.03586
0.02612
0.01185
0.02012
0.10403
0.09882
0.02257
0.02062
0.00314
0.00230
0.03382
0.05125
0.07774
0.07895
0.02222
0.02215
0.01954
0.02391
0.08445
0.07472
0.66452
0.20003
0.49079
0.07729
0.02115
0.01870
0.01997
0.01888
0.01553
0.03625
0.01565
0.01405
0.85012
0.87274
0.02871
0.02305
0.06055
0.01752
0.00186
0.00190
0.02055
0.05970
0.00376
0.01554
0.03074
0.05302
0.06807
0.05178
0.05960
0.03762
0.03547
0.03351
0.00474
0.00533
0.16285
0.11162
0.01863
0.01819
0.06712
0.04621
0.00621
0.00809
0.09940
0.11170
0.83856
0.13503
0.07875
0.11668
0.10003
0.14138
0.00092
0.00127
0.00317
0.00314
0.00199
0.00144
0.00372
0.00279
0.00172
0.00150
0.00610
0.00403
0.12888
0.03401
0.00164
0.00251
0.00684
0.00493
0.00230
0.00409
0.00938
0.00606
0.01158
0.00265
0.14055
0.15328
0.03677
0.09279
0.07298
0.02885
0.00747
0.01634
0.00340
0.00583
0.23418
0.14595
0.02249
0.00782
0.18493
0.29286
0.00338
0.00529
0.01186
0.01138
0.00471
0.00389
0.05715
0.05221
0.01317
0.01207
0.01171
0.01790
0.00364
0.00298
0.03449
0.03059
0.01675
0.00728
0.89000
0.92640
0.00496
0.00680
0.01586
0.01206
0.40921
0.14062
0.03147
0.04207
0.01333
0.01084
0.03499
0.02415
0.03671
0.02572
0.25049
0.23130
0.04541
0.10826
0.00463
0.00504
0.00830
0.00763
0.07564
0.04358
0.04260
0.02855
0.00358
0.00698
0.00714
0.00607
0.02816
0.03860
0.01453
0.02405
0.03913
0.05306
0.03366
0.05683
0.03005
0.03115
0.15105
0.11140
0.02443
0.00577
0.11688
0.16502
0.08220
0.08703
0.01239
0.01035
0.00807
0.00414
0.07173
0.02804
0.02386
0.08581
0.00095
0.00111
0.00107
0.00162
0.00328
0.00895
0.00703
0.00793
0.00233
0.00294
0.15674
0.07020
0.16811
0.16106
0.00154
0.00136
0.00252
0.00201
0.00816
0.00571
0.53184
0.48334
0.03158
0.04300
0.00619
0.00718
0.16365
0.35148
0.03219
0.02887
0.01607
0.01773
0.03048
0.02365
0.01323
0.02306
0.02302
0.02260
0.14582
0.20989
0.02931
0.01425
0.00749
0.01140
0.20561
0.20777
0.73802
0.79747
0.00458
0.00434
0.13633
0.16826
0.09630
0.14390
0.24967
0.15771
0.00520
0.00475
0.08954
0.06521
0.04472
0.04210
0.03726
0.02620
0.00834
0.01236
0.02367
0.02092
0.01610
0.03980
0.01219
0.01180
0.01408
0.01276
0.10377
0.06603
0.03532
0.03304
0.01689
0.02201
0.07534
0.05435
0.71002
0.18296
0.08073
0.05107
0.14743
0.11037
0.02020
0.02360
0.01286
0.02533
0.04535
0.03106
0.13184
0.11816
0.11085
0.05382
0.11933
0.11591
0.02045
0.01355
0.02884
0.02439
0.87470
0.01630
0.12633
0.11311
0.05772
0.06633
0.07051
0.08679
0.02159
0.02112
0.37669
0.47436
0.02090
0.01050
0.05274
0.08011
0.02872
0.04699
0.16710
0.96181
0.86286
0.90321
0.02478
0.02051
0.01038
0.01605
0.00931
0.00998
0.00576
0.00549
0.01171
0.02401
0.02174
0.01232
0.02326
0.01492
0.00143
0.00193
0.02344
0.03087
0.17640
0.15824
0.02080
0.03609
0.01656
0.00960
0.00349
0.00322
0.00689
0.04003
0.10160
0.02921
0.01139
0.00986
0.03352
0.11958
0.02211
0.01989
0.15793
0.25435
0.08605
0.04613
0.04891
0.06549
0.01428
0.01510
0.00701
0.00904
0.01649
0.03233
0.04963
0.02754
0.03139
0.01165
0.01857
0.03389
0.19302
0.09087
0.08047
0.05963
0.01511
0.01062
0.01113
0.00456
0.27779
0.15544
0.00046
0.00039
0.00345
0.00416
0.05117
0.01116
0.00539
0.00261
0.05459
0.05633
0.00170
0.00235
0.01625
0.00567
0.00064
0.00077
0.09675
0.06330
0.00112
0.00263
0.12387
0.00927
0.03953
0.08741
0.00657
0.02270
0.04022
0.01840
0.00568
0.00514
0.00444
0.00248
0.00845
0.00872
0.00125
0.00117
0.00422
0.00583
0.30363
0.04396
0.05384
0.04833
0.01687
0.02452
0.05857
0.04097
0.00558
0.00781
0.10736
0.08398
0.07548
0.03527
0.91764
0.92891
0.04244
0.03659
0.00194
0.00206
0.00320
0.00261
0.00771
0.00850
0.01001
0.00606
0.01082
0.01731
0.02162
0.01791
0.00198
0.00331
0.00095
0.00105
0.04491
0.03114
0.01146
0.03269
0.06443
0.09721
0.02081
0.01535
0.09104
0.14339
0.00753
0.00748
0.00430
0.00348
0.00208
0.00198
0.01696
0.00875
0.00235
0.00237
0.01442
0.01243
0.03459
0.05950
0.01262
0.01505
0.01345
0.01208
0.06158
0.07176
0.10251
0.08964
0.04023
0.02000
0.00369
0.00485
0.00273
0.00258
0.00599
0.01004
0.02904
0.03675
0.02150
0.02313
0.06930
0.10008
0.00429
0.00244
0.00669
0.01045
0.03535
0.01597
0.02495
0.03250
0.00388
0.00312
0.05682
0.89079
0.01528
0.00873
0.01759
0.02216
0.00160
0.00148
0.05972
0.06379
0.08451
0.13297
0.00671
0.00846
0.08854
0.14505
0.00200
0.00189
0.00787
0.00488
0.01710
0.02246
0.01208
0.04272
0.01321
0.01124
0.01202
0.00967
0.02338
0.02293
0.13597
0.09215
0.01537
0.00946
0.00824
0.00579
0.01435
0.01749
0.00438
0.00360
0.01041
0.01463
0.00159
0.00184
0.00231
0.00206
0.00562
0.00281
0.00218
0.00232
0.00522
0.01056
0.38256
0.10977
0.06278
0.05352
0.11220
0.07363
0.00560
0.00466
0.00130
0.00106
0.00381
0.00446
0.00608
0.00357
0.03823
0.04654
0.00115
0.00136
0.02980
0.04642
0.02657
0.02460
0.02485
0.02407
0.02711
0.03013
0.08777
0.06827
0.07401
0.07010
0.01723
0.01160
0.06285
0.08001
0.04544
0.05748
0.00989
0.01089
0.00473
0.00489
0.14265
0.24170
0.08672
0.04837
0.00151
0.00263
0.30095
0.73582
0.01565
0.01402
0.02745
0.01977
0.00316
0.00316
0.14739
0.17203
0.00807
0.00529
0.05377
0.07030
0.00142
0.00139
0.06355
0.03942
0.05234
0.07501
0.05753
0.05565
0.00099
0.00120
0.01209
0.01493
0.02286
0.00948
0.29482
0.29358
0.01051
0.01149
0.01076
0.00810
0.07936
0.07086
0.18820
0.20682
0.00472
0.00197
0.03593
0.01431
0.03854
0.02319
0.08553
0.08436
0.01161
0.00605
0.00182
0.00262
0.00692
0.00842
0.00326
0.00530
0.01511
0.02371
0.01708
0.03066
0.02267
0.01966
0.10445
0.16245
0.02660
0.04271
0.54767
0.53405
0.02539
0.03140
0.02666
0.03404
0.00826
0.00749
0.00373
0.00484
0.01985
0.02577
0.02478
0.01888
0.12658
0.13351
0.03477
0.04679
0.01120
0.00321
0.00148
0.00168
0.02264
0.02016
0.00482
0.00609
0.00767
0.00653
0.01121
0.00368
0.00437
0.00267
0.00845
0.01131
0.99072
0.99234
0.00617
0.00794
0.01854
0.02479
0.01218
0.01794
0.00332
0.00296
0.00450
0.00361
0.00134
0.00102
0.00142
0.00124
0.00508
0.00445
0.00447
0.00359
0.00386
0.00847
0.00080
0.00127
0.00721
0.00280
0.02104
0.01935
0.00192
0.00111
0.00121
0.00146
0.26718
0.20912
0.00125
0.00121
0.01579
0.03862
0.05604
0.06529
0.00480
0.00748
0.03527
0.02037
0.00416
0.00437
0.00485
0.00575
0.01419
0.01150
0.00145
0.00120
0.00137
0.00183
0.02773
0.02136
0.04057
0.02942
0.31493
0.17879
0.00498
0.00361
0.00711
0.00761
0.00242
0.00305
0.15515
0.17294
0.09827
0.03975
0.00138
0.00125
0.00066
0.00046
0.00265
0.00211
0.00695
0.00415
0.01769
0.01283
0.52087
0.64624
0.01151
0.02334
0.34815
0.01184
0.02699
0.06512
0.00935
0.00593
0.00467
0.00352
0.00199
0.00198
0.00596
0.00653
0.00773
0.00985
0.01625
0.04176
0.00416
0.00489
0.00312
0.00271
0.00291
0.00267
0.02927
0.03095
0.01667
0.01483
0.06289
0.05363
0.00872
0.00841
0.00616
0.02812
0.00324
0.00300
0.00078
0.00061
0.14689
0.12265
0.00420
0.00375
0.01282
0.01896
0.00472
0.00645
0.00154
0.00156
0.00386
0.00405
0.20053
0.08169
0.09293
0.11387
0.01418
0.16971
0.03800
0.02515
0.00460
0.00492
0.00097
0.00074
0.09757
0.05037
0.03394
0.01881
0.00162
0.00250
0.05864
0.03304
0.04248
0.02584
0.10535
0.01615
0.00660
0.00414
0.01392
0.01165
0.04455
0.09390
0.00104
0.00110
0.00202
0.00258
0.06894
0.11893
0.00683
0.00491
0.00876
0.00836
0.01326
0.02762
0.17164
0.12404
0.02131
0.02342
0.00917
0.00536
0.03066
0.03449
0.06825
0.10630
0.03157
0.06373
0.02977
0.03254
0.03656
0.00599
0.00920
0.01071
0.70721
0.69701
0.02459
0.06453
0.04074
0.05453
0.01374
0.01553
0.00239
0.00173
0.35673
0.90163
0.04230
0.01996
0.01487
0.00827
0.00741
0.00518
0.00577
0.00703
0.03126
0.02877
0.00753
0.00855
0.00085
0.00077
0.00605
0.00438
0.02379
0.02859
0.00141
0.00137
0.00172
0.00118
0.00716
0.01098
0.69565
0.78782
0.03083
0.03680
0.00338
0.00276
0.00111
0.00068
0.01119
0.00812
0.01050
0.00485
0.00129
0.00200
0.00208
0.00337
0.00186
0.00279
0.02497
0.01429
0.01604
0.00782
0.00479
0.00204
0.07887
0.15374
0.00246
0.00204
0.02096
0.02389
0.00683
0.00668
0.00077
0.00077
0.06449
0.04129
0.00718
0.01000
0.02862
0.02641
0.07811
0.10175
0.03168
0.02491
0.16222
0.06352
0.23599
0.26982
0.03461
0.06848
0.01554
0.01238
0.01534
0.00583
0.08353
0.34644
0.00931
0.00865
0.00181
0.00165
0.00291
0.00471
0.00119
0.00110
0.00191
0.00229
0.00215
0.00133
0.00167
0.00119
0.01488
0.00743
0.00912
0.00572
0.00214
0.00222
0.00098
0.00103
0.00241
0.00177
0.09998
0.15254
0.00195
0.00221
0.01602
0.01697
0.06415
0.12638
0.00199
0.00261
0.00878
0.00663
0.00428
0.00344
0.00070
0.00076
0.08262
0.06851
0.00751
0.00457
0.18808
0.14926
0.00879
0.00829
0.00576
0.01078
0.03246
0.04574
0.02742
0.01820
0.00201
0.00170
0.00534
0.00539
0.01325
0.00761
0.10706
0.13323
0.00243
0.00202
0.01472
0.00662
0.69719
0.44165
0.02503
0.04106
0.00457
0.00490
0.00675
0.00537
0.04996
0.04110
0.00039
0.00029
0.00170
0.00237
0.09837
0.05709
0.01244
0.01246
0.04455
0.03304
0.00298
0.00463
0.00157
0.00206
0.00124
0.00216
0.00759
0.00685
0.01394
0.01572
0.00116
0.00136
0.00393
0.00396
0.04295
0.04172
0.10593
0.08129
0.10434
0.11201
0.06774
0.09429
0.17653
0.06957
0.02166
0.03392
0.02178
0.01538
0.00387
0.00385
0.15183
0.16041
0.00702
0.00816
0.02197
0.01054
0.01348
0.01372
0.01739
0.01119
0.00642
0.00362
0.00189
0.00236
0.00342
0.00312
0.15605
0.16179
0.00112
0.00133
0.96724
0.97315
0.00149
0.00173
0.00382
0.00605
0.15158
0.10280
0.13744
0.11345
0.03387
0.02916
0.99629
0.99629
0.00492
0.00522
0.07206
0.07140
0.04455
0.03243
0.10730
0.05642
0.00567
0.00372
0.00220
0.00289
0.07300
0.05501
0.00326
0.00607
0.00129
0.00143
0.02422
0.02585
0.00840
0.00379
0.00333
0.00704
0.04607
0.04888
0.00477
0.00446
0.26596
0.44048
0.05781
0.02821
0.02540
0.02189
0.02227
0.01864
0.00074
0.00077
0.00814
0.00759
0.00638
0.00691
0.00426
0.00385
0.00431
0.00513
0.03575
0.03930
0.00222
0.00267
0.02450
0.01946
0.00102
0.00099
0.06046
0.08197
0.00927
0.01399
0.10841
0.09043
0.06708
0.03337
0.06853
0.06452
0.01398
0.02061
0.18331
0.18476
0.00663
0.00954
0.00596
0.00439
0.10520
0.11499
0.00298
0.00277
0.00111
0.00090
0.00829
0.00951
0.00135
0.00212
0.00081
0.00063
0.01168
0.00816
0.00106
0.00119
0.00367
0.00748
0.00200
0.00243
0.00167
0.00143
0.00530
0.00597
0.13121
0.10480
0.00081
0.00064
0.00299
0.00399
0.00847
0.00776
0.03877
0.01587
0.04873
0.17359
0.25613
0.04852
0.04261
0.03947
0.10022
0.11032
0.01769
0.02087
0.01215
0.00897
0.00625
0.00681
0.01845
0.05024
0.00831
0.01003
0.00205
0.00228
0.00789
0.01031
0.84089
0.33012
0.02896
0.04242
0.02817
0.01819
0.00605
0.01075
0.07855
0.06347
0.30574
0.24634
0.04296
0.04041
0.02723
0.03135
0.54162
0.53824
0.02736
0.01748
0.07964
0.03243
0.01113
0.01357
0.02349
0.01797
0.17720
0.16399
0.01317
0.02124
0.02292
0.04448
0.00216
0.00261
0.01595
0.00933
0.00753
0.00611
0.04309
0.06805
0.04038
0.05754
0.05791
0.02701
0.00393
0.00503
0.01434
0.01650
0.03730
0.01969
0.00593
0.00901
0.00321
0.00368
0.08635
0.12383
0.07403
0.07425
0.16255
0.15546
0.00484
0.00360
0.04145
0.01210
0.07931
0.06702
0.01272
0.02359
0.00524
0.00701
0.07585
0.04691
0.06210
0.05295
0.07638
0.06480
0.06265
0.08536
0.01240
0.01710
0.00098
0.00098
0.05695
0.04123
0.17566
0.16852
0.11695
0.04314
0.00271
0.00205
0.06581
0.08274
0.02911
0.02706
0.11033
0.11891
0.15270
0.08932
0.06658
0.07253
0.12270
0.05863
0.07357
0.09095
0.02548
0.05696
0.10192
0.55790
0.04906
0.06567
0.08289
0.07417
0.09315
0.06960
0.06526
0.06060
0.03435
0.03081
0.01373
0.01598
0.02655
0.02519
0.86810
0.75679
0.04438
0.03810
0.80207
0.01481
0.50938
0.49953
0.00267
0.00201
0.04421
0.04999
0.01882
0.01845
0.44550
0.53567
0.17983
0.12540
0.07732
0.06765
0.02302
0.02514
0.01496
0.02505
0.57715
0.31456
0.12024
0.03948
0.02906
0.03526
0.04663
0.03466
0.04700
0.04503
0.00140
0.00193
0.03007
0.04362
0.11648
0.09117
0.00874
0.01146
0.03952
0.03235
0.49055
0.46171
0.16551
0.17664
0.08301
0.14545
0.03064
0.03786
0.05032
0.13358
0.01253
0.01401
0.00253
0.00295
0.00216
0.00161
0.02224
0.00840
0.00404
0.00290
0.00276
0.00187
0.00362
0.00267
0.00359
0.00418
0.00849
0.01000
0.00211
0.00182
0.00461
0.00454
0.13330
0.03211
0.00711
0.00629
0.94075
0.09746
0.00781
0.00775
0.00119
0.00112
0.00992
0.00799
0.04914
0.91679
0.00068
0.00063
0.00173
0.00183
0.00255
0.00322
0.02288
0.02248
0.02325
0.02381
0.01463
0.00966
0.01563
0.01114
0.00724
0.00916
0.26264
0.19483
0.06914
0.08473
0.00212
0.00283
0.08078
0.07260
0.02304
0.01045
0.00608
0.00782
0.00311
0.00478
0.00335
0.00494
0.00310
0.00365
0.00163
0.00174
0.02322
0.02001
0.99702
0.90417
0.00081
0.00152
0.00284
0.00385
0.06276
0.16870
0.28443
0.09772
0.02991
0.03347
0.08652
0.06475
0.81057
0.94374
0.07004
0.08187
0.08911
0.18807
0.00154
0.00104
0.04178
0.04890
0.03410
0.03300
0.00605
0.00493
0.03817
0.04573
0.00093
0.00118
0.99713
0.99705
0.01500
0.01356
0.04218
0.18414
0.11270
0.10130
0.03633
0.05115
0.00089
0.00084
0.02764
0.02522
0.00478
0.00804
0.00228
0.00271
0.02747
0.03335
0.07671
0.11635
0.86099
0.92692
0.00167
0.00156
0.02537
0.01756
0.02125
0.02039
0.01203
0.00213
0.00385
0.00540
0.01289
0.00828
0.00288
0.00643
0.08241
0.14875
0.04437
0.03587
0.01308
0.00878
0.78975
0.90201
0.06049
0.05975
0.00460
0.00637
0.00280
0.00654
0.01237
0.01360
0.01865
0.01630
0.00298
0.00255
0.01079
0.00710
0.00466
0.00612
0.17380
0.40190
0.01773
0.04350
0.08279
0.15111
0.07034
0.08047
0.00115
0.00085
0.14893
0.09660
0.02162
0.03876
0.17473
0.17479
0.04517
0.06508
0.01818
0.01188
0.00175
0.00139
0.01116
0.01280
0.22425
0.32160
0.37418
0.03216
0.04659
0.04025
0.00089
0.00108
0.01386
0.01313
0.00120
0.00119
0.00129
0.00087
0.01971
0.03053
0.00607
0.00574
0.01307
0.01361
0.00445
0.00376
0.31289
0.21427
0.01266
0.00789
0.00135
0.00227
0.02011
0.01453
0.96668
0.97667
0.03799
0.02076
0.01638
0.06021
0.55541
0.53297
0.01697
0.01619
0.00592
0.00477
0.10615
0.07602
0.00815
0.00766
0.11062
0.19803
0.22930
0.21421
0.04052
0.04085
0.03113
0.02312
0.06389
0.07910
0.02801
0.01835
0.01716
0.01254
0.00635
0.00686
0.01375
0.05355
0.01003
0.01856
0.01279
0.02125
0.00190
0.00203
0.00824
0.02928
0.02540
0.06589
0.05476
0.07107
0.07360
0.11092
0.78986
0.71262
0.28752
0.11160
0.07974
0.11486
0.00622
0.00518
0.00281
0.00109
0.79631
0.74531
0.01550
0.02262
0.01039
0.00857
0.04200
0.04709
0.03464
0.01946
0.24180
0.15230
0.00250
0.00273
0.00146
0.00182
0.00135
0.00168
0.03401
0.01968
0.09194
0.08796
0.03024
0.07335
0.14765
0.06528
0.00183
0.00157
0.11754
0.17848
0.02289
0.02343
0.06663
0.03432
0.04427
0.04198
0.00079
0.00081
0.00254
0.00195
0.00093
0.00102
0.00187
0.00293
0.00930
0.01495
0.01062
0.00670
0.00971
0.00855
0.13442
0.05907
0.01872
0.01053
0.00929
0.01203
0.15679
0.12832
0.34736
0.11564
0.00656
0.00636
0.00711
0.00987
0.05467
0.03055
0.08441
0.08497
0.00298
0.00161
0.00517
0.00900
0.01282
0.01123
0.08761
0.04496
0.08014
0.03724
0.00215
0.00198
0.00242
0.00155
0.02148
0.00869
0.00902
0.00315
0.22140
0.24388
0.07569
0.07804
0.95099
0.97246
0.09719
0.04723
0.91480
0.94595
0.00759
0.02940
0.00355
0.00603
0.00218
0.00179
0.04722
0.17746
0.08512
0.06064
0.08730
0.12688
0.01833
0.00553
0.07718
0.05289
0.00246
0.00145
0.00158
0.00126
0.05422
0.03519
0.00712
0.00630
0.00507
0.00721
0.02021
0.04931
0.06919
0.06381
0.02423
0.01475
0.00114
0.00187
0.94899
0.97464
0.06248
0.07728
0.00227
0.00244
0.00098
0.00109
0.00094
0.00086
0.01685
0.02247
0.01875
0.01622
0.01666
0.01409
0.62782
0.73261
0.06272
0.27142
0.03947
0.07805
0.00280
0.00227
0.00405
0.00564
0.01642
0.02016
0.03331
0.05637
0.99178
0.99077
0.00104
0.00125
0.00423
0.00803
0.00566
0.01194
0.00382
0.00246
0.00918
0.00388
0.00182
0.00190
0.01557
0.01174
0.02560
0.03111
0.01144
0.01678
0.01986
0.01960
0.00333
0.00288
0.09504
0.09375
0.00149
0.00170
0.02009
0.00841
0.03018
0.02389
0.02269
0.01364
0.00283
0.00140
0.06739
0.03344
0.00850
0.01120
0.01002
0.00286
0.00218
0.00214
0.00178
0.00156
0.00414
0.00561
0.05538
0.02980
0.83707
0.75227
0.01821
0.01048
0.04593
0.02264
0.00088
0.00097
0.00337
0.00220
0.31114
0.22576
0.01581
0.00974
0.03384
0.01906
0.98915
0.98700
0.10649
0.10405
0.01665
0.01310
0.03777
0.02565
0.00784
0.00536
0.01428
0.01173
0.00577
0.01455
0.92681
0.92081
0.00785
0.00517
0.03983
0.02830
0.08004
0.04256
0.00184
0.00182
0.00251
0.00303
0.00289
0.00253
0.00635
0.00795
0.00975
0.00889
0.00981
0.01453
0.05148
0.07618
0.00453
0.00696
0.94137
0.78834
0.02951
0.04208
0.00593
0.00463
0.04811
0.06686
0.01053
0.00783
