0.99604
0.99403
0.99750
0.99785
0.98627
0.97445
0.88323
0.85806
0.95718
0.91950
0.95935
0.83646
0.97662
0.97281
0.96972
0.96885
0.93898
0.96356
0.62491
0.58832
0.99497
0.99673
0.99473
0.99518
0.95287
0.95866
0.99004
0.99578
0.96388
0.96891
0.99595
0.99537
0.38526
0.38186
0.91757
0.91657
0.71436
0.67164
0.99951
0.99950
0.21826
0.22094
0.95746
0.95551
0.90742
0.91141
0.57471
0.56690
0.55680
0.58456
0.52799
0.47650
0.92994
0.93073
0.98558
0.97383
0.40763
0.41353
0.99555
0.99594
0.99962
0.99984
0.99814
0.99828
0.91328
0.90234
0.91460
0.92655
0.91557
0.93077
0.99835
0.99795
0.60941
0.60017
0.96736
0.96110
0.64129
0.64303
