0.45703
0.00020
0.00004
0.00003
0.00003
0.00005
0.00006
0.00003
0.04088
0.00518
0.00203
0.00164
0.00048
0.00042
0.00029
0.00060
0.00010
0.00008
0.00001
0.00001
0.00001
0.00004
0.91477
0.90788
0.00021
0.99916
0.99155
0.94659
0.13190
0.05733
0.98914
0.99311
0.40574
0.99009
0.00002
0.00002
0.01339
0.00324
0.65856
0.59514
0.00113
0.00024
0.53245
0.47553
0.38274
0.08075
0.00148
0.00133
0.00001
0.00001
0.07689
0.06461
0.04598
0.03782
0.13888
0.09290
0.49346
0.15863
0.00002
0.00001
0.00186
0.00208
0.00067
0.00092
0.08947
0.09875
0.00003
0.00003
0.53702
0.61529
