0.77996
0.83423
0.86238
0.27214
0.96710
0.86068
0.73893
0.04136
0.10509
0.29853
0.91742
0.90084
0.07007
0.08200
0.07732
0.09770
0.21066
0.08638
0.22016
0.09296
0.94406
0.93289
0.26643
0.34170
0.85288
0.84657
0.94350
0.98285
0.99326
0.90471
0.84702
0.84582
0.86220
0.89680
0.87306
0.76297
0.80266
0.76294
0.05281
0.04452
0.73861
0.75233
0.77985
0.81036
0.97145
0.95761
0.46698
0.52548
0.40729
0.92342
0.62684
0.64447
0.73042
0.65216
0.80970
0.67607
0.88617
0.74147
0.97009
0.96628
0.95751
0.94754
0.84954
0.88590
0.87675
0.88656
0.88066
0.90974
0.97238
0.96670
0.93635
0.95244
0.91870
0.93994
0.18987
0.19294
0.17222
0.77066
0.96625
0.96722
0.93981
0.91367
0.79690
0.72693
0.87166
0.91422
0.93208
0.95264
0.83047
0.82317
0.72106
0.73720
0.77205
0.57351
0.94165
0.88976
0.97870
0.98351
0.88961
0.90976
0.10222
0.10004
0.82283
0.81232
0.69975
0.61594
0.69254
0.89512
0.09524
0.13102
0.83367
0.76533
0.82561
0.79847
0.40395
0.59413
0.95463
0.97659
0.88354
0.92727
0.66747
0.61548
0.90372
0.89153
0.48683
0.63946
0.24498
0.20769
0.81085
0.82118
0.89344
0.87260
0.82668
0.30107
0.71513
0.59027
0.99551
0.99622
0.87269
0.85792
0.04683
0.12555
0.89953
0.94961
0.95326
0.97216
0.22910
0.18690
0.94752
0.99133
0.97099
0.98408
0.08977
0.11783
0.68337
0.69212
0.92691
0.80325
0.48119
0.19971
0.06496
0.06680
0.92709
0.86735
0.86746
0.36531
0.86108
0.81586
0.92113
0.82681
0.92591
0.93787
0.88597
0.87173
0.37171
0.48974
0.73529
0.80302
0.78969
0.86235
0.96401
0.93524
0.07984
0.06355
0.95672
0.95070
0.68645
0.75992
0.47005
0.47889
0.95832
0.95902
0.81627
0.87101
0.03492
0.03046
0.89583
0.86028
0.57455
0.67713
0.87797
0.90710
0.89935
0.88583
0.82918
0.83621
0.95529
0.93944
0.70195
0.67802
0.08025
0.09800
0.79211
0.79640
0.84314
0.81860
0.74589
0.70746
0.67171
0.73077
0.20884
0.22636
0.07446
0.08126
0.80536
0.82246
0.86785
0.90785
0.69703
0.72341
0.72125
0.76334
0.89721
0.90483
0.82483
0.84620
0.60692
0.63969
0.14299
0.11003
0.98317
0.98353
0.98765
0.98669
0.87954
0.90077
0.79329
0.81688
0.79374
0.82519
0.83397
0.90563
0.57169
0.64586
0.55407
0.52725
0.77043
0.81377
0.63708
0.62021
0.67868
0.72936
0.91727
0.94045
0.37279
0.76134
0.91593
0.27503
0.76590
0.76908
0.69789
0.69919
0.88228
0.87219
0.16065
0.17669
