0.65442
0.70327
0.28260
0.22187
0.99563
0.99165
0.74882
0.77465
0.69823
0.68792
0.01887
0.03489
0.60875
0.58803
0.99064
0.98992
0.86631
0.88808
0.99941
0.99934
0.99902
0.99940
0.30664
0.29576
0.37328
0.33992
0.69330
0.56767
0.88460
0.88760
0.66755
0.70667
0.91448
0.91242
0.57443
0.61927
0.65059
0.73559
0.94414
0.94947
0.29909
0.33825
0.22671
0.16361
0.97750
0.97235
0.14117
0.22166
0.17997
0.21145
0.99872
0.99868
0.22985
0.25714
0.82165
0.86924
0.65515
0.68235
0.98902
0.98474
0.84855
0.90054
0.67626
0.73743
0.99520
0.98741
0.43749
0.37340
