0.34727
0.17916
0.04874
0.03292
0.15123
0.12886
0.02081
0.02276
0.03992
0.04836
0.03982
0.03934
0.04487
0.03731
0.03716
0.04919
0.02952
0.09381
0.06965
0.02994
0.05210
0.04374
0.09769
0.08214
0.04456
0.05140
0.03142
0.03878
0.06189
0.07392
0.02116
0.01592
0.09687
0.03456
0.19358
0.03487
0.02185
0.05566
0.01265
0.03387
0.02155
0.03085
0.06032
0.12762
0.05539
0.03069
0.03520
0.01056
0.18452
0.05067
0.97535
0.97049
0.01442
0.01336
0.90430
0.93456
0.96668
0.96739
0.01353
0.00895
0.09560
0.09989
0.93890
0.94322
0.01361
0.01455
0.99557
0.99530
0.99943
0.99865
0.97575
0.97843
0.98156
0.98484
0.03107
0.03177
0.98728
0.98694
0.91375
0.82562
0.99930
0.99751
0.96077
0.96797
0.97339
0.97684
0.94661
0.95294
0.02558
0.01953
0.99905
0.99871
0.95485
0.97210
0.01171
0.01348
0.02627
0.01996
0.98854
0.98750
0.92563
0.92809
0.02455
0.02985
0.99857
0.99755
0.96768
0.96401
0.44155
0.42085
0.03523
0.02186
0.94108
0.78806
0.98755
0.97996
0.02545
0.03516
0.99002
0.98840
0.00869
0.00960
0.99294
0.99682
0.01241
0.01132
0.98372
0.98255
0.14332
0.08986
0.04617
0.04439
0.21599
0.43766
0.74010
0.69482
0.92905
0.86872
0.05408
0.06050
0.02280
0.01669
0.85292
0.92715
0.99620
0.99623
0.98212
0.98204
0.42057
0.40747
0.91219
0.97572
0.78041
0.73940
0.91283
0.92433
