0.75072
0.74051
0.67096
0.68190
0.69272
0.74912
0.75287
0.77103
0.75357
0.74988
0.64677
0.63393
0.69252
0.72203
0.68889
0.69088
0.77721
0.77738
0.80865
0.77018
0.70239
0.65155
0.76918
0.82518
0.64118
0.64264
0.79063
0.76936
0.66898
0.77543
0.79142
0.79657
0.79908
0.82309
0.82560
0.80798
0.75748
0.75289
0.76186
0.78728
0.77826
0.76237
0.72370
0.70172
0.81037
0.82860
0.82270
0.81290
0.78538
0.78623
0.84757
0.85977
0.76009
0.75612
0.76472
0.77043
0.75752
0.74402
0.86401
0.85204
0.68093
0.69604
0.72556
0.70461
0.79633
0.81993
0.73773
0.79605
0.70060
0.70322
0.75457
0.73741
0.81098
0.77174
0.75907
0.71976
0.81452
0.82157
0.82483
0.84376
0.81862
0.82289
0.78284
0.87586
0.75955
0.74442
0.69812
0.70388
0.55495
0.54230
0.71873
0.75725
0.69387
0.68907
0.40096
0.37562
0.80341
0.78433
0.85554
0.83969
0.83153
0.82784
0.77074
0.78112
0.62234
0.69028
0.75364
0.75056
