0.06964
0.02207
0.16606
0.15921
0.01024
0.01005
0.02440
0.06243
0.01725
0.01784
0.16589
0.19226
0.21535
0.21857
0.03268
0.03090
0.58236
0.36472
0.11855
0.11965
0.55075
0.45946
0.19521
0.19394
0.23009
0.27010
0.17149
0.16192
0.12014
0.10930
0.02429
0.03119
0.18752
0.20545
0.27847
0.29587
0.43520
0.41293
0.02731
0.03486
0.25413
0.24715
0.18109
0.19111
0.60880
0.81673
0.79622
0.79659
0.28623
0.27918
0.21490
0.24243
0.07037
0.19598
0.01414
0.01278
0.04714
0.02511
0.43689
0.32392
0.16999
0.19242
0.43972
0.46174
0.32548
0.37600
0.28985
0.06824
0.63529
0.63178
0.19215
0.20711
0.33080
0.42442
0.02180
0.02339
0.24105
0.26914
0.12778
0.13459
0.24242
0.20392
0.56094
0.47557
0.05022
0.04952
0.17589
0.25316
0.56459
0.71377
0.40616
0.40778
0.34439
0.35870
0.27590
0.18732
0.60190
0.50772
0.46633
0.79429
0.56965
0.46660
0.15059
0.14692
0.18336
0.22170
0.01472
0.01442
0.55573
0.60451
0.11012
0.09967
0.25087
0.24192
0.05242
0.05609
0.47703
0.60107
0.06724
0.06958
0.01482
0.01386
0.37216
0.44242
0.02527
0.02595
0.14602
0.21490
0.01585
0.00745
0.04577
0.01997
0.70928
0.73308
0.34717
0.33876
0.02692
0.03050
0.22101
0.20172
0.01392
0.01685
0.11867
0.13199
0.13446
0.15206
0.20343
0.25529
0.61481
0.63883
0.37357
0.42245
0.01403
0.01268
0.03330
0.02921
0.02142
0.02310
0.02572
0.02499
0.21108
0.32440
0.23826
0.19355
0.54120
0.46662
0.03833
0.04487
0.26768
0.30865
0.26663
0.25419
0.39004
0.21522
0.22660
0.19071
0.09851
0.12874
0.26352
0.34087
0.05437
0.06170
0.02220
0.02119
0.15932
0.23284
0.12951
0.12228
0.22981
0.25845
0.49544
0.49171
