0.70604
0.43184
0.95891
0.90831
0.99440
0.99987
0.99907
0.99994
0.99999
1.00000
0.99997
0.99999
1.00000
1.00000
0.99998
0.99997
1.00000
1.00000
1.00000
1.00000
0.99971
1.00000
0.01515
0.07360
0.99021
0.99907
0.09588
0.04698
0.99999
1.00000
0.79642
0.76028
0.99984
0.99951
0.68606
0.79975
1.00000
1.00000
0.99992
0.99557
0.99617
0.99973
0.99999
1.00000
1.00000
1.00000
0.99994
1.00000
0.99633
0.99927
0.09355
0.07744
0.93247
0.62875
0.06927
0.09782
0.95305
0.98801
0.01934
0.05240
0.00280
0.00147
0.75955
0.60345
0.99999
0.99999
0.99782
0.98976
0.06234
0.05424
0.99963
0.99981
0.99985
0.99994
0.97078
0.99173
0.85689
0.97188
0.14101
0.27306
0.99680
0.99951
0.59853
0.89385
1.00000
1.00000
1.00000
1.00000
1.00000
1.00000
0.01101
0.00980
0.99995
0.99984
0.99926
0.98102
0.99996
0.99470
0.04920
0.10406
0.10883
0.05925
0.99242
0.99133
0.99731
0.93708
0.99999
0.99992
0.99799
0.99446
0.99904
0.99730
0.99806
0.99897
0.14250
0.09154
0.99963
0.99958
0.00589
0.02129
0.99998
0.99997
1.00000
1.00000
0.00174
0.00131
0.99999
0.99986
0.88733
0.03277
0.99339
0.99596
0.99887
0.99684
0.12850
0.08742
0.99999
0.99960
0.99999
1.00000
0.99869
0.99953
1.00000
1.00000
1.00000
1.00000
0.51623
0.57743
1.00000
1.00000
0.14487
0.03189
0.99994
0.99982
0.96932
0.94388
0.19756
0.22109
