0.66595
0.65481
0.44119
0.49104
0.47028
0.48606
0.97351
0.97820
0.98789
0.98317
0.97556
0.97453
0.56813
0.55116
0.98918
0.98785
0.89313
0.90152
0.99774
0.99798
0.99937
0.99952
0.99950
0.99945
0.89585
0.90667
0.89009
0.99618
0.64045
0.59637
0.99380
0.99669
0.88276
0.89742
0.99761
0.99416
0.44070
0.45609
0.48306
0.45647
0.99976
0.99967
0.90210
0.86115
0.30337
0.98455
0.99933
0.99943
0.54036
0.56443
0.44748
0.46626
0.40271
0.34237
0.97811
0.35782
0.33755
0.30733
0.97625
0.98085
0.97073
0.99224
0.96014
0.95230
0.98517
0.98234
0.97003
0.96988
0.98862
0.98847
0.62804
0.66186
0.99854
0.99823
0.87848
0.99495
0.91114
0.90424
