0.99705
0.99673
0.40566
0.42444
0.80186
0.81877
0.90457
0.88242
0.88701
0.83520
0.99709
0.99729
0.65788
0.64823
0.28474
0.30224
0.40773
0.37578
0.99926
0.99836
0.59243
0.52501
0.98827
0.98895
0.60052
0.57432
0.53165
0.55557
0.92923
0.91675
0.45578
0.54434
0.93255
0.92823
0.99556
0.99822
0.99512
0.99438
0.98878
0.99096
0.40597
0.44005
0.95927
0.93439
0.99857
0.99841
0.81044
0.81743
0.94572
0.93303
0.79755
0.87700
0.99856
0.99550
0.43733
0.19822
0.94711
0.98039
0.37732
0.41581
0.99485
0.99819
0.39533
0.39204
0.43159
0.41580
0.73911
0.76344
0.29235
0.26458
0.59179
0.58890
0.37851
0.41974
0.74745
0.68664
0.82712
0.66816
0.86141
0.82121
0.97625
0.97345
0.82367
0.80251
0.93229
0.82739
0.84713
0.85490
0.99893
0.99951
0.95172
0.93681
0.44408
0.59880
0.99413
0.99613
0.27481
0.28792
0.71670
0.69360
0.32971
0.30677
0.68805
0.67947
0.23253
0.24736
0.99619
0.99630
0.99576
0.99469
0.16073
0.18806
0.71155
0.65927
0.63298
0.62714
0.81905
0.79839
0.98214
0.98331
0.98935
0.98973
0.99059
0.99189
0.75233
0.78572
0.99651
0.99509
0.73043
0.74492
0.98588
0.98700
0.97948
0.97556
0.66919
0.79310
0.96515
0.96923
0.99914
0.99902
0.91794
0.95544
