0.00343
0.00483
0.58548
0.67318
0.11778
0.38544
0.00648
0.00465
0.00467
0.00264
0.41393
0.38728
0.16329
0.09325
0.91205
0.90245
0.69729
0.87800
0.00820
0.00536
0.85477
0.95329
0.00452
0.00364
0.17006
0.21985
0.89075
0.97926
0.74344
0.79315
0.49852
0.34644
0.82578
0.99134
0.88823
0.88683
0.91065
0.91036
0.34535
0.40820
0.22084
0.14137
0.85348
0.78068
0.07378
0.06220
0.23401
0.20861
0.94365
0.81956
0.03051
0.04458
0.04742
0.04510
0.23858
0.27670
0.79185
0.60173
0.29004
0.34929
0.13384
0.14811
0.93013
0.94480
0.84589
0.71017
0.97604
0.97084
0.10864
0.13349
0.09352
0.10895
0.73997
0.76184
0.70591
0.80376
0.16966
0.11371
0.82154
0.94419
0.76117
0.76222
0.82231
0.80609
0.83910
0.86617
0.83486
0.91806
0.93456
0.93640
0.26558
0.25634
0.95192
0.92710
0.53149
0.55035
0.80833
0.75416
0.78273
0.69432
0.52817
0.39243
0.86331
0.89820
0.02312
0.01200
0.89510
0.84683
0.86577
0.90285
0.46044
0.42909
0.37480
0.43959
0.15085
0.28493
0.88267
0.79785
0.14412
0.10364
0.68051
0.41771
0.01407
0.01823
0.84622
0.80855
0.80093
0.81401
0.68729
0.75800
0.80247
0.84393
0.95756
0.95145
0.79879
0.93616
0.00554
0.00730
0.22535
0.24758
0.77156
0.76917
0.33151
0.38496
0.21262
0.22658
0.01320
0.01707
0.20466
0.18901
0.73323
0.70945
0.92232
0.96834
0.91546
0.97748
0.98014
0.97760
0.39179
0.44892
0.89262
0.87347
0.67297
0.62505
0.01591
0.02352
0.40822
0.61332
0.14640
0.11382
0.33045
0.20602
0.48832
0.37310
0.81714
0.76443
0.96642
0.91619
0.05341
0.07108
0.00902
0.01331
0.28927
0.22854
0.00523
0.00425
0.00827
0.00746
0.72290
0.75538
0.00361
0.00529
0.87258
0.89609
0.03503
0.04991
0.29250
0.24745
0.02832
0.03738
0.01689
0.00837
0.24609
0.27445
0.04131
0.04245
0.83746
0.90145
0.63305
0.09150
0.01247
0.01514
0.88241
0.83755
0.87583
0.87378
0.28620
0.25088
0.72177
0.80815
0.54962
0.60251
0.90856
0.92447
0.87150
0.56863
0.84427
0.82890
0.88766
0.87053
0.95986
0.95792
0.03662
0.02178
0.19948
0.16490
0.11405
0.12085
0.86923
0.86887
0.75501
0.74656
0.27418
0.21373
0.77962
0.87025
0.98397
0.98111
0.88240
0.87127
0.95294
0.95463
0.36035
0.56414
0.95318
0.91166
0.15816
0.20752
0.83664
0.85497
0.00864
0.00609
0.44790
0.86124
0.00547
0.00397
0.95198
0.96696
0.28653
0.26138
0.99720
0.83927
0.05189
0.06854
0.65257
0.68521
0.40342
0.37394
0.00610
0.00608
0.89740
0.83227
0.05824
0.07876
0.13921
0.23214
0.00743
0.00724
0.05628
0.04830
0.96411
0.93455
0.33504
0.20657
0.54064
0.40212
0.67608
0.70702
0.71935
0.76091
0.82844
0.85229
0.86300
0.90510
0.10055
0.06269
0.75703
0.78549
0.00326
0.00748
0.12738
0.20338
0.72154
0.71536
0.28329
0.33991
0.76758
0.74624
0.00866
0.01030
0.24394
0.65769
0.67219
0.83002
0.02854
0.03663
0.95061
0.94077
0.12553
0.14252
0.98619
0.97771
0.01613
0.01858
0.96981
0.97228
0.96152
0.96873
0.88288
0.83664
0.40869
0.35331
0.93713
0.92045
0.00674
0.00509
0.77363
0.77425
0.00814
0.00918
0.87800
0.89377
0.99148
0.97372
0.41446
0.47344
0.58346
0.61356
0.02311
0.01699
0.10743
0.42860
0.83691
0.87954
0.06982
0.11053
0.89808
0.61947
0.89122
0.89305
0.58931
0.46285
0.88246
0.90980
0.90020
0.89211
0.41780
0.25178
0.94348
0.92779
0.73929
0.75477
0.41623
0.26280
0.00270
0.00541
0.69860
0.52960
0.48974
0.56866
0.19126
0.45250
0.19489
0.10579
0.00265
0.00335
0.07979
0.08563
0.97795
0.98388
0.29116
0.25457
0.81535
0.76065
0.89533
0.81650
0.16339
0.12869
0.52367
0.48850
0.06691
0.28697
0.81394
0.86020
0.20207
0.22783
0.03848
0.03980
0.84567
0.76597
0.52421
0.49015
0.94088
0.93668
0.93801
0.89804
0.79807
0.79991
0.82928
0.87537
0.66819
0.65047
0.13036
0.12547
0.03180
0.03168
0.27816
0.26584
0.08565
0.06751
0.87809
0.91566
0.93893
0.93249
0.95565
0.97953
0.92576
0.91858
0.62702
0.45319
0.54393
0.75030
0.05685
0.05078
0.46728
0.44285
0.72869
0.82514
0.17154
0.17553
0.60389
0.63262
0.75916
0.80273
0.37326
0.36593
0.80554
0.83112
0.34060
0.31392
0.16339
0.18192
0.90473
0.93187
0.95107
0.89570
0.74441
0.75231
0.84128
0.81494
0.80839
0.77091
0.79594
0.84816
0.24225
0.17781
0.00877
0.01101
0.69987
0.84562
0.27174
0.24074
0.95923
0.96086
0.74507
0.71738
0.11791
0.12804
0.17931
0.26342
0.78517
0.96991
0.03034
0.01769
0.48416
0.48764
0.95770
0.97328
0.00550
0.00909
0.97543
0.92737
0.96496
0.93078
0.92491
0.89836
0.57181
0.70221
0.72885
0.64109
0.00640
0.00296
0.00426
0.00591
0.97530
0.98162
0.10546
0.12345
0.82961
0.76175
0.67727
0.72428
0.85767
0.79115
0.11309
0.14010
0.94617
0.93408
0.60658
0.87131
0.80814
0.85912
0.68028
0.55624
0.01616
0.01396
0.87895
0.82578
0.00702
0.00740
0.01815
0.01631
0.87909
0.74543
0.40816
0.27429
0.01969
0.01533
0.01536
0.02095
0.40048
0.51290
0.80074
0.66227
0.88409
0.88616
0.92269
0.92029
0.88186
0.86950
0.00337
0.00396
0.02098
0.01298
0.00388
0.00460
0.75779
0.73930
0.01605
0.00831
0.07269
0.05482
0.00604
0.00621
0.00470
0.00426
0.13790
0.17986
0.50194
0.67856
0.87524
0.89438
0.03182
0.02585
0.33168
0.31795
0.80583
0.74479
0.77649
0.71256
0.58382
0.67950
0.80735
0.77954
0.89631
0.85610
0.90900
0.93102
0.39987
0.26860
0.98931
0.98705
0.87423
0.93081
0.98431
0.97293
0.01343
0.01550
0.28560
0.13048
0.70846
0.68866
0.57194
0.51311
0.80631
0.84365
0.85701
0.86090
0.12173
0.07076
0.61059
0.67348
0.90541
0.90245
0.75912
0.65575
0.80194
0.79279
0.02019
0.02428
0.94984
0.96189
0.00457
0.00328
0.59671
0.49546
0.15299
0.09235
0.08630
0.12238
0.89146
0.89853
0.59509
0.66964
0.62722
0.60032
0.97716
0.86456
0.03768
0.78703
0.56143
0.57456
0.68450
0.71611
0.91777
0.98469
0.93353
0.89271
0.35707
0.37537
0.89033
0.89258
0.73847
0.72739
0.89645
0.86302
0.67153
0.74001
0.73383
0.73270
0.01244
0.01080
0.93711
0.87862
0.95172
0.95094
0.97625
0.95060
0.11586
0.12974
0.94866
0.92791
0.86519
0.88937
0.08442
0.88267
0.65921
0.83977
0.70141
0.79203
0.87642
0.87286
0.00549
0.00480
0.83632
0.81868
0.01171
0.00785
0.78181
0.87725
0.81548
0.79532
0.75206
0.77899
0.27326
0.35824
0.01467
0.01160
0.24172
0.32940
0.16138
0.14877
0.85281
0.86252
0.62432
0.36695
0.09583
0.08054
0.90991
0.88338
0.56169
0.55588
0.18242
0.19123
0.92647
0.80960
0.97572
0.94899
0.66657
0.55524
0.17787
0.14771
0.73336
0.75180
0.09434
0.72415
0.98466
0.92088
0.04300
0.03702
0.03040
0.04526
0.15199
0.12657
