0.68317
0.71772
0.59532
0.62874
0.45536
0.46476
0.54038
0.52791
0.35960
0.38450
0.55934
0.53997
0.95988
0.96107
0.59147
0.60664
0.55685
0.55648
0.77078
0.73833
0.31218
0.27703
0.61567
0.61371
0.40124
0.43809
0.94944
0.96494
0.60506
0.60300
0.50960
0.44356
0.59185
0.59124
0.28295
0.24919
0.98714
0.98775
0.31468
0.36481
0.40846
0.38666
0.52862
0.56476
0.97464
0.98448
0.96969
0.96647
0.52984
0.54284
0.56414
0.55600
0.64194
0.61728
0.64026
0.64733
0.97762
0.98143
0.96381
0.96377
0.85362
0.90114
0.55318
0.52121
0.81469
0.82884
0.51882
0.59124
0.64460
0.64336
0.61431
0.58450
0.64514
0.57065
