0.81024
0.82851
0.97945
0.97381
0.52346
0.54545
0.62711
0.73109
0.99992
0.99993
0.95279
0.95691
0.79333
0.79179
0.98671
0.98695
0.98501
0.99440
0.99039
0.97589
0.97190
0.97217
0.88828
0.88525
0.99676
0.99697
0.91045
0.91491
0.96447
0.96802
0.99544
0.99443
0.92784
0.93538
0.98527
0.98717
0.99993
0.99977
0.75867
0.75403
0.99940
0.99935
0.89524
0.89998
0.92470
0.92483
0.46914
0.47760
0.48562
0.54488
0.99367
0.99490
0.13124
0.12108
0.53401
0.46095
0.99610
0.99620
0.99970
0.99963
0.99950
0.99965
0.74338
0.77949
0.78812
0.79837
0.99836
0.99848
0.99881
0.99869
0.97573
0.98507
0.55069
0.56161
0.99842
0.99763
0.61939
0.61167
0.99843
0.99881
0.58486
0.62859
0.55948
0.26205
0.30941
0.30215
0.35779
0.36112
0.96092
0.99190
0.48923
0.46654
0.28916
0.28184
0.97790
0.98011
0.96884
0.96969
0.32830
0.33939
0.97642
0.97595
0.11422
0.12531
0.90734
0.88210
0.17340
0.12314
0.95940
0.95070
0.10849
0.19944
0.06426
0.32237
0.99864
0.99704
0.21276
0.18681
0.99600
0.99375
0.88001
0.88206
0.98702
0.98390
0.59527
0.78546
0.76036
0.73787
0.73729
0.76002
