0.43497
0.52140
0.58005
0.53047
0.94036
0.98325
0.70022
0.71946
0.84770
0.85614
0.40035
0.56730
0.95009
0.95583
0.51356
0.55389
0.76672
0.75162
0.95992
0.96293
0.76689
0.79117
0.98047
0.96298
0.97202
0.94211
0.99991
0.99993
0.98708
0.99958
0.99988
0.99791
0.86217
0.92632
0.98765
0.98427
0.99576
0.99474
0.83221
0.86639
0.63793
0.75223
0.93874
0.93514
0.70608
0.68364
0.81119
0.94894
0.86625
0.83240
0.81536
0.83113
0.83138
0.86583
0.86083
0.83711
0.99523
0.99752
0.99968
0.99955
0.92832
0.91943
0.86641
0.81912
0.35339
0.34314
0.98285
0.98557
0.99441
0.99586
0.88590
0.84769
0.99385
0.99667
0.97207
0.96615
0.99904
0.98892
0.95553
0.98411
0.92745
0.92603
0.97396
0.97510
0.35349
0.31036
0.99993
0.99998
0.99386
0.98786
0.99990
0.99978
0.92809
0.95512
0.46540
0.77924
0.99996
0.99998
0.95758
0.96057
0.97575
0.98943
0.98412
0.98048
0.98659
0.98129
0.90845
0.90399
0.98877
0.98666
0.85289
0.83186
0.96404
0.96725
0.28696
0.27321
0.40638
0.44193
0.39646
0.37567
0.99955
0.99977
0.99989
0.99972
0.98780
0.98591
0.58639
0.56266
0.55966
0.38551
0.92023
0.90940
0.87103
0.88358
0.89602
0.86885
0.56778
0.75792
0.62240
0.66100
0.73572
0.75687
0.69517
0.69249
0.99917
0.99930
0.59433
0.78406
0.42345
0.53814
0.90321
0.88069
0.51815
0.49843
0.99927
0.99909
