0.99951
0.99964
0.05780
0.05976
0.22076
0.26372
0.05386
0.04603
0.17289
0.19417
0.99999
1.00000
0.97394
0.97573
0.23922
0.21931
0.99806
0.99739
0.99992
0.99990
0.99996
0.99997
0.04073
0.04186
0.99997
0.99999
0.99996
0.99997
0.93114
0.93350
0.15296
0.12399
0.12438
0.06417
0.99788
0.99784
0.09828
0.10657
0.10628
0.09713
0.06678
0.05887
0.99999
0.99999
0.99996
0.99996
0.10756
0.11246
0.12605
0.14997
0.10391
0.04061
0.09456
0.10177
0.99997
0.99997
0.89500
0.90315
0.04017
0.04097
0.06423
0.05633
0.05260
0.03916
0.09771
0.09250
0.99541
0.99541
0.99996
0.99994
0.03767
0.02972
0.92724
0.93534
0.97089
0.99157
0.13395
0.15762
0.27215
0.30798
0.99995
0.99995
0.99966
0.99935
0.08561
0.05962
0.37466
0.21511
0.17050
0.20080
0.12197
0.09035
0.06129
0.07040
0.99992
0.99991
0.15954
0.17308
0.25121
0.26895
0.00631
0.00676
0.02325
0.04921
0.25023
0.20984
0.09244
0.08822
0.03365
0.02467
0.17398
0.15915
0.37407
0.23098
0.97273
0.99602
0.04749
0.05044
0.99639
0.99712
0.05480
0.05535
0.07381
0.07913
0.99990
0.99994
0.01365
0.01406
0.46034
0.39152
0.02269
0.01938
0.99971
0.99924
0.10472
0.09424
0.18304
0.15104
0.94901
0.94311
0.99994
0.99995
0.99834
0.99920
0.99986
0.99980
0.99995
0.99990
0.99935
0.99985
0.15926
0.12032
0.08637
0.09181
0.99941
0.99939
0.99975
0.99920
0.99990
0.99988
0.99986
0.99984
0.13998
0.17505
0.08837
0.07518
0.99981
0.99975
0.99943
0.99980
0.66842
0.70355
0.20378
0.18593
0.90675
0.91403
0.82850
0.68351
0.99937
0.99926
0.99979
0.99969
0.11334
0.08557
0.99985
0.99987
0.02978
0.02470
0.14402
0.11654
0.95174
0.94219
0.20735
0.18682
0.06269
0.05498
0.99925
0.99801
0.05673
0.06687
0.05373
0.04665
0.09081
0.09741
