0.00055
0.00034
0.93336
0.05012
0.49144
0.49644
0.00009
0.00017
0.00177
0.00046
0.00046
0.00034
0.12027
0.00298
0.00152
0.00595
0.49971
0.50040
0.68769
0.26344
0.91803
0.63221
0.00004
0.00009
0.03108
0.01232
0.00019
0.00006
0.00008
0.00002
0.00184
0.00132
0.00012
0.00015
0.71217
0.74213
0.00011
0.00003
0.00011
0.00024
0.57188
0.62704
0.07971
0.08602
0.00299
0.00362
0.93744
0.97830
0.01325
0.01443
0.01544
0.05204
0.50837
0.50623
0.00002
0.00005
0.00329
0.00252
0.00102
0.00113
0.03979
0.01132
0.99997
1.00000
0.82519
0.53310
0.00396
0.00153
0.47997
0.49415
0.16236
0.06622
0.77636
0.63510
0.06856
0.01872
0.99998
1.00000
0.00085
0.00164
0.91847
0.96214
0.25710
0.05120
0.96785
0.71873
0.00002
0.00003
0.99899
0.99813
0.99999
0.99999
0.91676
0.93746
0.99275
0.98859
0.00002
0.00003
0.00001
0.00003
0.00004
0.00002
1.00000
1.00000
0.00674
0.00143
0.00118
0.00010
0.06019
0.06951
0.00001
0.00002
0.53196
0.50144
0.00001
0.00001
0.00917
0.01188
0.00095
0.00046
0.00024
0.00020
0.00130
0.00349
0.00003
0.00002
0.00087
0.00085
0.00076
0.00310
0.48169
0.40556
0.00081
0.00090
0.00839
0.00281
0.00038
0.00003
0.08574
0.05393
0.99743
0.94856
0.99922
0.99939
0.00216
0.00260
0.00033
0.00016
0.00822
0.00458
0.00003
0.00008
0.00004
0.00005
