0.6235933900
0.6184569001
0.5762225389
0.5967581272
0.5914650559
0.6137697101
0.6761334538
0.6931895614
0.5588627458
0.5611379743
0.5023742914
0.5010806918
0.5527796745
0.5555779934
0.5806508064
0.5869421959
0.6036857963
0.6022094488
0.5260477066
0.5424064994
0.6326285601
0.6172356606
0.5850337148
0.5821190476
0.6498280764
0.6443415880
0.5531207323
0.5471884012
0.6562637091
0.6347928643
0.6817680597
0.6648721695
0.5772342086
0.5759599805
0.6122239828
0.6334983706
0.5604251623
0.5385982394
0.6136469841
0.6241351366
0.5935039520
0.5933171511
0.6272701025
0.6333237886
0.6446958780
0.6414586306
0.4955211282
0.4971981943
0.8581159711
0.8358495831
0.5436490178
0.5334161520
0.6255210042
0.6298264265
0.6241413355
0.6354367137
0.8857883215
0.9431957006
0.5955923796
0.5708558559
0.9421884418
0.9425549507
0.6011387110
0.6038180590
0.6453205347
0.6372654438
0.5047143102
0.5020776391
0.5793753862
0.5859750509
0.5516923666
0.5490621924
0.5708649158
0.5752347112
0.5862271190
0.5883013010
0.6336077452
0.6304481030
0.5215159655
0.5431492925
0.5946580172
0.6068583727
0.5768535733
0.5936859846
0.6087678075
0.6107581258
0.8304139972
0.9431375265
0.6456232667
0.6491674185
0.5753935575
0.5876173973
0.5660237670
0.5590816736
0.5734175444
0.5739082098
0.6221780777
0.6264276505
0.6194984317
0.6241893172
0.6922501326
0.6790794730
0.5776982307
0.5755947828
0.6185250282
0.6248167753
0.5506229401
0.5584713221
0.6769407988
0.6750437021
0.7392640114
0.7422513962
0.6091903448
0.6005967259
