0.5243584514
0.5329447985
0.6055564880
0.6023365259
0.5346447229
0.5398622751
0.5512731671
0.5564550161
0.5659615397
0.5795537233
0.5682123303
0.5669963360
0.5569099784
0.5604301691
0.5210033655
0.5263329148
0.6218146086
0.6220368147
0.5180400610
0.5202161670
0.6571728587
0.6933267117
0.6113265157
0.6133085489
0.6863780618
0.7047908306
0.6088344455
0.5986603498
0.6330075264
0.6212425232
0.5992178321
0.6364332438
0.6708976030
0.6677992344
0.5339049101
0.5466021299
0.6088933945
0.6087347269
0.5913393497
0.5869677663
0.6970508695
0.7002334595
0.6184769869
0.6481629014
0.5789934397
0.5879840851
0.5491753817
0.5575967431
0.5501319170
0.6109409332
0.6172835231
0.6062355638
0.5412280560
0.5252881646
0.6421074867
0.6440516114
0.5262864828
0.5214943886
0.5096868277
0.5081282258
0.5405976176
0.5245174170
0.5135840178
0.5079835057
0.5833661556
0.5899098516
0.5823313594
0.5718042850
0.5681962371
0.5792840719
0.5655320883
0.5713214874
0.7399855852
0.7511196136
0.5459387898
0.5760129094
0.5311767459
0.5227712393
0.5688522458
0.5399746299
0.5769771934
0.5969573855
0.5294543505
0.5288270116
0.5221340060
0.5501620770
0.5458190441
0.5586696267
0.5185245275
0.5234799385
0.5186540484
0.5216583610
0.5867018700
0.6007027626
0.5215796232
0.5210939646
0.5412510633
0.5382906795
0.5319985151
0.5315290093
0.5267339945
0.5276817083
0.5425627828
0.5244946480
0.5751208067
0.5819256902
0.5249915123
0.5231047869
0.5145261884
0.5134689212
0.5353699923
0.5448988676
0.5326090455
0.5395148993
0.6364010572
0.5862091184
0.5249800086
0.5367212296
0.5935981870
0.5918577909
0.5228382945
0.5167897344
0.5254338980
0.5297234654
0.9231414795
0.8805298805
0.7458072901
0.7358888388
0.6004556417
0.6066548824
0.6207711101
0.6312294602
0.6180766821
0.6170631647
0.6899728179
0.6746880412
0.5155063272
0.5137962699
0.6166262031
0.6225363016
0.5148671269
0.5109139681
0.5809403658
0.5641372800
0.6869066954
0.6816848516
0.5240421295
0.5231258273
0.4993858933
0.4983784556
0.5963771939
0.5860368013
0.5278292894
0.5362718701
0.6039900780
0.6297465563
0.5218972564
0.5147521496
0.5738455653
0.5727237463
0.6349183917
0.6158224344
0.5712378621
0.6036211252
0.5741076469
0.6032708883
0.6190271974
0.6077300906
0.7479938269
0.7245774865
0.6170201302
0.6225171089
0.5584785342
0.5577071905
0.6133390069
0.6001897454
0.7442051172
0.8692542315
0.5717941523
0.5626868010
0.5784003735
0.5927139521
0.5586526990
0.5565910935
0.5957320333
0.6060690880
0.5588301420
0.5600460172
0.5535806417
0.5571673512
0.6606045961
0.6602665782
0.6013176441
0.5957407951
0.5213223696
0.5363729000
0.7007292509
0.7197907567
0.6960939169
0.6923650503
0.5867764950
0.5889821053
0.6346957684
0.6316977739
0.5820972323
0.5986168981
0.5407007933
0.5417534113
0.6582201719
0.6405805349
0.6158657074
0.6109306216
0.6162050962
0.6135575175
0.5250555277
0.5211962461
0.5336538553
0.5365719795
0.5548728108
0.5474202037
0.6479448080
0.6679984331
0.5910123587
0.5893595815
0.6520869136
0.6675558090
0.5115536451
0.5139380693
0.7059136629
0.6672822237
0.5604957342
0.6426877379
0.5282372236
0.5366488695
0.5079209805
0.5094743967
0.5080717802
0.5086916089
0.5390200615
0.5488871336
0.6440711617
0.6471858621
0.5823012590
0.6120057702
0.5270943642
0.5272552371
0.5138659477
0.5222142935
0.5262320638
0.5218373537
0.5151087642
0.5249475241
0.5334337354
0.5776354074
0.8784776926
0.8841083646
0.5895966887
0.6246004105
0.5234633088
0.5270677805
0.5680001974
0.5674708486
0.5994670987
0.6071978211
0.5050861239
0.5028746724
0.5383136272
0.5540353656
0.5293262601
0.5260809064
0.5433577299
0.5424517393
0.5168117285
0.5170019269
0.5186436176
0.5235609412
0.5305069685
0.5310152769
0.5229980350
0.5191454887
0.5471026301
0.5251809359
0.5161527991
0.5172677636
0.5291811824
0.5337284803
0.5178971291
0.5196255445
0.5297028422
0.5357474685
0.5750923753
0.7383352518
0.6201955080
0.6281027198
0.5405804515
0.5398635268
0.5772709846
0.5656186342
0.5475116968
0.5561159849
0.5692507029
0.5796412230
0.5283129811
0.5231627822
0.5940014124
0.5885056257
0.5126627684
0.5145651698
0.5623129606
0.5966026187
0.5309351087
0.5502546430
0.5479524732
0.5574474931
0.5735254884
0.5611754656
0.5382257700
0.5594394803
0.6465469599
0.6722280383
0.5543057919
0.5307576060
0.5927826166
0.6088195443
0.6041046381
0.5914608240
0.5546333194
0.5602451563
0.5665891767
0.5859318376
0.5609232187
0.5415962934
0.5592119098
0.5632807016
0.5464316607
0.5495370030
0.5297766328
0.5394180417
0.6928631067
0.7052520514
0.5059769750
0.5066198707
0.5265097022
0.5370215774
0.6725994945
0.6671332717
0.5342319608
0.5495332479
0.5342808962
0.5396131277
0.5264021158
0.5333605409
0.5710755587
0.5658459067
0.5552071333
0.5425766706
0.5274294615
0.5483950377
0.5171543360
0.5241655111
0.5455074906
0.5376977921
0.6105192900
0.6206058264
0.5248190165
0.5364651084
0.5373226404
0.5275355577
0.6148267984
0.6253336072
0.5516238213
0.5611913204
0.5736413002
0.5928922892
0.5492984056
0.5424071550
0.6638267040
0.6798905134
0.5589199066
0.5643838644
0.5350407362
0.5322582722
0.5669983029
0.5672453046
0.5466128588
0.5407994390
0.5315592885
0.5158478022
0.5681937933
0.5995658636
0.5168706179
0.5260447264
0.5101239085
0.5083149672
0.7233070135
0.7578051686
0.6157461405
0.6307934523
0.5493273735
0.5691518784
0.6098175049
0.5870004296
0.5782338381
0.6036335826
0.5995745659
0.5385938883
0.5283304453
0.5292691588
0.6198982596
0.6293112040
0.5499709249
0.5896565318
0.5375255942
0.5286700726
0.5275769234
0.5300236940
0.5414890647
0.5411745310
0.5714743733
0.5680665970
0.6468247175
0.5634843707
0.5289212465
0.5256726146
0.6362812519
0.6414054036
0.5201885104
0.5273702741
0.5947710276
0.6479977965
0.5384403467
0.5405607820
0.5147443414
0.5143948793
0.5684526563
0.5379048586
0.5269057751
0.5354350805
0.5292168856
0.5375761390
0.5370779037
0.5586417913
0.5446984768
0.5614620447
0.5682889819
0.5799647570
0.5573199391
0.5752307773
0.5175693631
0.5149761438
0.9422868490
0.9488381147
0.5548707247
0.5467473269
0.5361778140
0.5310353041
0.5343742371
0.5502671003
0.5307484865
0.5357754827
0.7152836919
0.7159950733
0.5548982620
0.5410562754
0.5184327960
0.5163909197
0.5255900621
0.5329238772
0.5583021641
0.5635827184
0.5163595080
0.5205166936
0.5901665688
0.5961487889
0.7019525766
0.6943863630
0.6093013287
0.5985099077
0.5262209177
0.5222531557
0.5623890162
0.5733857155
0.5014280677
0.5009270906
0.6161508560
0.6325583458
0.5145805478
0.5201634765
0.5600458980
0.5632270575
0.5915599465
0.7990244627
0.6593768001
0.6988160014
0.7397576571
0.7649556398
0.5968188643
0.6004812121
0.5925598145
0.6001001596
0.5136016011
0.5165714622
0.5598000288
0.5932937860
0.5932618976
0.5942861438
0.5898722410
0.6055547595
0.5278223753
0.5407736897
0.5496141911
0.5502174497
0.6333314180
0.6048051715
0.5833595395
0.6027931571
0.5866532922
0.5825958848
0.5177844167
0.5170494318
0.6105643511
0.6210103035
0.7497348785
0.7855040431
0.5944475532
0.5759699941
0.6594837904
0.6650935411
0.5943565369
0.5912203789
0.6197420359
0.6196811795
0.5566407442
0.5606257319
0.6701061130
0.5883873701
0.5460441113
0.5582382083
0.5321111083
0.5381620526
0.5925709009
0.5840236545
0.5694310069
0.6006394625
0.5883140564
0.5663098693
0.5199939013
0.5283325911
0.5361318588
0.5312856436
0.5522029400
0.5471888185
0.5408983827
0.5455771089
0.6677602530
0.6413779855
0.5757343173
0.5754801035
0.5157551765
0.5211939216
0.5417715311
0.5452107787
0.5519565940
0.5662509799
0.5484057665
0.5290200114
0.5575472116
0.5480805039
0.5928875804
0.5472599864
0.5234824419
0.5315378904
0.5202069283
0.5140961409
0.5378272533
0.5263512731
0.5189059377
0.5255319476
0.6085149646
0.6220208406
0.6099632978
0.5954310298
0.6702198982
0.7005392909
0.5407983065
0.5496588945
0.5495922565
0.5516707301
0.5316341519
0.5364570618
0.5981106758
0.5924900770
0.5797715187
0.5718771815
0.6038284898
0.5821250677
0.6240126491
0.6334554553
0.5175594091
0.5185385942
0.5255516768
0.5242775679
0.5342496634
0.5411936641
0.5642479062
0.5539757013
0.5742867589
0.5765569210
0.5170339346
0.5231901407
0.6001144648
0.5968555808
0.6795490384
0.6607496142
0.6640940309
0.6841637492
0.5606989264
0.5499218702
0.5137777925
0.5144623518
0.5603799820
0.5579020381
0.5190300941
0.5179344416
0.5847359896
0.5800017118
0.6612191200
0.6776254773
0.6656918526
0.6975762248
0.6096194386
0.6060792804
0.5857482553
0.5940343738
0.5530152917
0.5521925688
0.5231734514
0.5516057014
0.5280944109
0.5343200564
0.6926102042
0.6853548884
0.5138016939
0.5189293027
0.5233747959
0.5158329606
0.5809017420
0.5775232911
0.5952326059
0.6051564217
0.5140569806
0.5272096395
0.5518087745
0.5376629829
0.5249944925
0.5215576887
0.6480823755
0.6390807629
0.6665482521
0.6503366828
0.5260515809
0.5269635916
0.5202032924
0.5192579031
0.5554324985
0.5707067847
0.5511987805
0.5527278781
0.5131350160
0.5128945708
0.5392376781
0.5412834883
0.5187753439
0.5152460933
0.5222678185
0.5197880864
0.5338306427
0.5492675900
0.5251482725
0.5298868418
0.5252715945
0.5336461663
0.5291258097
0.5262619257
0.5559198260
0.5633529425
0.5643196106
0.5423249602
0.5440904498
0.5455390811
0.5284764171
0.5304297805
0.5570303202
0.5475366116
0.9094268680
0.5344728231
0.5552288890
0.5579415560
0.5771132708
0.5843523145
0.5361402631
0.5427545309
0.5965102911
0.6163769364
0.5059393048
0.5119795799
0.6263850331
0.6578016281
0.6098680496
0.6121801138
0.6741291285
0.6249904633
0.5437102318
0.5421448350
0.5042762160
0.5055752993
0.5966721773
0.5901625752
0.5395768285
0.5517786741
0.6357682943
0.6256217957
0.5143149495
0.5193972588
0.5137248039
0.5163463950
0.5140997171
0.5159334540
0.6366961598
0.6391787529
0.5608058572
0.5877249837
0.5176653862
0.5208528638
0.6140829325
0.6747363210
0.5581921339
0.5890735984
0.5528764129
0.5550605655
0.5132395029
0.5178508759
0.5211460590
0.5221560001
0.5314523578
0.5445699096
0.5051578879
0.5039817095
0.5263010263
0.5284842253
0.8170773387
0.9281165004
0.5272990465
0.5301403999
0.5402970910
0.5337502360
0.5177727938
0.5113512874
0.5446364284
0.5661743283
0.5428583026
0.5394847393
0.5289975405
0.5279041529
0.5080692768
0.5086025000
0.5144761205
0.5179762840
0.6769998074
0.6950522661
0.5234984159
0.5185109377
0.6019901633
0.6016924977
0.5319291353
0.5453796387
0.5122904181
0.5072720647
0.5482923985
0.5211006403
0.5832366943
0.5827863812
0.5630704761
0.5652706027
0.5029402971
0.5060091019
0.5243299603
0.5201638937
0.6375147700
0.7278766632
0.5770127773
0.5869377851
0.5264215469
0.5316864252
0.5202271342
0.5269128680
0.5686573982
0.5769003034
0.5211306810
0.5225374699
0.5406322479
0.5288321376
0.5208590627
0.5163669586
0.5739917755
0.5775202513
0.5279053450
0.5341681242
0.5459321141
0.5591742396
0.5180791020
0.5178324580
0.5065352917
0.5120666027
0.5034589171
0.5089591146
0.5263416171
0.5208946466
0.6477111578
0.6503765583
0.5710469484
0.5642267466
0.6028618813
0.5555139184
0.5169502497
0.5125325918
0.7607208490
0.7442752123
0.5756745338
0.5772207975
0.5434591770
0.5312126875
0.5176202655
0.5130279064
0.5550512075
0.5426709652
0.5244333148
0.5317217112
0.5818168521
0.5509794354
0.5182039738
0.5151554942
0.5380699635
0.5602235198
0.5403842330
0.5352841020
0.7615454793
0.7452309132
0.5994922519
0.5560264587
0.5481751561
0.5515743494
0.5746737719
0.5920615792
0.5580233335
0.5401549339
0.6191992760
0.6371521354
0.6496654749
0.6570584178
0.5626579523
0.5643645525
0.5442042351
0.5403100252
0.5162419677
0.5124059916
0.5060046315
0.5029183626
0.5215979815
0.5036851168
0.5284044743
0.5402327180
0.5875130892
0.5859493613
0.5426464677
0.5397309065
0.6288418770
0.6272544265
0.5648738146
0.5619837642
0.5284456015
0.5272631049
0.6318256855
0.5668101311
0.6645723581
0.6714118719
0.5745290518
0.5962482095
0.6275610328
0.6254224181
0.6324092150
0.6340389252
0.6265953183
0.5720074177
0.5089831352
0.5156365037
0.5228179693
0.5248757601
0.5320448279
0.5313035846
0.6368051767
0.6383997798
0.7783387303
0.8612661362
0.5572614670
0.5468114018
0.5488228798
0.5412551165
0.5121939778
0.5125912428
0.5154514313
0.5242133141
0.7295044661
0.5914977789
0.5291359425
0.5257622004
0.5443741679
0.5490413904
0.5200995803
0.5183343887
0.5190168619
0.5298246145
0.5144889951
0.5165458918
0.5167852640
0.5184713602
0.7141339183
0.6597219110
0.6201852560
0.6111158133
0.5669046640
0.5591284037
0.6185286641
0.6026028395
0.5423833132
0.5377932787
0.5615381002
0.5477015376
0.5309972763
0.5382174253
0.5533915758
0.5432997942
0.6783099174
0.6435579062
0.5582329631
0.5487903357
0.5181394219
0.5163963437
0.5073489547
0.5024644136
0.5358695984
0.5290012360
0.5123183131
0.5141152740
0.5750511885
0.5717406273
0.5507383347
0.5492611527
0.5296285748
0.5336886644
0.5233054757
0.5286036730
0.5389162302
0.5456190109
0.5605731010
0.5649930239
0.5603035688
0.5565107465
0.5634726882
0.6181520224
0.6470358372
0.6099028587
0.5424774885
0.5327044129
0.7771096826
0.7702943683
0.5493241549
0.5503505468
0.5432778597
0.5456328392
0.5566359758
0.5503070354
0.6312888265
0.5941253901
0.5206972957
0.5183211565
0.6514905095
0.6008973718
0.6112999916
0.6122682095
0.6416613460
0.6568473577
0.6628509760
0.6568454504
0.5794376731
0.5935834050
0.6649931669
0.6238752604
0.5607841611
0.5546851158
0.6158062220
0.6118375063
0.5605059862
0.5532478094
0.5347394943
0.5400046110
0.5609331131
0.5363355875
0.6777392030
0.6487714052
0.5239816904
0.5345980525
0.5247067213
0.5360280275
0.5329324007
0.5254126191
0.5817604065
0.5877010226
0.5407736897
0.5167257786
0.5729135871
0.5907052755
0.6696084738
0.6746813655
0.5140191913
0.5160745382
0.5193158984
0.5303699374
0.5993300676
0.5700868368
0.5335400701
0.5254278779
0.5361956954
0.5324297547
0.5053331256
0.5219095945
0.6077085733
0.6019179225
0.5680317283
0.5812345743
0.5625033975
0.5637043715
0.5167452097
0.5120200515
0.6411889791
0.6521062851
0.6207861304
0.6033425331
0.5205672979
0.5216869712
0.5307382345
0.5602077246
0.5638354421
0.5716721416
0.5925706625
0.6279796362
0.5959381461
0.6117354631
0.5469702482
0.5482064486
0.5337755084
0.5289120674
0.6005569696
0.6005204916
0.6012094021
0.5929589868
0.6649981737
0.6597068906
0.5341411233
0.5383802056
0.5727068186
0.5623304844
0.5979365706
0.5953163505
0.5934754610
0.5924147964
0.7148970366
0.7071241140
0.5500091314
0.5310595632
0.5414621234
0.5559883118
0.5651794672
0.5211576223
0.5663963556
0.5524381399
0.5291322470
0.5345777273
0.5151956677
0.5148732066
0.6413985491
0.6000530124
0.7376242876
0.7423742414
0.5156980753
0.5134449005
0.5724616051
0.5817022920
0.5878335834
0.6179490089
0.5125906467
0.5173956156
0.6388400793
0.6047198176
0.5260294676
0.5132851601
0.6217028499
0.6409622431
0.5048541427
0.5032145977
0.5662382841
0.5506298542
0.5701221228
0.5778566003
0.5948926806
0.6220390201
0.5406843424
0.5511287451
0.6255989075
0.6088513136
0.5104143620
0.5075920224
0.5326251388
0.5294129252
0.5375051498
0.5413679481
0.5358037949
0.5307019353
0.5639159083
0.6076360345
0.5323766470
0.5252615809
0.5470647812
0.5381425023
0.7249907255
0.7216208577
0.5385282636
0.5355551839
0.5846678019
0.5962368250
0.5882678032
0.6051082015
0.6132996082
0.6094082594
0.5460999608
0.5576766729
0.6053069830
0.6596553326
0.5187094808
0.5227941275
0.5404089093
0.5420508385
0.5087889433
0.4952735901
0.5590323210
0.5605658293
0.5341054201
0.5296620131
0.5708032250
0.5862379670
0.5114696026
0.5075821877
0.5406800508
0.5392840505
0.5954210162
0.5918731093
0.5792118311
0.5896955132
0.4922032356
0.4914471209
0.5336707830
0.5481848717
0.5771709681
0.5918511152
0.6634184122
0.6476207972
0.6323000789
0.6359910369
0.5708637834
0.5762651563
0.5933552384
0.5974871516
0.8644329309
0.8730219007
0.6196584702
0.5770913363
0.6058309674
0.6171537042
0.5497497320
0.5728411674
0.5152026415
0.5203295946
0.6940281391
0.7048932314
0.5295501351
0.5446676612
0.5660671592
0.5784648061
0.6138009429
0.6253449321
0.5098807812
0.5136142969
0.6076785326
0.6604251862
0.6226249933
0.5841649771
0.5328521132
0.5318091512
0.5386372805
0.5366632342
0.5759850740
0.5755990148
0.5621433258
0.5526553988
0.5773589015
0.5815101862
0.5414229035
0.5459824800
0.5509636998
0.5417064428
0.5213816166
0.5185462236
0.5927307606
0.6757506728
0.5945367813
0.5950525403
0.5187094212
0.5247412324
0.6262288690
0.6199144125
0.6218701601
0.6362096667
0.6206224561
0.6383448243
0.6674265862
0.6668278575
0.5359477997
0.5393695831
0.5167356133
0.5198720694
0.5182015896
0.5249212384
0.5445212722
0.5633268952
0.5948048830
0.6012347341
0.5468126535
0.5525101423
0.6774029136
0.6674472094
0.5465198159
0.5666878223
0.6601059437
0.6724292636
0.5259167552
0.5220293999
0.9574449658
0.9510062337
0.7111924887
0.6973630786
0.5907301307
0.5841684341
0.5384073257
0.5646522045
0.6033027172
0.5826851130
0.5839762688
0.5829811692
0.6197263598
0.6004216075
0.5554828048
0.5618495941
0.6512569189
0.6373590231
0.5382857323
0.5350414515
0.5300173759
0.5383909941
0.8386689425
0.6003443003
0.5482529402
0.5459237099
0.7060226202
0.6653492451
0.5899254680
0.5903872252
0.5136717558
0.5148338079
0.5959523320
0.5889204144
0.8624628782
0.8965131044
0.6638871431
0.7827216983
0.5128420591
0.5276249051
0.5316418409
0.5467349291
0.5449348688
0.5825332403
0.5397726893
0.5462538004
0.5409263968
0.5383116603
0.5358574390
0.5401639938
0.6566252112
0.6565414071
0.5685575604
0.5935784578
0.5214869976
0.5241855383
0.5370904207
0.5357928872
0.5743879080
0.5740584135
0.8926273584
0.8530085683
0.5204724669
0.5320136547
0.5091550350
0.5067300797
0.5481721759
0.5427265167
0.5172543526
0.5134670138
0.5412440300
0.5336290598
0.9161260724
0.8995114565
0.6188314557
0.5918579698
0.5688360929
0.5456875563
0.6415730715
0.6082131267
0.6787156463
0.6724774241
0.5626374483
0.5715926290
0.5449247360
0.5361083150
0.5825041533
0.5957650542
0.5388426185
0.5346820951
0.5394685268
0.5455456972
0.5188689232
0.5196130872
0.5833984613
0.5871818662
0.5824556351
0.6006857157
0.7484298348
0.7554011345
0.5613238215
0.5797056556
0.5580834150
0.5798653960
0.5401903391
0.5582395792
0.5425009727
0.5875498652
0.5804122090
0.6133262515
0.5457926989
0.5590066314
0.5439554453
0.5600365996
0.5408629179
0.5425918698
0.5846397281
0.5826882124
0.5627821088
0.5612640977
0.5715718269
0.5773635507
0.5861970782
0.5973051786
0.5121309161
0.5071423054
0.6260399818
0.6639848948
0.6508153677
0.6098614931
0.9316077232
0.9287860990
0.5551672578
0.5231859088
0.5482246876
0.5756507516
0.9297226071
0.8613115549
0.5842031240
0.5769776106
0.5321694016
0.5231192112
0.6040310860
0.5972044468
0.6127732396
0.6229972839
0.6600068808
0.6470449567
0.6126164198
0.6181751490
0.5746783018
0.6043869853
0.6078548431
0.6200625300
0.5173193216
0.5210468173
0.5360044241
0.5404561758
0.5113719106
0.5144523382
0.5402837396
0.5418263674
0.7219985723
0.7025259137
0.5730862617
0.5914943218
0.6881250143
0.6822107434
0.5524131060
0.5674760938
0.6433870792
0.6417183280
0.5889814496
0.5793716908
0.5383175015
0.5423076749
0.5482723117
0.5524345636
0.6742172241
0.6245965958
0.5235818624
0.5292997956
0.5839520097
0.5933603048
0.6309074759
0.6220680475
0.5781485438
0.5755534172
0.6114333868
0.6044688225
0.5420846939
0.5310973525
0.6700801253
0.6579264402
0.7209464312
0.6884763837
0.5764274597
0.5676854849
0.5511633158
0.5547484159
0.5569832921
0.5274518728
0.5362048149
0.5286526680
0.5190643072
0.5202178955
0.8496536016
0.7916942239
0.5289291739
0.5331386328
0.7563461065
0.7552728653
0.5573748350
0.5318498611
0.5987312198
0.5862836242
0.6132577062
0.6075952649
0.6006455421
0.6259703636
0.6267848611
0.6307014227
0.6776098013
0.6818811297
0.5534418821
0.5500212312
0.6166375875
0.6360127330
0.5766349435
0.5816819072
0.5985185504
0.6084681749
0.5805593133
0.5797001123
0.6063801050
0.6180427670
0.6004290581
0.5999291539
0.5885909796
0.6005772352
0.6049239635
0.6283065081
0.5268499255
0.5273568630
0.6322530508
0.6375969052
0.5799221992
0.5963940620
0.5683181882
0.5254100561
0.5524370670
0.5643349886
0.5577608347
0.5670481920
0.5399802327
0.5341971517
0.6854279637
0.6205047369
0.6435825825
0.6744452715
0.5733993053
0.5852363706
0.6501027346
0.6215914488
0.5704530478
0.5826600790
0.5390437841
0.5407004952
0.9448907971
0.8945283890
0.6143048406
0.6227703094
0.6482933164
0.6503387690
0.6024898291
0.5696786046
0.7076675296
0.6277321577
0.5986127853
0.5975572467
0.5688368082
0.5622047186
0.5634194016
0.5844640732
0.6185232401
0.6666017771
0.8569093943
0.7643221021
0.5955678225
0.5582660437
0.5894187689
0.5833284855
0.5224491358
0.5191839933
0.5256531835
0.5338469744
0.6968118548
0.7248485684
0.5862757564
0.6126176119
0.5174630880
0.5200226903
0.5423678160
0.5599794388
0.6119120121
0.6175017357
0.5866484046
0.5896037817
0.5100167394
0.5030463338
0.5107137561
0.5181465149
0.5826565027
0.5805900097
0.6808446050
0.6406577826
0.5985231400
0.5987215638
0.6630646586
0.6424912810
0.5764096379
0.5868585110
0.6007457972
0.5883104205
0.6882314682
0.7030636072
0.5678948164
0.5726742744
0.6259819865
0.6332617998
0.8753765821
0.8722399473
0.6707877517
0.6813894510
0.6571968794
0.6636856794
0.5078247786
0.5121442676
0.6561143994
0.6697876453
0.5417546034
0.5299925804
0.5376841426
0.5319768786
0.5248387456
0.5283892155
0.5819319487
0.5880076289
0.6051020026
0.6512236595
0.5352866650
0.5256734490
0.5424362421
0.5344681144
0.5518710017
0.4945409894
0.5818858147
0.5673540831
0.5625180006
0.5734797120
0.5215893984
0.5180766582
0.5296791792
0.5468658209
0.5175577402
0.5262499452
0.6010462046
0.6380335093
0.6515164971
0.6410678625
0.5844283104
0.5857923627
0.5748712420
0.5631189346
0.5560711622
0.5585522652
0.6605372429
0.6575813890
0.6250913143
0.5887674093
0.5342539549
0.5276321173
0.5318552256
0.5297288299
0.6040258408
0.6034204960
0.6039136648
0.6117614508
0.5146566033
0.5248042345
0.5963429213
0.5758799911
0.5205554366
0.5193932056
0.5874705315
0.5739715695
0.6508321166
0.7418058515
0.5972310901
0.5944184065
0.6583915353
0.6530836225
0.5649279356
0.5609581470
0.5362508893
0.5276142955
0.6076062918
0.6051031947
0.5620788336
0.5409350991
0.5311141014
0.5372014046
0.6224950552
0.6154946685
0.6311101317
0.5758190155
0.6238347888
0.5774698853
0.6341917515
0.5881922841
0.6195126772
0.6334900260
0.5643372536
0.5674458742
0.6000722647
0.5591126680
0.5091699362
0.5117641687
0.5581769943
0.5682208538
0.5840522647
0.5825204253
0.5178998709
0.5118448734
0.8447942734
0.8592108488
0.6240605116
0.6369269490
0.5868951678
0.5895823240
0.6265121698
0.6306601763
0.5621870756
0.6393007040
0.6609517336
0.6648862958
0.5832411647
0.8829466701
0.5527240038
0.5623636246
0.5837041140
0.5781198144
0.6185457706
0.6254206896
0.6734854579
0.6733793020
0.5563746691
0.5672870278
0.5242825150
0.5278512239
0.6883811951
0.6871200204
0.5474036336
0.5512885451
0.5377620459
0.5457211733
0.5283889771
0.5326499343
0.5723577738
0.5605022311
0.5281243324
0.5439215899
0.5195480585
0.5154917240
0.6632965803
0.6755574346
0.6011962295
0.5734433532
0.6166503429
0.6023321152
0.5330375433
0.5448098779
0.5680665970
0.5768925548
0.6523512602
0.6325896382
0.5799288750
0.5774794817
0.6046407819
0.6024695635
0.5374555588
0.5447120070
0.5856670737
0.5929543376
0.5244618654
0.5223622322
0.6278555393
0.6334728003
0.5564016104
0.5667246580
0.6184388399
0.5933545828
0.5369883180
0.5343703628
0.5485516787
0.5445404649
0.6254364848
0.6366094351
0.9532178640
0.9437102079
0.5982468724
0.5926856995
0.6082345247
0.6041029692
0.6784800291
0.5714350343
0.6022831202
0.5757879615
0.6159912944
0.5999623537
0.6277798414
0.9113547206
0.5590041876
0.5612028837
0.5350307822
0.5287179947
0.5541173220
0.5462887883
0.5675652027
0.5636194944
0.6532619596
0.6589342356
0.9352138638
0.8976167440
0.5545862317
0.5495049357
0.7198543549
0.7325915694
0.6382242441
0.6105121970
0.6216382980
0.6196112633
0.5539214015
0.5619152188
0.5170790553
0.5193147659
0.6040877700
0.5905945301
0.6045074463
0.6136392951
0.5604953170
0.5438183546
0.5833523870
0.5986243486
0.5867542028
0.5706859231
0.5465183854
0.5501183867
0.9317797422
0.8776337504
0.5146701336
0.5183146596
0.5821403265
0.5610246658
0.6140883565
0.6131457090
0.5975316763
0.6051328182
0.5492057800
0.5511853099
0.9258344769
0.7440417409
0.5841531754
0.5928246379
0.5355680585
0.5365223885
0.5540705919
0.5740070939
0.5788273811
0.5845569372
0.5403055549
0.5265241265
0.6949622035
0.7047352791
0.5727225542
0.5814710259
0.6715644598
0.8502510786
0.6139797568
0.7011823654
0.5277403593
0.5320669413
0.6549885869
0.6665796041
0.5166167617
0.5169805288
0.5905508995
0.5913254619
0.5696991682
0.5549777746
0.5606334805
0.5881891847
0.5777482986
0.5736611485
0.5416180491
0.5391725302
0.6597177386
0.6506171227
0.6689981818
0.6890839338
0.6110348701
0.5934847593
0.5433605909
0.5498889685
0.5970238447
0.6129932404
0.5740998983
0.5912622213
0.7160672545
0.7291504145
0.6547091603
0.6696689725
0.5732061863
0.5835129023
0.7748570442
0.6840354204
0.6183475256
0.6075509191
0.7757147551
0.7273146510
0.5532122850
0.5574140549
0.5595922470
0.5574594736
0.6009135246
0.5993331075
0.5995266438
0.6158047318
0.6136242747
0.6166655421
0.6365915537
0.6363461018
0.5865305066
0.5920971632
0.6537858248
0.6520673037
0.7081624269
0.7212105989
0.5687367916
0.5635898113
0.7392645478
0.7435350418
0.6073857546
0.6079180837
0.5651005507
0.5770347714
0.5545638800
0.5663217306
0.5342907310
0.5384258032
0.5565447807
0.5578761101
0.5154219866
0.5157691240
0.6634358168
0.7062897682
0.5422878861
0.5533404946
0.5860841274
0.5926398635
0.5209573507
0.5233446360
0.6512462497
0.6327412724
0.6095541716
0.6412361860
0.5055618286
0.5083388686
0.5351380706
0.5269910097
0.6027010679
0.6135919094
0.5938147306
0.5913215280
0.5388587117
0.5391788483
0.5446200371
0.5362657905
0.5326909423
0.5154441595
0.6003864408
0.6224146485
0.5481889844
0.5439076424
0.6313861609
0.6356998682
0.6632674336
0.6200605631
0.5439895988
0.5377623439
0.5387450457
0.5418198705
0.6329209805
0.6008112431
0.6099771857
0.6017421484
0.5349068046
0.5310348272
0.6102212667
0.6176058054
0.6698086262
0.6935690045
0.5895682573
0.5997070074
0.5898107290
0.5899571180
0.5979478955
0.6034277081
0.5424146652
0.5492064953
0.5326315165
0.4990873337
0.5154348612
0.5166878104
0.5471758842
0.5504946709
0.6280225515
0.6573098302
0.5604128242
0.5545636415
0.5216760635
0.5190273523
0.5332964659
0.5276926756
0.5938726068
0.5868485570
0.5085750818
0.5051152110
0.5503660440
0.5510438085
0.6382892728
0.6330767274
0.5697255135
0.5705189705
0.5784569383
0.6299895048
0.6113659143
0.6164348722
0.8635317087
0.9268642664
0.5996229649
0.6294377446
0.5514642000
0.5656999350
0.7230165601
0.7225040197
0.6332595944
0.6169288754
0.7106702328
0.6832154989
0.5729497075
0.5898103118
0.6777809262
0.6689065099
0.5484436154
0.5526445508
0.5986136794
0.5913255811
0.6398325562
0.6402238607
0.5775988102
0.5782662034
0.6424402595
0.7348147035
0.5311796069
0.5365771651
0.5891264081
0.6014363170
0.5937551260
0.6142829061
0.6038605571
0.6065981388
0.5182214975
0.5389295816
0.5672996640
0.5687177181
0.5146314502
0.5126152039
0.6229332685
0.6285205483
0.5696365237
0.5956285596
0.5645014048
0.5672727823
0.6691096425
0.6581137776
0.5555690527
0.5674183369
0.7033075094
0.7024523616
0.9278338552
0.9336150885
0.9080451727
0.9477033615
0.6597701907
0.6495006084
0.5920948982
0.5882765651
0.5686305761
0.5771219134
0.5899291039
0.5779432058
0.6017538309
0.5802680850
0.9423471689
0.9361082315
0.9582311511
0.7911751270
0.5643723607
0.5693073869
0.5569876432
0.5502721667
0.6200031638
0.5965843201
0.5620971918
0.5547304749
0.5646753311
0.5671053529
0.6148918867
0.6185750365
0.5954095721
0.5903931856
0.5501338243
0.5501377583
0.6061823964
0.6068528891
0.5994221568
0.5922153592
0.7372161150
0.7939023972
0.5644762516
0.5537644625
0.5538619757
0.5366091728
0.5254033804
0.5240414143
0.5482119322
0.5897793174
0.5192407370
0.5142886043
0.5366292596
0.5333076715
0.6678075790
0.6508439183
0.5435150266
0.5525635481
0.5947579741
0.5809957385
0.6310877800
0.6032230854
0.6208261251
0.6534124613
0.6539846063
0.6429103017
0.6316605210
0.5867682695
0.5962578654
0.5966235399
0.7054173946
0.7147463560
0.6187151074
0.6471797228
0.6209360361
0.5992484689
0.5671184659
0.5708292723
0.5719138384
0.5838438869
0.5841774940
0.5661270618
0.5535290241
0.5539192557
0.5554550886
0.5538710356
0.5123939514
0.5176196694
0.5518224239
0.5781641006
0.5711707473
0.5617801547
0.5843064189
0.5319195986
0.5161178112
0.5204403400
0.5603538156
0.5565589666
0.6814070344
0.6796818972
0.6263330579
0.5923721790
0.5967284441
0.6049194336
0.8925762177
0.8788002729
0.5934446454
0.5991554260
0.6161655188
0.6206567287
0.5890682340
0.5522847176
0.5695415735
0.5641140938
0.6782521009
0.7196318507
0.6443135142
0.6723498106
0.6074907780
0.6388904452
0.5415883064
0.5459528565
0.6633269191
0.6679948568
0.5953428745
0.6110065579
0.5880109072
0.5603837967
0.5721863508
0.5819211006
0.5817908645
0.5592352152
0.6382954121
0.6014815569
0.5749553442
0.5606188774
0.5605905056
0.5579488873
0.5823237896
0.5844091177
0.5512920022
0.5589683652
0.7568627596
0.7385902405
0.6777043939
0.6860674024
0.5557078123
0.5736574531
0.5237759352
0.5309051275
0.6282494664
0.6555205584
0.5999597311
0.5986481309
0.6226581335
0.5990859270
0.6020846367
0.6035107374
0.6745010614
0.6716569066
0.6659237742
0.6816515326
0.7085630298
0.7041637301
0.5545225143
0.5826863050
0.5545213223
0.5527974367
0.6592389345
0.7120490074
0.5801642537
0.5905736685
0.6735695004
0.6792423129
0.5992335677
0.5995870829
0.6112550497
0.6077095270
0.5442802906
0.5236855745
0.5273600817
0.5218929052
0.6754076481
0.6614547968
0.5091057420
0.5209829211
0.5806288123
0.5674688220
0.5645366907
0.5579848289
0.5865985751
0.5855125189
0.5579038858
0.5514391661
0.5585753918
0.5577266812
0.5974951982
0.5802404881
0.5531729460
0.5562303066
0.5866169930
0.5820282698
0.5687677264
0.5702023506
0.5140599608
0.5102454424
0.5864058733
0.5861302614
0.5371937156
0.5372732282
0.5788679123
0.5589725375
0.5312880278
0.5241684914
0.5188485384
0.5278586149
0.5392702222
0.5741267204
0.5195367336
0.5277655721
0.6260883808
0.6420764327
0.5144280791
0.5134983063
0.5430150628
0.5459039807
0.6236543059
0.6159301996
0.6284483671
0.6227847338
0.6318126321
0.6273477674
0.5920350552
0.6162261963
0.9154223204
0.9181560278
0.5675385594
0.5645246506
0.6468671560
0.6261154413
0.5732373595
0.5517571568
0.5833839178
0.5800238848
0.5919872522
0.6125741005
0.5939670801
0.5729354024
0.6753490567
0.6519367695
0.5821377039
0.5759736300
0.6217620969
0.6142867208
0.6023233533
0.5894685984
0.5782917142
0.5981641412
0.7353665233
0.7135679126
0.7183994055
0.6182346940
0.5648784041
0.5658783913
0.5561859608
0.5446944237
0.5640718341
0.6010607481
0.7027697563
0.7327229977
0.5838074088
0.5727986693
0.6028081179
0.6072549224
0.5952706933
0.5955923796
0.6114099622
0.6028885245
0.6716265678
0.6406688690
0.5329877138
0.5283704996
0.7100736499
0.6594164968
0.5445612669
0.5286102295
0.5823355913
0.5841169357
0.5989027023
0.5801899433
0.5438331366
0.5313792229
0.6232541203
0.6155937314
0.7299461365
0.7433756590
0.6454381943
0.6348338127
0.5460225344
0.5641585588
0.6505005956
0.6231724024
0.5850443840
0.5870527625
0.5494913459
0.5437068939
0.5045741796
0.5024254918
0.5359264612
0.5388790965
0.6825835705
0.6883159280
0.6240782738
0.6021108031
0.5565835834
0.5531279445
0.5904645920
0.5709390640
0.5253497362
0.5368106365
0.6463437676
0.6605889797
0.8452486992
0.8522450328
0.5708248019
0.5813716650
0.5302823186
0.5481190681
0.5857326388
0.5886692405
0.5959811211
0.6048586369
0.5377922058
0.5394551158
0.5923289061
0.6046226621
0.5696314573
0.5785282850
0.5577421188
0.5579365492
0.6308092475
0.6306978464
0.5704234242
0.5670368671
0.8524366617
0.8374549747
0.5463657379
0.5593201518
0.5767995119
0.5902137160
0.5983675718
0.5919778347
0.5628967881
0.5642436743
0.5672678947
0.5674579144
0.5438495874
0.5534921288
0.6247625947
0.6391189098
0.5256873369
0.5193884373
0.5504354239
0.5468276143
0.5825593472
0.5876939893
0.5974640250
0.5903561115
0.7018061876
0.6718026400
0.5135055780
0.5190248489
0.5121356845
0.5166813135
0.5821876526
0.6160978675
0.6726558208
0.6649402380
0.5687893033
0.5791164637
0.5711926222
0.5793024898
0.5346211195
0.5414117575
0.5402550697
0.5344351530
0.5898942351
0.5976014733
0.5871597528
0.5797798634
0.6661591530
0.6348325610
0.5262030363
0.5341616869
0.5294125676
0.5230024457
0.9545098543
0.9512726068
0.5146691799
0.5179174542
0.5932805538
0.5935231447
0.6549722552
0.6557986140
0.7036544085
0.6938269138
0.6862086058
0.6652048230
0.5367103219
0.5316809416
0.5206612349
0.5124951601
0.5874943733
0.5957299471
0.5180268288
0.5219365358
0.5571616888
0.5591999292
0.5278800726
0.5155858397
0.5784451962
0.5742918253
0.5756357908
0.6068891287
0.9383444786
0.6170636415
0.5963359475
0.6044803858
0.5818878412
0.5429345965
0.5255960822
0.5245807767
0.6206302643
0.6086715460
0.7115576863
0.7319076657
0.6044454575
0.6022858024
0.7819716930
0.8110775948
0.9288122058
0.9291979074
0.5692328215
0.5825190544
0.8677769899
0.8852771521
0.6025474668
0.5968495607
0.5938451886
0.5856140852
0.6077211499
0.6167391539
0.6355519295
0.6399438977
0.5789235234
0.5685281157
0.6168387532
0.6046308279
0.5689449906
0.5697442889
0.7325081229
0.6887153387
0.6748157740
0.6821772456
0.8428283930
0.7767537236
0.6021329761
0.6119830608
0.9476969838
0.9412183762
0.6091622710
0.6080559492
0.5936596990
0.5924247503
0.5814256668
0.5635018349
0.5883259773
0.5758467913
0.5712271929
0.5730506182
0.5179014802
0.5191342235
0.5179609656
0.5126789808
0.6539169550
0.6232009530
0.6762719750
0.6719709635
0.5915673971
0.5884396434
0.6090974808
0.6096435785
0.5332638025
0.5410541296
0.5503449440
0.5518196225
0.9138084650
0.9195122719
0.5545377135
0.5734460354
0.6489679813
0.7033621669
0.5793060064
0.5811960697
0.7232992053
0.7213245630
0.5467946529
0.5596629381
0.5998919606
0.6330672503
0.6836782098
0.6425937414
0.7400473952
0.7268655896
0.6603779793
0.6581186056
0.6230844259
0.6253927350
0.5865570903
0.5828738213
0.6133321524
0.6134198308
0.6513342857
0.6513502002
0.6675083041
0.6550895572
0.7858628631
0.7913704515
0.7659931183
0.7673325539
0.5892937779
0.5604623556
0.6755288839
0.6793435216
0.6038120389
0.5843583345
0.5669474602
0.5725430250
0.5604491234
0.5566946268
0.6609209776
0.6717101932
0.6436676383
0.6315227747
0.6058447361
0.6051840782
0.5810316205
0.5745372772
0.8302121162
0.9059945345
0.6480113268
0.6382833123
0.5254631042
0.5393648744
0.9491780400
0.9492380023
0.6258236170
0.6403527856
0.6713640094
0.6602300406
0.6028726697
0.6078110933
0.6973115206
0.7131266594
0.5376229286
0.5324283838
0.9481164217
0.9463306665
0.6263783574
0.6277397275
0.5622987747
0.5655813217
0.5248663425
0.5257501602
0.6046482325
0.6354126930
0.5920776725
0.5932378769
0.5892019272
0.5924791098
0.9170755148
0.8746739626
0.5844885111
0.5952836871
0.6308925152
0.6195186377
0.9510383606
0.9441860914
0.6310765147
0.6379145384
0.5742024183
0.5655173063
0.6516475677
0.6518442035
0.5863034129
0.5652309656
0.5459637046
0.5561211705
0.6836957932
0.6979652047
0.6201441884
0.6018719673
0.6037834287
0.6319993138
0.8342445493
0.8727773428
0.5945665240
0.5813782215
0.5826542974
0.5967774987
0.5879136920
0.5933813453
0.6275026202
0.6240299940
0.5789673328
0.6127091646
0.6339860559
0.6397722363
0.5773440003
0.5828656554
0.5912178755
0.5769044161
0.5461636782
0.5572258234
0.6148411632
0.6000469923
0.6404539347
0.6424934268
0.5605717897
0.5819534659
0.5776423216
0.5732371211
0.6052926183
0.5938089490
0.5620131493
0.5688335299
0.5970810652
0.5997206569
0.6127249599
0.6198581457
0.5840107203
0.5792584419
0.6133953333
0.6154097319
0.6744763255
0.6780831218
0.6169649363
0.6268064380
0.9302854538
0.7179463506
0.5687756538
0.5894784331
0.5717344284
0.5595265627
0.5677276850
0.5365912318
0.6187472343
0.6350773573
0.5523026586
0.5746101141
0.7916979790
0.7494152188
0.7335883975
0.7117422819
0.6987677813
0.6251190305
0.5963734984
0.5781886578
0.9451156855
0.9419763684
0.6153352857
0.6124318242
0.6475321054
0.6336098313
0.5431928635
0.5646635294
0.5416810513
0.5553693771
0.5832372904
0.5892073512
0.5895041227
0.5960048437
0.5807158351
0.6294141412
0.6064200401
0.6212753057
0.5627397895
0.5769122243
0.6320186853
0.7527410984
0.8708799481
0.9383948445
0.5528103709
0.5471145511
0.6155241728
0.6036237478
0.5624437332
0.5475711226
0.5329352617
0.5340176225
0.6641813517
0.7611533403
0.5986036658
0.6019857526
0.5995998383
0.6053320169
0.5679124594
0.5728474855
0.9436413646
0.9408033490
0.9138652682
0.9075092077
0.7095381021
0.7132970095
0.8102525473
0.7188094258
0.6110038757
0.5977088213
0.5639241934
0.5946685672
0.5995362997
0.6086455584
0.9565936923
0.9559581876
0.6878824234
0.6971756816
0.6991949081
0.6992791891
0.6159499288
0.6502552032
0.6351686716
0.6123613119
0.5677613020
0.5801554322
0.5650831461
0.5823505521
0.5816515684
0.6042765379
0.5904681087
0.5857807398
0.6620219946
0.6402962804
0.5428830385
0.5497335792
0.6382010579
0.6207510829
0.6346489787
0.6765666008
0.5910496116
0.5916405320
0.5761566162
0.5677987337
0.7098555565
0.5612865686
0.5676676631
0.5776979923
0.6163904667
0.6250173450
0.6096708775
0.5809209943
0.5431891680
0.5602534413
0.6038442850
0.5931733847
0.6086504459
0.6011641622
0.7439085841
0.7355881333
0.5582785606
0.5745180845
0.5638796091
0.5922062993
0.5608386397
0.5506097674
0.6042317152
0.5999549031
0.6520922184
0.6542746425
0.7446146011
0.7358720303
0.5947285891
0.6096919775
0.6170096993
0.6044139862
0.6024349332
0.6065469980
0.6185240746
0.6234794855
0.6312592626
0.6343423724
0.6870540380
0.6901136637
0.5318890810
0.5435476899
0.6948472857
0.6917966604
0.6529746056
0.5979063511
0.6435710788
0.6361414194
0.6265080571
0.6159255505
0.9595672488
0.9591499567
0.5407298207
0.5403200388
0.6097311974
0.6072587967
0.6326400638
0.6435034871
0.5896598101
0.5842076540
0.7141673565
0.7067462206
0.6268138885
0.5840522647
0.5685606003
0.5838316083
0.5817537308
0.5754123926
0.5941017866
0.5865831971
0.8770648837
0.8507720828
0.5481308699
0.5473124385
0.8702278137
0.9120424986
0.5577615499
0.5619342923
0.6748831272
0.6655648351
0.5979915857
0.6035323143
0.6188448668
0.6869480610
0.9245673418
0.9304167628
0.8274291754
0.8875198364
0.6766296625
0.6667093635
0.9418967366
0.9408684969
0.9432867765
0.9441124797
0.6233295202
0.6237488985
0.6499062777
0.6275342703
0.5989550352
0.6414541006
0.5599399805
0.5588595271
0.6849181056
0.6862544417
0.6733656526
0.6743530631
0.5510597229
0.5559258461
0.6444914341
0.6640097499
0.5774766207
0.5645219088
0.5936927199
0.5970204473
0.5609606504
0.5691055059
0.6044999361
0.6131656766
0.6037741899
0.6152479053
0.8088600039
0.7859092951
0.7275705934
0.7258955836
0.5519801378
0.5795462728
0.8665567636
0.8087593913
0.6050306559
0.6028684378
0.6318393350
0.6524350047
0.9318925738
0.9484370947
0.5958045125
0.5765711665
0.6056821346
0.6195431948
0.5979207158
0.5971976519
0.9235624075
0.6816357970
0.5611962080
0.5675225854
0.7190748453
0.6940765381
0.6068142653
0.6042571068
0.7212868929
0.7170788646
0.5574600101
0.5643022656
0.9474195242
0.9498006701
0.5659387708
0.5725238919
0.6245860457
0.6270118356
0.5734211802
0.5710870624
0.8170067072
0.8168472052
0.6084691286
0.6139404178
0.6086119413
0.6294062138
0.7778075337
0.6804670095
0.9380446672
0.9493321180
0.6923950911
0.6853755713
0.6317046285
0.6445356607
0.6012200117
0.5932996273
0.6122522354
0.6330474615
0.5724416971
0.5788695216
0.5147124529
0.5205153227
0.5683685541
0.5695799589
0.9300786257
0.9253765941
0.5082449913
0.5115267634
0.9490399361
0.9340837598
0.6215052605
0.6180431247
0.5332759023
0.5291827917
0.5217864513
0.5243147612
0.6401697993
0.6307419538
0.5987795591
0.6043311954
0.8876787424
0.5652521253
0.5398567915
0.5420445204
0.5307445526
0.5388041735
0.5543355942
0.5640720129
0.5495383143
0.5476299524
0.6369996071
0.6063131094
0.6415575147
0.6301805973
0.6359785199
0.6384891272
0.6530774236
0.6270270348
0.6190447211
0.6250786781
0.6825927496
0.6814318895
0.6737210155
0.6724523306
0.5987635255
0.5811466575
0.6018034220
0.6181914806
0.5740697980
0.6000341177
0.5686047673
0.5701283216
0.5401355028
0.5450323820
0.6390799284
0.6747852564
0.9547351599
0.9486519098
0.6814429760
0.6721925735
0.6372395754
0.6263648868
0.5196866989
0.5054489970
0.8879186511
0.8817857504
0.6764327884
0.6599011421
0.5444868803
0.5508004427
0.5983803868
0.6014856100
0.9632093310
0.9638484120
0.9542616606
0.9532918930
0.9497315288
0.9529536963
0.6510861516
0.6714462042
0.6207971573
0.6479377747
0.6201599240
0.6181571484
0.5371956825
0.5336610079
0.6303123236
0.6357199550
0.8882902861
0.8809297681
0.5962467790
0.6057068110
0.6358949542
0.6211035848
0.6931701899
0.6819958687
0.7016431689
0.7056268454
0.9014034271
0.9242766500
0.6405175924
0.6421969533
0.5985676050
0.6012966037
0.5211589932
0.5329840779
0.5754187703
0.5940546393
0.9444866180
0.9463492632
0.7028190494
0.6753613353
0.9581478238
0.9584849477
0.8559060097
0.8706300855
0.9662855268
0.9570722580
0.6085473299
0.5917428732
0.5618877411
0.5637901425
0.6303950548
0.6181797981
0.5904706717
0.5968774557
0.6773940325
0.6882424951
0.5834352970
0.6014393568
0.5903089643
0.6124919653
0.6304950118
0.6497095823
0.7457691431
0.8637833595
0.7087501287
0.6943558455
0.9520481229
0.9513174891
0.5943219662
0.6014591455
0.5955878496
0.5942118764
0.6204980612
0.6358944178
0.6068761349
0.6214975119
0.7861748934
0.7942265272
0.8775833249
0.8268142939
0.9332352877
0.8004007339
0.6088416576
0.5980836153
0.9201202393
0.9199547768
0.6659454703
0.6454861760
0.8950057030
0.8476690054
0.6316093206
0.6057516932
0.8790714145
0.9073330164
0.6470366716
0.6749990582
0.8570335507
0.8486782908
0.6041582227
0.6032242775
0.6467827559
0.6401025653
0.6730327606
0.6433354616
0.6956015825
0.6508424878
0.9366360903
0.8819808960
0.6063622236
0.6003898382
0.9468671083
0.9525957108
0.9592242241
0.9585292935
0.6242604852
0.5895441771
0.5877866745
0.5941361189
0.6575122476
0.6459510922
0.5793849826
0.5783234835
0.5977188349
0.5991240740
0.5948292017
0.6059190631
0.6779106259
0.6732001305
0.6871964335
0.6704703569
0.9591091275
0.9607698321
0.8469745517
0.8063620329
0.6607642174
0.6704666615
0.8443979025
0.8380271792
0.6577717662
0.6572470665
0.9576998949
0.9561837316
0.6243026257
0.6273986101
0.7319537997
0.9102274179
0.5414943695
0.5450542569
0.6705412269
0.6517297626
0.6214926243
0.6347938776
0.7068796754
0.7172452211
0.6799906492
0.6313933134
0.6773971915
0.6757209897
0.5508240461
0.5732187033
0.6185647845
0.6017003059
0.6188979745
0.6161556840
0.5828765631
0.5822185278
0.6157459021
0.6259636283
0.8841274381
0.8818352818
0.6597450972
0.6302626729
0.5780712366
0.5925467014
0.5821350813
0.5688074827
0.6615734100
0.6723678708
0.5724910498
0.5729651451
0.5725234747
0.5710130930
0.5720695853
0.5723197460
0.5881804824
0.5940058827
0.9399681091
0.9370260239
0.9092150927
0.9436879158
0.7191525698
0.7570645809
0.5407363176
0.5524344444
0.7699953318
0.7986543775
0.6008340716
0.6117448807
0.5558966398
0.5461095572
0.6225831509
0.6249825358
0.6156929135
0.6127438545
0.5800148249
0.5817615390
0.5720553398
0.5773172379
0.6045666933
0.5951092839
0.5392017365
0.5559409857
0.6029980183
0.5931719542
0.9595740438
0.9226309061
0.6671068668
0.6746046543
0.6019625664
0.6291586161
0.5564500690
0.5697103739
0.5698664188
0.5786716938
0.5406147242
0.5304385424
0.6224582195
0.6264340878
0.9480420351
0.9483871460
0.7441124916
0.7333585024
0.5955250859
0.5947557688
