0.5457566977
0.5517582297
0.6162014604
0.6217374802
0.5231706500
0.5185338259
0.5185266137
0.5199595690
0.5017561913
0.5019621253
0.5631036162
0.6158318520
0.5190608501
0.5168877840
0.6320894957
0.6287488937
0.8780444264
0.8127621412
0.5157536268
0.5106203556
0.5147523880
0.5805341005
0.5132440329
0.5153629184
0.5318185091
0.6806626320
0.5042246580
0.5049996972
0.5113419294
0.5493623018
0.9017014503
0.7447996736
0.5511833429
0.5458016396
0.6780425906
0.6644270420
0.6504760981
0.6165474653
0.5412975550
0.5313355327
0.5367087126
0.6155823469
0.6026436687
0.5524958372
0.9150643349
0.9492045641
0.8215858340
0.7087177038
0.5043423772
0.5031632185
0.5041044354
0.5186182857
0.5311819315
0.5380756855
0.5151184201
0.5145139098
0.5185812116
0.5198987722
0.5485064983
0.5684786439
0.8256584406
0.7590222359
0.5077801347
0.5090900660
0.6700690985
0.6809029579
0.7736166120
0.6107608080
0.5195123553
0.5216373205
0.5927918553
0.5544983149
0.5318236351
0.5379883647
0.5276001692
0.5260437131
0.5038954020
0.5039621592
0.5133219957
0.5335686803
0.5241031051
0.5238437653
0.5057624578
0.5047054887
0.8270342946
0.8084785342
0.5321726203
0.5271288753
0.6367151141
0.5614592433
0.5565944314
0.5497787595
0.5849004984
0.5480319262
0.7362920046
0.6683728099
0.5316283107
0.5263602734
0.8069041371
0.8523098230
0.5171827674
0.5298343897
0.5396596193
0.5544986725
0.5802518725
0.5517446399
0.5205852389
0.5273975134
0.6326219440
0.6256241202
0.7287725210
0.7391526103
0.5244164467
0.5289269686
0.8816611171
0.8836578131
0.5880931616
0.5991073251
0.6443437338
0.7612357736
0.5824168921
0.5741280317
0.8638470769
0.8663581014
0.6506879926
0.6287649274
0.5641928911
0.6143674254
0.6587179899
0.7769021392
0.5105686188
0.5071369410
0.6352903247
0.7943037152
0.5186067820
0.5167429447
0.5184370875
0.5117823482
0.8569629788
0.8654586673
0.5709930062
0.5612266064
0.5046032071
0.5037127733
0.9361561537
0.9340164065
0.5063041449
0.5053017139
0.5417930484
0.5411158800
0.5233438015
0.5225189924
0.5215691328
0.5188944340
0.5406059027
0.5335809588
0.6850215197
0.7944267988
0.5062779188
0.5082678795
0.5277320743
0.5268368125
0.5187703371
0.5111584663
0.5165894628
0.5156525970
0.5060499310
0.5071190000
0.5920003653
0.6143500805
0.5250607133
0.5331376791
0.5175057054
0.5195958614
0.8200383186
0.8127714396
0.5864176750
0.5716398358
0.5170384645
0.5128648281
0.8502343297
0.7947136760
0.5989549756
0.6073498726
0.5262004137
0.5351355672
0.5119599700
0.5114728212
0.5168550014
0.5165712237
0.5208225846
0.5218566656
0.5141772032
0.5171321630
0.7234135866
0.7127476335
0.5443019867
0.5405098200
0.5315342546
0.5263392925
0.6199486852
0.6474814415
0.7126225829
0.6600943208
0.7813562751
0.6995598078
0.5043268204
0.5029298663
0.5271699429
0.5361516476
0.6976968050
0.7084199786
0.8214161992
0.8387563825
0.5263818502
0.6249812841
0.5551887751
0.5597451329
0.5189453363
0.5172180533
0.8004845381
0.7759370804
0.6155220270
0.6086964011
0.6715379357
0.6546175480
0.5262364745
0.5351293683
0.7746714950
0.7439433932
0.5201066136
0.5181565285
0.5039533973
0.5277412534
0.5042203665
0.5057531595
0.5212832689
0.5169731975
0.5130072832
0.5114582777
0.9101093411
0.9007083774
0.5092881322
0.5097200274
0.5123535991
0.5135983229
0.8134805560
0.8462240100
0.5109745860
0.5102107525
0.5103995204
0.5092419386
0.5510432720
0.5332056284
0.5628146529
0.5760867000
0.5379069448
0.5353560448
0.5213803053
0.5208380222
0.5309640765
0.5267205238
0.5845321417
0.5592694283
0.5180201530
0.5706444979
0.8643267751
0.5177698135
0.6251316667
0.8788898587
0.7326325178
0.5300269723
0.5621123910
0.5581053495
0.6690503955
0.7180338502
0.6872512102
0.7016347647
0.5109623671
0.5098799467
0.7182471752
0.6844466329
0.5729849935
0.5738633871
0.5152550936
0.5153204203
0.5201011300
0.5195096731
0.6046084166
0.6411629915
0.5194807053
0.5159474611
0.5285444260
0.5233580470
0.5381081700
0.6760063171
0.7238778472
0.6584427953
0.5190168619
0.5075160861
0.5303192139
0.5308716893
0.6370918751
0.6492756605
0.6402834058
0.6747205257
0.5034036636
0.5087155104
0.5193662643
0.5296240449
0.5627785325
0.5712233186
0.5732150078
0.5836046338
0.8033882976
0.8080514669
0.6510258317
0.6597989798
0.5389013290
0.5755584836
0.6313437223
0.6247026920
0.5173642039
0.5163081884
0.5114116073
0.5109285116
0.5531151295
0.5434644222
0.7130485773
0.8562752008
0.6222630739
0.6554315090
0.8503000140
0.9113108516
0.5087863207
0.5071966648
0.9027258158
0.9067386389
0.7128461599
0.7204644084
0.5258905888
0.5431427956
0.5125527382
0.5125086904
0.7522236705
0.7101014256
0.5513948202
0.5454104543
0.5495506525
0.5358890295
0.6408151388
0.6473094225
0.5498175025
0.5372215509
0.6136591434
0.6011452079
0.5139171481
0.5091297030
0.5215773582
0.5216314197
0.5131923556
0.5120035410
0.5692847371
0.5425657034
0.5284441113
0.5373352766
0.6172333956
0.6697343588
0.5192957520
0.5237849951
0.5486116409
0.5534834266
0.5293281078
0.5367145538
0.5141528249
0.5129891038
0.7355741262
0.6337971687
0.6767145395
0.6832083464
0.5163267255
0.5136088133
0.6089030504
0.6080157161
0.5268633962
0.5693914294
0.4964489341
0.5038279295
0.5132379532
0.5117635727
0.5225926042
0.5215318203
0.5339663625
0.5272236466
0.5694872141
0.5802136660
0.6421082616
0.7092248201
0.9218209982
0.5767768621
0.5131904483
0.5122682452
0.5223159790
0.5434510708
0.8977011442
0.8211463094
0.5390134454
0.5312942863
0.5050768852
0.5066760182
0.5107687116
0.5092656016
0.5079196692
0.5061338544
0.5387363434
0.5877296925
0.5241616964
0.5110167861
0.5705229640
0.5852380991
0.6917654872
0.7296143770
0.5585368276
0.5442551374
0.5312507749
0.5294312239
0.5276783705
0.5310689807
0.5813798904
0.6107905507
0.5252763629
0.5223363042
0.5067263246
0.5074363351
0.5039592981
0.5078621507
0.7931611538
0.7860908508
0.5210997462
0.5225804448
0.5810337663
0.5941695571
0.8275251389
0.6988665462
0.5240338445
0.5238471031
0.5237590671
0.5245752931
0.5026391745
0.5052688122
0.6212751865
0.6072750092
0.8615709543
0.8870537877
0.5461440086
0.5246183276
0.5083640218
0.5067296028
0.7966427803
0.7880492210
0.6264677048
0.5994846821
0.5118123293
0.5103532672
0.7492522001
0.7805234194
0.5092867017
0.5101520419
0.5822696686
0.5439401269
0.5276902914
0.5240996480
0.5339251757
0.5422710180
0.5222370625
0.5258544683
0.5045623183
0.5058640242
0.7572038770
0.7619420886
0.5114496350
0.5550321341
0.8280576468
0.8737401962
0.6485023499
0.6437927485
0.5395087004
0.5390877724
0.6811101437
0.6583734751
0.5171818137
0.5328801274
0.5096726418
0.5160598755
0.5096720457
0.5087310076
0.5506283641
0.5495592952
0.5818556547
0.5598431826
0.6973060369
0.7075993419
0.5814635158
0.6455979347
0.5328984857
0.5343180299
0.5359121561
0.5333034396
0.5208996534
0.5433451533
0.5361946821
0.5207948685
0.5334645510
0.5478354692
0.5190022588
0.5178673267
0.5155703425
0.5185141563
0.9134157896
0.9176076055
0.5858607292
0.5968478918
0.5539361238
0.5572437048
0.4963847101
0.4950164855
0.8173689842
0.5416623950
0.5216122866
0.5275382996
0.8871772885
0.8698803782
0.7410382032
0.8188588023
0.9001464844
0.8741399050
0.9539129138
0.9535783529
0.7890999317
0.8063015938
0.6188701391
0.6182724237
0.5293810368
0.5282785892
0.8121716380
0.7972167730
0.6224020123
0.6430081129
0.5374497771
0.5367863774
0.5233476758
0.5237785578
0.5428305864
0.5441755056
0.5363174677
0.5121749043
0.5850489736
0.5973720551
0.7495260239
0.6484122276
0.5809529424
0.5865553617
0.6467911005
0.5782901645
0.5098493099
0.5048954487
0.5149502158
0.5130422711
0.5403827429
0.5458360314
0.9503545761
0.9434331059
0.7497311831
0.8047454953
0.5332679749
0.5332336426
0.5245739818
0.5196294188
0.7684503794
0.6128569245
0.5498675108
0.5444694161
0.6718937755
0.6786793470
0.7243830562
0.6909750700
0.5046027899
0.5058380365
0.5188345909
0.5191563368
0.9039848447
0.8719342947
0.6940995455
0.7542281747
0.5165443420
0.5172611475
0.5092431903
0.5140308142
0.5352631807
0.5290899873
0.6414407492
0.6800419688
0.6542934775
0.6435049772
0.6999405622
0.8656097651
0.8917724490
0.8900905848
0.5167917013
0.5127710104
0.5100542307
0.5093949437
0.5172910690
0.5212793350
0.6111782789
0.5486721992
0.5146941543
0.5972787142
0.5501419306
0.5318597555
0.5114290714
0.5128947496
0.7865765691
0.8230769038
0.5207754970
0.5186051130
0.5200158358
0.5216271281
0.5027408004
0.5091017485
0.5181847215
0.5192433000
0.5239299536
0.5254787207
0.5164006352
0.5094532967
0.5248917341
0.5237082243
0.5177520514
0.5164743662
0.5156086087
0.5090442300
0.5244413614
0.5411084890
0.5556065440
0.6099015474
0.5134525895
0.5175393820
0.5973020792
0.5906563997
0.4983133376
0.4990385473
0.6269502044
0.6345945001
0.5063167214
0.5077354312
0.5159195065
0.5137034655
0.8358384967
0.6808340549
0.9249699712
0.8859011531
0.5123406649
0.5095178485
0.5049549937
0.5044144392
0.5340220332
0.5311592221
0.5752673149
0.5704656839
0.5179888606
0.5170851946
0.5126884580
0.5122224689
0.5743630528
0.5511072278
0.5098551512
0.5105284452
0.5348020196
0.5282472372
0.5235825777
0.5219085813
0.5357881784
0.5290908217
0.5246021748
0.5311331749
0.9379683733
0.8954981565
0.5199651718
0.5200244188
0.6832749844
0.7238601446
0.8013161421
0.7953985929
0.5090259314
0.5078073144
0.5121524930
0.5166043639
0.5212007761
0.5160942674
0.8762665987
0.7256891131
0.6258414984
0.5457068682
0.7821960449
0.7470714450
0.6079733968
0.5755946040
0.8789936900
0.8360334635
0.5137039423
0.5139680505
0.5067939758
0.5064803362
0.5280888081
0.5424442887
0.5582629442
0.6044907570
0.5050927401
0.5041721463
0.6936543584
0.6029909849
0.8373706937
0.8316570520
0.6690672636
0.7547392249
0.5457661152
0.5592193007
0.7271856070
0.6483612061
0.8565582037
0.9162026644
0.8930013776
0.8475291133
0.5200856328
0.5173940659
0.5157498121
0.5138753653
0.5849335194
0.5914884210
0.9232934117
0.9099411964
0.5227468610
0.5262696147
0.6008538604
0.5548309088
0.6790367961
0.6705949306
0.5093669295
0.5072798729
0.7213497758
0.7060698271
0.5502138734
0.5568413734
0.6059337854
0.5894225836
0.7234810591
0.6297158003
0.7783492208
0.8299568892
0.5382325649
0.5186280012
0.6270480752
0.6516145468
0.7005434036
0.6364561319
0.7875745893
0.8419981003
0.5203860402
0.5199357867
0.8046354055
0.6877491474
0.8701366186
0.8377550244
0.5464090705
0.5343273878
0.9293621778
0.9217100143
0.5377563238
0.5234760046
0.8507318497
0.7961264849
0.8966475725
0.9034096599
0.9117110968
0.9273899198
0.9202343822
0.8557804227
0.5166810155
0.5453993678
0.7241809368
0.6853491664
0.7264337540
0.6932961941
0.5091940761
0.5131855011
0.6100470424
0.6862279177
0.5124870539
0.5175763369
0.6878978014
0.6749728322
0.5291088223
0.5243941545
0.5113194585
0.5103355050
0.5230657458
0.5211950541
0.6944716573
0.7069517374
0.7818623185
0.7799988985
0.8827055693
0.6431803703
0.8048936129
0.7993227243
0.6226491928
0.5714811087
0.9454312325
0.7158955932
0.5237926245
0.5262926817
0.5926721096
0.5620437860
0.9033241272
0.7993022799
0.5570434928
0.5453677177
0.5322972536
0.5346361995
0.5107758045
0.5117179751
0.5406879187
0.5359191298
0.5642505884
0.5552878380
0.9205544591
0.9166250229
0.6587877274
0.9211104512
0.6902467012
0.7011534572
0.8967450261
0.8949879408
0.6745897532
0.5711588264
0.6593382955
0.6624596715
0.5058375001
0.5073573589
0.5275810957
0.5250632167
0.5131479502
0.5166267157
0.5054218769
0.5039221048
0.5046986341
0.5088719130
0.5580335855
0.6200708151
0.5686323643
0.5671364069
0.5275841951
0.5248754621
0.5298068523
0.5273178220
0.5098398328
0.5089153051
0.7110956311
0.7473114729
0.6229270101
0.6218154430
0.5209735632
0.5222531557
0.9001688957
0.8791705370
0.8650609851
0.8932349086
0.9008343816
0.9015772939
0.8302561045
0.8196188807
0.6412832737
0.6283703446
0.5750118494
0.5743060708
0.6561332941
0.6317399740
0.9195228815
0.9011953473
0.8680374026
0.8568304181
0.8435514569
0.8396023512
0.5394418836
0.5330208540
0.6807230115
0.6930373907
0.5557223558
0.6835674047
0.8876468539
0.7440226674
0.5047801137
0.5088812113
0.7637066841
0.7630630732
0.7759982944
0.6972581744
0.8695445061
0.8510638475
0.7695307732
0.8328138590
0.9205676913
0.9187597036
0.6162982583
0.6544534564
0.6525347233
0.6103266478
0.5548952222
0.5298808813
0.9028935432
0.9087484479
0.8881999254
0.8522384763
0.6315978765
0.6214647889
0.6012643576
0.5987126231
0.5176633596
0.5156015158
0.8749648929
0.8690031171
0.7296149135
0.5894088745
0.5248705149
0.5267159343
0.5161775947
0.5294866562
0.7615831494
0.7210598588
0.8335930705
0.8372476697
0.7433325052
0.7122858763
0.9230012894
0.8918655515
0.6747783422
0.7190372348
0.6794513464
0.6439120770
0.8030228615
0.7572388649
0.7577491999
0.7179894447
0.9071043134
0.7436483502
0.8186349869
0.6391065121
0.9043523669
0.7406597137
0.5061918497
0.5138108134
0.7434767485
0.7046702504
0.5732650757
0.6396287680
0.5348047018
0.5267549753
0.5085417032
0.5104704499
0.5055202842
0.5070928335
0.5299581885
0.5405427217
0.8832839727
0.8738176227
0.8202310801
0.8398421407
0.6976597905
0.6616414785
0.8438442945
0.8343665004
0.6546463370
0.6793698072
0.8160026670
0.8158974648
0.5590053797
0.8252870440
0.8823086023
0.9353498220
0.5360947847
0.5317051411
0.5085391998
0.5095162392
0.5691599846
0.5655161142
0.5140546560
0.5117644072
0.5140949488
0.5773972273
0.5631803274
0.5985956788
0.8684595823
0.7760418653
0.8260370493
0.8131622076
0.6570786238
0.6760559082
0.8371831775
0.8892973661
0.6611608863
0.6497372985
0.6280163527
0.6746473312
0.7230157852
0.7006460428
0.5071733594
0.5106220245
0.8585218191
0.8335149884
0.5675458312
0.5536689162
0.6094323397
0.6182383299
0.5266848803
0.5103369951
0.9307495356
0.9086480141
0.9100718498
0.9181300998
0.9549082518
0.9615942240
0.7378460765
0.7198591232
0.5098358393
0.5107582808
0.9416934848
0.9270394444
0.5251196623
0.5244544148
0.5371563435
0.5328143835
0.5422599316
0.6822568178
0.5327841640
0.5509155989
0.9192234278
0.9158008695
0.5169476271
0.5113891363
0.7177237272
0.7463862300
0.5494130850
0.5477169752
0.6018627882
0.6013182402
0.8459383845
0.8471032977
0.5257738829
0.5218123198
0.5462378263
0.5258854032
0.5605564117
0.6159377098
0.5020620227
0.5041330457
0.5474199057
0.5211185217
0.8384888768
0.8301038742
0.6538316011
0.6225534678
0.5978033543
0.5568054318
0.5403198004
0.5434585810
0.5129510164
0.5124295950
0.5366783142
0.5417947173
0.7805366516
0.7968174219
0.5237490535
0.5250883698
0.5231770277
0.5234899521
0.5247695446
0.5227994919
0.5052516460
0.5033194423
0.5942929387
0.5747560859
0.5618916750
0.5405708551
0.7556004524
0.7327588797
0.6273190975
0.5481541753
0.4985718727
0.4995526373
0.5160070062
0.5157016516
0.5455385447
0.5773617029
0.5507925749
0.5441344380
0.5181560516
0.5194951892
0.5169790983
0.5190852880
0.5418772697
0.5365189910
0.5102839470
0.5114778280
0.5224336386
0.5223781466
0.5368474126
0.5235486031
0.5194491148
0.5182310343
0.6245276928
0.7067583799
0.8774585724
0.8884922862
0.9478746653
0.9226764441
0.5181098580
0.5086560845
0.5117411017
0.5132751465
0.5159618855
0.5121103525
0.5538080931
0.5581165552
0.5189107656
0.5196150541
0.8882459402
0.8753177524
0.5281088352
0.5219789147
0.5287021399
0.5274958014
0.6586190462
0.6231491566
0.5185073018
0.5189441442
0.5025051236
0.5028984547
0.5113302469
0.5126749277
0.5112951994
0.5067065358
0.6075612307
0.5779232383
0.5312534571
0.5408205390
0.5173650384
0.5176351070
0.6147138476
0.7282015681
0.5100051761
0.5093900561
0.6673445702
0.6774856448
0.5372477174
0.5371527672
0.5003496408
0.5044113398
0.6367813349
0.6105563045
0.5036172867
0.5045908689
0.5320901871
0.5265196562
0.9150439501
0.8352174759
0.5054649115
0.5112392306
0.4975503087
0.4939231873
0.5184578896
0.5184095502
0.5011645555
0.4991667867
0.5068308115
0.5062546730
0.6071357131
0.6854227185
0.6341661811
0.6137666106
0.7692359090
0.8249273300
0.5190324783
0.5173858404
0.6068100333
0.5645863414
0.6417917609
0.6438015103
0.7283353806
0.6901299357
0.6337090731
0.5563749075
0.7668902278
0.6624481082
0.8848752975
0.8754014969
0.6818472743
0.6716076136
0.5059407949
0.5055040121
0.5072360635
0.5068086386
0.8302066922
0.8170415163
0.5503143072
0.5121411085
0.7325562835
0.6761819124
0.5388544798
0.5284299254
0.5126731992
0.5137785673
0.5127265453
0.5116118193
0.5449625850
0.5503762960
0.5234729052
0.5180050731
0.5219094157
0.5386066437
0.5465191603
0.5614736080
0.5247225165
0.5182261467
0.5044547915
0.5037709475
0.9486467242
0.9504671097
0.7854937315
0.7048503757
0.5190638900
0.5155370831
0.5386823416
0.5292617083
0.5525757074
0.5521613955
0.6732692719
0.6068397760
0.5230253935
0.5291556120
0.5017994642
0.5040962696
0.5190095901
0.5161722302
0.6596251726
0.6301648617
0.5315458775
0.5249760747
0.5452372432
0.5790163279
0.5069814920
0.5089209080
0.5324963331
0.5321220160
0.5136691928
0.5121126175
0.7857592702
0.7537998557
0.7509879470
0.7857570648
0.5219610333
0.5258257985
0.8159362078
0.8146312833
0.5295043588
0.5327181816
0.5022515059
0.5026732683
0.5112482905
0.5129308105
0.5185991526
0.5133150816
0.6429039240
0.6456847191
0.8370741010
0.8746265173
0.5930142999
0.5962557197
0.8531504869
0.8115444183
0.5209272504
0.7194895744
0.7513076067
0.7011929154
0.6509860754
0.6631094217
0.5175132155
0.5160142779
0.5517112017
0.5516987443
0.5572646856
0.5744272470
0.6885521412
0.7071305513
0.8377631903
0.8778842688
0.5679847002
0.5488006473
0.5078285336
0.5089169741
0.5282832384
0.5238843560
0.5940039754
0.6440793276
0.5129474401
0.5158869028
0.5228317380
0.5197812319
0.7961418033
0.7879184484
0.9214426279
0.9152216911
0.7834799886
0.8279449344
0.5247105360
0.5523251295
0.5095616579
0.5108590722
0.5048778057
0.5078250170
0.5451273918
0.6154717803
0.5477398038
0.5279731750
0.5112115145
0.5051740408
0.5077349544
0.5109046102
0.6098887920
0.6449438930
0.7770810723
0.7849308252
0.5112426281
0.5159845352
0.6638701558
0.6058147550
0.5895444155
0.6004396677
0.5532090664
0.5891899467
0.8949626684
0.7834240794
0.5195743442
0.5223330259
0.6859925389
0.7714603543
0.6829361916
0.7380858064
0.8063889742
0.7837278247
0.5225070119
0.5238419771
0.5256856084
0.5234642029
0.5057958364
0.5017349124
0.4994424284
0.4980829358
0.5402597785
0.6844563484
0.5180544853
0.5182370543
0.6477835178
0.5436412096
0.5677254796
0.6035875082
0.5219522715
0.5252934694
0.6373737454
0.6337105632
0.5082231760
0.5093969107
0.5116969943
0.5142566562
0.5216921568
0.5242655277
0.9467477798
0.9491974711
0.5233710408
0.5324286222
0.5208886266
0.5170562267
0.7299845815
0.7423864603
0.5286387205
0.5340980291
0.5413964391
0.6337639093
0.8036270142
0.8476356268
0.7976188660
0.6990971565
0.5022612810
0.5109832287
0.5540192723
0.5572742224
0.5129634738
0.5061233640
0.6632288694
0.6546319723
0.5117861629
0.5144564509
0.5112186670
0.5055645704
0.5186585784
0.5172387362
0.5247266293
0.5250018239
0.5159127116
0.5182380676
0.8198652267
0.8320368528
0.5188491940
0.5191005468
0.5211455226
0.5178768039
0.8561188579
0.8192512393
0.8829950094
0.8859559894
0.5211947560
0.5218645334
0.5150512457
0.5131529570
0.9391384125
0.9386862516
0.6654236913
0.6968183517
0.5311624408
0.5299231410
0.5152386427
0.5144985318
0.5093017817
0.5077835917
0.7893571854
0.7439360023
0.5199467540
0.5161048770
0.5154916048
0.5149636269
0.5209832191
0.5195754766
0.6151646376
0.8131047487
0.6633948684
0.6234747767
0.7928950787
0.7612493634
0.5022296309
0.5056320429
0.7058497071
0.5259767771
0.5187924504
0.5268847942
0.5834709406
0.6328682899
0.5347773433
0.5300258398
0.5366734266
0.5319139957
0.8028771281
0.8530234098
0.8663309216
0.7622956038
0.6301864386
0.6310060024
0.5528334975
0.5525225997
0.6003555059
0.6139055490
0.5551028848
0.5573936105
0.8489229083
0.8585411906
0.5352784395
0.5329602361
0.5412381291
0.5403599739
0.5080008507
0.5051919222
0.6061080098
0.5572216511
0.6350471973
0.8016579747
0.5005707741
0.5021092296
0.7773644328
0.8872882128
0.7108211517
0.6741477847
0.5375503302
0.5283839107
0.9129775763
0.9332280159
0.5102397203
0.5150400996
0.5236977339
0.5266809464
0.5043118596
0.5050757527
0.5530787706
0.5594947934
0.5102494955
0.5080797672
0.8594829440
0.8583286405
0.5845714211
0.5767379999
0.5128338933
0.5100100636
0.5144077539
0.5335842371
0.7284946442
0.7544492483
0.5041199923
0.5059329271
0.5057066679
0.5009222627
0.6693254709
0.7043517828
0.5152575970
0.5080057979
0.6106439829
0.5884536505
0.5157884955
0.5074726343
0.5159240365
0.5160206556
0.5268501043
0.5278948545
0.6012093425
0.5883089900
0.5237194300
0.5348914266
0.7360153794
0.7156881094
0.5092871785
0.5114973783
0.5126227140
0.5082923174
0.5122725964
0.5422517061
0.5242236853
0.5239923000
0.5184515119
0.5199691057
0.5363721251
0.5207768679
0.5164925456
0.5143716931
0.5404956937
0.5304151177
0.5380155444
0.6126539111
0.5496842265
0.5302006602
0.5243695974
0.5208767653
0.7665818930
0.7628209591
0.5108973980
0.5179013610
0.5679842234
0.5696235895
0.5093683004
0.5293768644
0.5200516582
0.5263642669
0.6192378998
0.6074514985
0.5150921941
0.5141875148
0.6035572886
0.5466508865
0.5536149740
0.5481352806
0.7043614388
0.7084301114
0.5286633968
0.5276201963
0.5133611560
0.5140629411
0.5314747691
0.9023364782
0.5443291664
0.5371602774
0.7128914595
0.7078482509
0.7395249605
0.6993710399
0.5168243647
0.5170663595
0.5112126470
0.5114229918
0.5158687830
0.5140823126
0.5200750232
0.5187431574
0.5606371760
0.5943949819
0.5168057680
0.5155268908
0.7993124127
0.7687884569
0.5312854052
0.5281084180
0.5125549436
0.5155819058
0.5085555315
0.5070380569
0.7523127198
0.7557039261
0.5066339374
0.5108621120
0.5577181578
0.5549634099
0.5192480087
0.5200590491
0.5237717628
0.5238817334
0.5160822868
0.5150376558
0.5413900018
0.5393038988
0.5359966159
0.5351155996
0.8260266185
0.8430756330
0.9592233896
0.9488908648
0.5154076815
0.5170599818
0.5284314156
0.5349966884
0.5068067908
0.5042723417
0.5253390074
0.5216852427
0.7582329512
0.8111420870
0.5108226538
0.5069690347
0.4969769120
0.4975463748
0.5139759183
0.5114099383
0.5033703446
0.5026087761
0.5538613796
0.5645796657
0.8178446889
0.7955223322
0.5095055699
0.5089200139
0.9327328801
0.9460092783
0.5210806131
0.5236343145
0.5124750733
0.5109419823
0.5281707644
0.5326470137
0.5219534636
0.5222841501
0.7977043390
0.8855620623
0.8825853467
0.7582219243
0.5035853386
0.5078712702
0.9387747645
0.9432545900
0.5255200863
0.5232878923
0.5094858408
0.5113714337
0.9448363185
0.9338579178
0.7551925778
0.7432959676
0.5187410116
0.5178475380
0.5347236395
0.5378039479
0.6372247934
0.5947536230
0.6491301656
0.5533611178
0.6104689837
0.6985918283
0.9032789469
0.9136969447
0.9213957787
0.9526300430
0.5469384193
0.5479361415
0.5306751132
0.5385904908
0.5323172212
0.5242763162
0.5293575525
0.5233798623
0.5070832968
0.5044175386
0.5197392702
0.5218905210
0.5147379637
0.5148456693
0.5250779986
0.5196226835
0.5337394476
0.5301606655
0.5540104508
0.5160736442
0.5302861929
0.5412810445
0.6698750257
0.5595620871
0.7592366338
0.7170140743
0.5120681524
0.5094736814
0.6017574072
0.5741125345
0.7017470002
0.6615974307
0.5643681884
0.5940887332
0.5727597475
0.5687237382
0.6894310713
0.7994801402
0.5300398469
0.5236374736
0.5254843831
0.5214292407
0.5241792202
0.5114634633
0.9297254682
0.9320967793
0.9308045506
0.9245597124
0.5176191926
0.5153704882
0.5082345605
0.5045884848
0.5204547644
0.5206798315
0.5108001828
0.5111361742
0.5022255182
0.5055466890
0.5056306124
0.5082970858
0.5150578618
0.5204305649
0.5024832487
0.5056813359
0.5259240270
0.5240474343
0.5880385041
0.6076021791
0.5656033754
0.5612282753
0.5758188963
0.5891035795
0.5696585774
0.5511456728
0.6373629570
0.6162259579
0.5229676962
0.5322128534
0.6395078897
0.6795718074
0.5393565297
0.5223792195
0.8397623897
0.8096539378
0.5103600621
0.5108720660
0.5101261139
0.5093367100
0.6224053502
0.7573205233
0.5052769780
0.5086838007
0.5264993906
0.5277260542
0.9305570722
0.9328630567
0.5106508136
0.5108486414
0.4966354370
0.4999030232
0.5983522534
0.5865727663
0.5984799266
0.6208131909
0.5100403428
0.5115473270
0.5128343701
0.5112198591
0.5177873969
0.5187815428
0.5066015124
0.5049485564
0.5423043370
0.5413056612
0.5165256262
0.5148766637
0.5082145929
0.5073575377
0.5127869248
0.5118147731
0.5101445913
0.5394958258
0.6344909668
0.6514077187
0.5716813803
0.5686046481
0.5147116780
0.5145737529
0.5143526793
0.5148407817
0.5160879493
0.5354260206
0.5444701910
0.5134748220
0.5994704962
0.5926763415
0.6753206253
0.5522245765
0.5156420469
0.5154056549
0.5068807602
0.5136218071
0.5108448267
0.5091150999
0.5181504488
0.5170909166
0.5687921643
0.5567631125
0.5229798555
0.5239248276
0.5050755143
0.5040890574
0.5123764277
0.5110262632
0.5032368898
0.5048659444
0.5190459490
0.5147796273
0.6880067587
0.6892929077
0.5064995289
0.5085301399
0.5145402551
0.5145909786
0.5271161795
0.5974778533
0.5302427411
0.5350011587
0.5105885863
0.5163419843
0.5773531199
0.5955372453
0.5118420720
0.5127142072
0.5224889517
0.5229687691
0.5173045993
0.5117517710
0.5062603951
0.5072862506
0.5140798688
0.5207687616
0.5203047991
0.5186970234
0.5504902005
0.5536468625
0.5601612329
0.5371130109
0.7384911180
0.8992384672
0.5292702913
0.5268753767
0.8151388168
0.8485329747
0.7576262355
0.8602798581
0.4991029799
0.5020564198
0.8636191487
0.8632599115
0.7554215193
0.6334638596
0.5252167583
0.5334004164
0.5082701445
0.5087429285
0.6182100773
0.7445132732
0.8550816774
0.8540617228
0.6494298577
0.6743153334
0.7375088930
0.7163632512
0.8097614050
0.8080078363
0.5804251432
0.5592421293
0.7995589375
0.7763239145
0.9599058032
0.9508752823
0.5339567065
0.5364710689
0.8721933365
0.7490452528
0.7661762238
0.6541061997
0.5209708810
0.5310599208
0.4995387197
0.5018873215
0.9549851418
0.9557772875
0.5174567699
0.5170078278
0.5388268232
0.5371232033
0.8396946788
0.8235319257
0.6127547026
0.6041163206
0.5418179631
0.5890400410
0.5190562010
0.5184161067
0.5158015490
0.5274186730
0.5470811129
0.5219645500
0.9301637411
0.9435898066
0.5385739207
0.5388571024
0.5454539061
0.5330533385
0.6728986502
0.6614105105
0.6958099008
0.6762400270
0.5939676166
0.5120038986
0.5114765167
0.5112730265
0.7865588665
0.8270846605
0.5202027559
0.5234974623
0.5107424855
0.5103628039
0.5184346437
0.5216654539
0.5716573000
0.5564695597
0.5097957850
0.5100384951
0.5571376085
0.5526479483
0.5202923417
0.5180614591
0.5342956781
0.5176564455
0.7320124507
0.6163107157
0.5589230657
0.8302062750
0.6137315631
0.6284965873
0.8517196774
0.8657907248
0.5327168107
0.5345467329
0.5247998834
0.5590056777
0.5926088095
0.5659598708
0.6916263103
0.7839398384
0.5254960656
0.5174914002
0.5083810091
0.5082813501
0.7959693074
0.8833460808
0.5213635564
0.5221260190
0.5139451027
0.5125748515
0.5396534801
0.5463953018
0.5432802439
0.5505763292
0.5450217724
0.5501695275
0.5438314080
0.5054622293
0.6191771030
0.6935924292
0.5750152469
0.5758023262
0.5506197214
0.5422312021
0.7841569185
0.8287886381
0.6037979126
0.6802843213
0.8871430159
0.8113223314
0.8779188395
0.7542775273
0.5166683793
0.5122934580
0.5075953603
0.5089449883
0.5160287619
0.5105536580
0.5519058108
0.5304157734
0.5536479354
0.5529880524
0.5119085312
0.5128124356
0.5098460317
0.5116518736
0.5680679083
0.5856083632
0.9387534261
0.9427787662
0.5072683096
0.5095583200
0.5153485537
0.5187245607
0.7100534439
0.6979650855
0.5172856450
0.4992863238
0.5788971186
0.5795267224
0.5064383745
0.5066844225
0.6356707811
0.7368122935
0.5107538104
0.5120052099
0.5041742325
0.5113996267
0.5469570160
0.5525827408
0.5498940349
0.6088631153
0.5411193967
0.5786452293
0.6153799891
0.6102185845
0.5608744025
0.5569320917
0.5438400507
0.5283960104
0.5070631504
0.5089011192
0.6525441408
0.7798601985
0.5529752970
0.5830265284
0.5327386260
0.5610104799
0.6079788804
0.6092029810
0.7097834349
0.6915919185
0.5055958629
0.5058716536
0.5285020471
0.5405282378
0.5098708272
0.5130255222
0.6926441193
0.6636629105
0.6162891388
0.5943196416
0.5610140562
0.5703365803
0.5587490797
0.5907009840
0.5997571349
0.6060268283
0.6318429708
0.5376814604
0.5049106479
0.5049649477
0.5336328745
0.5381904840
0.5514949560
0.5200830102
0.5657129884
0.5962944031
0.6324914694
0.8447235227
0.5141025186
0.5124304295
0.5158008337
0.5164294243
0.7309283018
0.7333084941
0.5342489481
0.5459367633
0.5247367024
0.6377086639
0.5117157698
0.5146783590
0.5134989023
0.5174047351
0.6225727797
0.5826056600
0.5703333616
0.5743018985
0.5178245306
0.5344601870
0.5220828056
0.5352794528
0.5292910337
0.6389065385
0.5677819252
0.5795651078
0.5223717690
0.5233377218
0.6574177742
0.6545595527
0.5522031784
0.5641933084
0.9124255180
0.7657424808
0.5541011095
0.5437017679
0.5452671051
0.5478739142
0.5228689909
0.5234639049
0.5130332708
0.5091663003
0.5207269788
0.5150155425
0.8831201792
0.9325172305
0.5009516478
0.5049988627
0.5274323225
0.5288233161
0.6267741919
0.6520786285
0.5260246992
0.5214409828
0.6243025064
0.6579326391
0.5606476068
0.5537421703
0.7762315273
0.6604493260
0.5531664491
0.5236162543
0.5093275309
0.5035051107
0.6904767752
0.6256772876
0.5291139483
0.5222781301
0.5870395899
0.5813447833
0.5297408700
0.5303177834
0.5134156942
0.5090972185
0.5135821700
0.5139312148
0.5353536606
0.5293155909
0.5251528621
0.5242444277
0.5282037854
0.5325870514
0.7728923559
0.7398487329
0.5073776841
0.5068495274
0.5621302128
0.5677217841
0.4904044271
0.4921449125
0.5589127541
0.5948052406
0.5103021860
0.5086730123
0.5150454640
0.5132732391
0.5117784142
0.5110837221
0.5187963247
0.5248942375
0.5170060396
0.5203794241
0.6097960472
0.5977857709
0.7182380557
0.8311274648
0.5447958112
0.5415709019
0.5128484964
0.5108404160
0.6579250097
0.6328729391
0.5932542682
0.5944706798
0.5559554100
0.5218585730
0.5102287531
0.5114334822
0.5071877241
0.5094825029
0.9082980156
0.8940036893
0.6888887286
0.6072036624
0.5087924004
0.5023151636
0.6674481034
0.6706696749
0.5554348230
0.5731908083
0.5098109245
0.5095707178
0.5194885731
0.5194110870
0.6462004781
0.5456145406
0.5033923984
0.5002018213
0.6123968959
0.6366730928
0.5058736205
0.5061385036
0.5200703740
0.6319171786
0.5095906258
0.5112283230
0.5093299150
0.5096267462
0.5100296736
0.5097151995
0.6441758275
0.6892512441
0.5201014280
0.5222638249
0.6110141873
0.5844562650
0.5166064501
0.5181198120
0.5031587481
0.5037781000
0.9004208446
0.9038788080
0.8950978518
0.8088086843
0.5115870833
0.5100038648
0.9219180346
0.8858893514
0.6724842787
0.5125827789
0.5121492147
0.5078075528
0.5083435178
0.5019243956
0.6693401933
0.6792033315
0.5133528709
0.5122550726
0.5264760256
0.5340184569
0.5123221278
0.5133064389
0.9089188576
0.9069981575
0.5176790953
0.5243119001
0.5163210630
0.5159922242
0.5034652352
0.4997104704
0.5195025206
0.5192121267
0.5090862513
0.5075639486
0.6585572362
0.6823538542
0.8556647301
0.8340290189
0.7483555079
0.8476589918
0.5856482983
0.5843107700
0.5069917440
0.5191835761
0.5707095265
0.5795589685
0.5060011744
0.5045941472
0.5007479787
0.5032422543
0.5196546316
0.5194202662
0.5187712908
0.5173950791
0.5173814893
0.5131236315
0.5573992729
0.5651448369
0.5359761119
0.5413032770
0.5150070786
0.5598944426
0.5096159577
0.5077273846
0.8824162483
0.8057149053
0.7740505338
0.7211228609
0.7742846012
0.8459475636
0.5174594522
0.5153235197
0.5272051096
0.5407463908
0.5092574954
0.5096592307
0.5942813754
0.5912593603
0.5380284190
0.5222579241
0.6153536439
0.5929155350
0.5301295519
0.5282720327
0.5121816397
0.5100802183
0.8888217807
0.8720837831
0.6281951666
0.7093568444
0.8744876981
0.8617577553
0.5268123746
0.5217398405
0.9190624952
0.8986465335
0.5749344826
0.5262461901
0.5915805101
0.6361559033
0.5391663909
0.5508675575
0.7349991202
0.6454606652
0.5084218979
0.5560058355
0.5056541562
0.5084805489
0.7355121374
0.6839882731
0.5224255323
0.5232220888
0.5186365843
0.5118642449
0.6013473272
0.6138194799
0.7773679495
0.6673742533
0.5502640009
0.5577192307
0.7659287453
0.6107696891
0.6912090182
0.5497883558
0.5189851522
0.5185663700
0.5199199915
0.5276670456
0.6118942499
0.6742715836
0.5441547632
0.5524044037
0.8166397214
0.7005721927
0.8470050097
0.8069698215
0.5103588104
0.5140261650
0.5151349306
0.5136193037
0.5939339995
0.6092476845
0.5442701578
0.5564467311
0.5661407709
0.5625778437
0.4922081828
0.4899725914
0.5597379804
0.5635340810
0.5097971559
0.5094813108
0.6978385448
0.6921486259
0.6716782451
0.6644291878
0.5607335567
0.5468407869
0.5181230307
0.5170830488
0.7640562654
0.8130915761
0.6041020751
0.5962088108
0.5138579607
0.5109472871
0.5412743092
0.5402132869
0.5740916133
0.5484437346
0.6374064088
0.6686993837
0.9143084288
0.7890591025
0.8654354215
0.6447188854
0.5152481198
0.5171287060
0.8237149119
0.8178043365
0.5399416089
0.5283766985
0.5095784068
0.5102776289
0.6848019958
0.5392360687
0.5263223052
0.5607405901
0.7269623876
0.5810106993
0.5163458586
0.5165494084
0.5119669437
0.5118105412
0.6270687580
0.6504446268
0.7479461432
0.6917247176
0.7775961161
0.7678073049
0.5122458339
0.5125557780
0.8344091177
0.8693979979
0.5492118001
0.5515547991
0.5621237755
0.6965761185
0.6755801439
0.6871632338
0.5689079762
0.5661751032
0.5355458856
0.5702247620
0.5151411295
0.5147886276
0.5368784070
0.5269972086
0.7422966957
0.7123647928
0.5207550526
0.5235153437
0.5252164006
0.5233822465
0.5353103876
0.5406875610
0.5897971988
0.5681641698
0.6861547828
0.7291952968
0.5100048184
0.5110907555
0.8194676638
0.6158640981
0.5186918974
0.5171709061
0.5572068691
0.5396910906
0.5204227567
0.5110666156
0.5221610069
0.5189302564
0.5148705244
0.5086659789
0.5178390145
0.5172663927
0.5102475286
0.5103304982
0.5069066882
0.5043397546
0.9049843550
0.8974159956
0.5105339289
0.5115180016
0.5277917981
0.5180336237
0.5373046398
0.5417386293
0.5493410230
0.5489190817
0.5065850616
0.5072573423
0.5201794505
0.5248576999
0.5395785570
0.5409559608
0.7228004932
0.6654101610
0.5195516348
0.5223870277
0.6091132760
0.6109721661
0.5160025954
0.5151008368
0.5839083791
0.5474651456
0.5165370703
0.5165905356
0.5110889673
0.5671981573
0.5903557539
0.6308367848
0.4966595769
0.4958558679
0.6235488653
0.6362006068
0.5143653154
0.5168534517
0.5111063719
0.5090934038
0.5130310059
0.5098354220
0.6892644763
0.6849893332
0.5235289931
0.5221358538
0.5227018595
0.5136007071
0.8243028522
0.8150992393
0.5411192179
0.5212401152
0.8730231524
0.9191384315
0.5102471709
0.5227847695
0.8829177022
0.9257215261
0.5627042055
0.5409685373
0.5402886868
0.6051185131
0.5097807050
0.5147372484
0.5119712353
0.5136851668
0.8674933314
0.8090744019
0.5217297673
0.5218505859
0.5093901157
0.5100749135
0.5149807930
0.5130323172
0.5002341270
0.5016989112
0.5165508986
0.5174569488
0.5103373528
0.5108994842
0.7191513777
0.9046198726
0.5137307048
0.5192817450
0.6288545728
0.6051243544
0.6501254439
0.8821460605
0.5098555684
0.5116114616
0.5242096186
0.5187145472
0.5147577524
0.5161689520
0.5159166455
0.5134946108
0.5381590724
0.5335367918
0.5003107786
0.5037726164
0.5437148213
0.5154212713
0.5027553439
0.5071838498
0.5139933825
0.5135658979
0.5110022426
0.5098474622
0.5589972734
0.5159233212
0.5260467529
0.5304083824
0.8865519762
0.8919503093
0.5152036548
0.5158549547
0.6089965105
0.6095367670
0.5126760602
0.5104793906
0.8647021055
0.8416045308
0.5380628705
0.5588219762
0.9077894092
0.8877325058
0.5800457001
0.5794098377
0.5799812675
0.5917088389
0.5979689956
0.5982316136
0.7488472462
0.7525008917
0.5047727227
0.5042713284
0.5547040701
0.5469327569
0.5102167130
0.5095626116
0.5462005138
0.5592706800
0.9548551440
0.8480516672
0.5278431773
0.5284389257
0.5139995813
0.5100404024
0.5106066465
0.5122731924
0.5110053420
0.5142176747
0.5326426625
0.5341187119
0.6254642606
0.6443619132
0.9178989530
0.9189370871
0.7105082273
0.8213056326
0.5089688897
0.5084276199
