0.6973645091
0.7107442617
0.6358867884
0.6390506029
0.6438914537
0.6590459347
0.6999560595
0.6816035509
0.6501114964
0.6276863813
0.6559133530
0.6647970676
0.6239790916
0.6405947804
0.6315423846
0.6467751265
0.6033522487
0.6168800592
0.6874653697
0.7097948194
0.6360179782
0.6462258101
0.6238428354
0.6206783652
0.8181740642
0.8245581388
0.6833710670
0.6494506598
0.6513217688
0.6413329840
0.5990135074
0.6095722914
0.6571383476
0.6791437864
0.6489594579
0.6331854463
0.6975134015
0.6768442988
0.6355112791
0.6397209167
0.6194826961
0.6140199900
0.8265679479
0.8180385828
0.7357549071
0.7707675099
0.8416534662
0.8453936577
0.6258762479
0.6216843724
0.6762945056
0.6706478596
0.6692526937
0.6732435226
0.6611686945
0.6402918100
0.7222313285
0.7029621005
0.7480007410
0.7455477118
0.6124655008
0.6180663109
0.6086903811
0.6117637753
0.6410583258
0.6658129692
0.5848405361
0.6096741557
0.5762654543
0.5629141331
0.6518871188
0.6516267657
0.7733991742
0.7650788426
0.7673345804
0.7586609125
0.7761247754
0.7855954766
0.6772206426
0.6721318960
0.7832904458
0.7713739276
0.6355621219
0.6362130046
0.6279920340
0.6367775798
0.6897259951
0.6913083196
0.6796618700
0.6604482532
0.5734001398
0.5721451640
0.6344281435
0.6327841878
0.7433630228
0.7239689827
0.5871704221
0.5964477658
0.7500754595
0.7452231646
0.7361750603
0.7180824280
0.7879832387
0.7722095251
0.6248701215
0.6248806715
0.6044628620
0.6033596396
0.6243841052
0.6290825605
0.7358967066
0.7320457697
0.6913145185
0.6960666180
0.6118007898
0.6010466814
0.6292852163
0.6374525428
0.6113192439
0.6212555766
0.8395430446
0.8419837952
0.7274864316
0.7494638562
0.6613272429
0.6593567729
0.6188735366
0.6053242087
0.8388681412
0.8316639066
0.6651499867
0.6268795729
0.6217327118
0.6211913824
0.6210836172
0.6065369844
0.6132601500
0.5997444987
0.6517156363
0.6508369446
0.7050026059
0.7095869780
0.6012199521
0.6020496488
0.6222012639
0.6483990550
0.5956774950
0.5881567001
0.7187664509
0.7295237184
0.8253766894
0.8235991597
0.6294068694
0.6277578473
0.6456199884
0.6577020288
0.6889649630
0.6944113374
0.7088664174
0.7033325434
0.6136870384
0.5957626104
0.7284476161
0.7525702119
0.6314897537
0.6242001057
0.6115943789
0.6170909405
0.6598058939
0.6461775899
0.6156624556
0.6226783991
0.6167467833
0.6095585823
0.6322742701
0.6408622861
0.6358402967
0.6366986036
0.6219308972
0.6217584610
0.6427553296
0.6657279134
0.6220983267
0.6433138847
0.7362978458
0.7654707432
0.6054552794
0.5973389745
0.6921479106
0.6839839816
0.6657718420
0.6627100706
0.7847105265
0.7881358862
0.6960687637
0.6716977358
0.6610162258
0.6864851713
0.7267586589
0.7392529249
0.7011346221
0.6851813793
0.6254478097
0.6301948428
0.6508377790
0.6319517493
0.6708697677
0.6805133224
0.6541274786
0.6579118967
0.6947475672
0.6900679469
0.6247498393
0.5888085961
0.6027432680
0.6001352668
0.6239669919
0.6100965738
0.6631271243
0.6509636045
0.6335288882
0.6484807730
0.6182969213
0.6454430819
0.6394902468
0.6552830935
0.7117489576
0.7071194649
0.7150841951
0.7034395933
0.6105575562
0.6096870303
0.6490791440
0.6451646090
0.9682680368
0.8610075712
0.7906013727
0.8299843073
0.6253919005
0.6251620054
0.6223658323
0.6313898563
0.6056551933
0.6018086672
0.7056652904
0.7511286736
0.6435373425
0.6490532756
0.6647601724
0.6742634773
0.6159015894
0.6065630913
0.5951591134
0.5987316370
0.6566964984
0.6509671807
0.7480643392
0.7305305600
0.6064180732
0.6070805788
0.5918256640
0.6080490351
0.6971367002
0.7274424434
0.7891535163
0.7901059985
0.8807493448
0.8094766736
0.7892321944
0.7827873230
0.6297107935
0.6359685063
0.7097749710
0.6995089054
0.7444702387
0.7733316422
0.6416031122
0.6619678140
0.6210223436
0.6174243689
0.6454886198
0.6569193006
0.7073626518
0.7265276909
0.6016153097
0.6068518758
0.6917581558
0.6779901981
0.8266240954
0.7730080485
0.7200326920
0.7653003931
0.5436059237
0.5379570127
0.6959618330
0.6948477626
0.6383873224
0.6279690266
0.6251856089
0.6302428842
0.7001891136
0.7073686719
0.6352335215
0.6561830044
0.6701035500
0.6755998731
0.6084259152
0.6294223070
0.7252966762
0.6962922812
0.6177403331
0.6207841635
0.6722840667
0.6939947605
0.7096503377
0.7083690166
0.6406215429
0.6316245198
0.6347872019
0.6257622838
0.6992697120
0.7131832242
0.6774295568
0.7017885447
0.6346462369
0.6471024752
0.7344313264
0.7584050298
0.8189353943
0.8244492412
0.6914297342
0.6807292104
0.6340330839
0.6314303875
0.6268803477
0.6118581295
0.9057973027
0.9174283147
0.6049840450
0.6010012627
0.6733381748
0.6618677378
0.6087599397
0.6064628363
0.7261112928
0.6900797486
0.5592818856
0.5532638431
0.7462551594
0.7542112470
0.6287840605
0.6288895011
0.6373174787
0.6208248138
0.7167636752
0.7274577022
0.6182230711
0.6039121747
0.6001636386
0.6086478233
0.6940730810
0.7121237516
0.6894456148
0.6656843424
0.6480808854
0.6321952939
0.6695591807
0.6760559082
0.6129442453
0.6037814021
0.6780143976
0.6752905846
0.6033635139
0.6189516783
0.7168477774
0.7340989113
0.7203777432
0.8409921527
0.6684832573
0.6626589894
0.7499146461
0.7542544603
0.7347298265
0.7273651361
0.6589382887
0.6512422562
0.6341300011
0.6231425405
0.6397564411
0.6560524702
0.7165468335
0.7276520729
0.7630755901
0.7489537001
0.6454404593
0.6644477248
0.7032187581
0.6794019938
0.6733866930
0.6813880205
0.6686569452
0.6586552858
0.6746646762
0.6926962137
0.7346333265
0.7460096478
0.7587959766
0.7887002230
0.6193374395
0.6104685068
0.5907503366
0.6050773263
0.6831799150
0.7057873011
0.6498764157
0.6782425642
0.5976948738
0.5967233777
0.6705506444
0.6538507938
0.6527856588
0.6721519828
0.6935864687
0.6618106365
0.6485086083
0.6642696261
0.6785455942
0.6643941402
0.6937505007
0.6932548285
0.8164609671
0.8178080320
0.6882374883
0.6995820403
0.6641318798
0.6511236429
0.6757747531
0.6826354265
0.6959351301
0.6806306839
0.7040503621
0.6673241854
0.6352244616
0.6465981603
0.6465670466
0.6328305006
0.6604793668
0.6607907414
0.7092667818
0.7114577293
0.6416584253
0.5637737513
0.8219252825
0.7512031794
0.7053236365
0.7543184161
0.6726976633
0.6281448603
0.6667521596
0.6605260968
0.6183610559
0.6254791021
0.6562272310
0.6981522441
0.6543384790
0.6347710490
0.6660788059
0.6654179692
0.5961259604
0.5744642615
0.7684355974
0.7853693366
0.6176984310
0.6253163218
0.7462463379
0.7228673697
0.6349964142
0.6472877264
0.6128395796
0.6231141090
0.6822783947
0.6924255490
0.6362679601
0.6492425203
0.6341961622
0.6480042338
0.6943330169
0.7138024569
0.7227314115
0.7276551723
0.6371093988
0.6316568255
0.6687223911
0.6789219379
0.6172324419
0.6045943499
0.6326469183
0.6047123671
0.6381767392
0.6514849067
0.6963897943
0.7134587765
0.6576947570
0.6503209472
0.6824651957
0.6918562651
0.6557404399
0.6680636406
0.6306666136
0.6287682652
0.6772126555
0.6720438600
0.7706985474
0.7645751238
0.6983217001
0.6740781069
0.6774381995
0.6720950603
0.6518281698
0.6566026807
0.7170842290
0.6965149641
0.6151674390
0.6348288655
0.6210713387
0.6320148706
0.6231430769
0.6341251135
0.9725401998
0.9687578082
0.7942010760
0.7849118114
0.7525480986
0.7446447611
0.6083990335
0.6136196256
0.7629274726
0.7645969391
0.6664984226
0.6578239799
0.8387823105
0.8216156960
0.7172850370
0.7235948443
0.6273329258
0.6222668886
0.6194921732
0.6416061521
0.6834917068
0.6857505441
0.9759712219
0.9718670845
0.7333749533
0.7220841646
0.6448318958
0.6392312050
0.8447723389
0.8447811007
0.8774712682
0.8620060086
0.5975363851
0.6213976741
0.6181523204
0.6167699099
0.7578764558
0.7869594693
0.6615892649
0.6666839123
0.7139700651
0.7073692083
0.7060945034
0.6857135892
0.6094115973
0.6102327108
0.7151456475
0.7277132273
0.6423316002
0.6619503498
0.6471070051
0.6457338333
0.6487722993
0.6617845297
0.6252549291
0.6284019947
0.5847058892
0.5875294805
0.6416268349
0.6282456517
0.6086928248
0.6124743223
0.6117492914
0.6820103526
0.6161264181
0.6213051081
0.7645467520
0.7329473495
0.6095256209
0.6081433892
0.6879485846
0.6450433135
0.6520085931
0.6615794897
0.6296693683
0.6320865750
0.6376748681
0.6508904696
0.6876270771
0.7143309116
0.6100828052
0.6127561331
0.6481164098
0.6392133832
0.7500842810
0.7536204457
0.6508841515
0.6548364758
0.6041669250
0.5662847757
0.6441526413
0.6535655260
0.6441928148
0.6922686696
0.7190961838
0.7084358335
0.8320485950
0.8223242760
0.6032916307
0.5991733670
0.8412764668
0.7667196989
0.6581106186
0.6471036077
0.6760242581
0.6519824862
0.7371551394
0.7405103445
0.7286710143
0.7054958344
0.6208157539
0.6193401217
0.7657205462
0.7708609700
0.6757515073
0.6619449854
0.6299205422
0.6209740639
0.7390986681
0.7191525698
0.6456420422
0.6466832161
0.7498175502
0.7748072743
0.7085002661
0.6922464371
0.6537717581
0.6672359705
0.6417952776
0.6424050331
0.9019174576
0.9109038115
0.6753072739
0.6728804111
0.7296612263
0.7538501024
0.7831522226
0.7856642008
0.6058829427
0.6283052564
0.6847974658
0.6778436303
0.6810822487
0.6875128746
0.6491461396
0.6764234304
0.6396552324
0.6304555535
0.6692370772
0.6965704560
0.6126697659
0.6069906950
0.6172965765
0.6215025187
0.8114618063
0.8156107068
0.6326012611
0.6485480070
0.5983283520
0.5992918611
0.6521683931
0.6560274959
0.5864369273
0.5847781897
0.6254525185
0.6250131726
0.6582344770
0.6635998487
0.6389569640
0.6606398821
0.6218734384
0.6320592165
0.6053651571
0.6247333288
0.5909020901
0.5911737680
0.7085458636
0.7160061598
0.6537258625
0.6610593200
0.6952600479
0.6739007235
0.9263767004
0.9054307938
0.7073179483
0.7125756145
0.5820039511
0.5820816159
0.6238972545
0.6286026239
0.6373589039
0.6213340163
0.6492919922
0.6489651799
0.7224077582
0.7065616250
0.6521806717
0.6657301188
0.6672242880
0.6597039700
0.6166261435
0.6155451536
0.6680045128
0.6558247805
0.6347196102
0.6358001232
0.6534110904
0.6344318390
0.5986028910
0.6228720546
0.8503456116
0.9231804609
0.6223952174
0.6517583132
0.6589056253
0.6568490267
0.6766216159
0.6698505282
0.6465076208
0.6705998778
0.7083340287
0.7037798762
0.6358307600
0.6438333392
0.5873435736
0.5939468145
0.6810627580
0.6790386438
0.9761149287
0.9760905504
0.6494825482
0.6686105132
0.7469915152
0.7559322119
0.6735315323
0.6764666438
0.5837448835
0.5774338841
0.8346649408
0.8508838415
0.8920672536
0.9082578421
0.7914254069
0.7942425013
0.7219535112
0.7213750482
0.7097907662
0.7317421436
0.6079627275
0.6422901154
0.6418477893
0.6544862986
0.6387230754
0.6250088811
0.6527968645
0.6339069605
0.6669280529
0.6720348597
0.9355499148
0.9718378782
0.6343845129
0.6412314773
0.6459539533
0.6665795445
0.6742560863
0.6532152891
0.6762100458
0.6796027422
0.5840340853
0.5830378532
0.7347877622
0.7411319017
0.5958323479
0.5974980593
0.6381930709
0.6511527300
0.6484683156
0.6539750695
0.6704067588
0.6559866071
0.7079446912
0.7225390673
0.6574578881
0.6691883802
0.6556817293
0.6490032077
0.6004695892
0.6017900705
0.7132984996
0.7212401628
0.8049097061
0.7604827881
0.6881419420
0.7178474665
0.6689895391
0.6733120084
0.6894536614
0.6950167418
0.6937350035
0.7084385157
0.9753392935
0.9747331738
0.6455682516
0.6398531199
0.6220971346
0.6304298639
0.7038363218
0.6804932952
0.6437629461
0.6589853168
0.6571006179
0.6460951567
0.6539977789
0.6675962806
0.7012083530
0.7227014303
0.6738967299
0.6772968769
0.7175421715
0.7076172829
0.7608685493
0.7320653200
0.6523479223
0.6440597773
0.6396552324
0.6429573298
0.6024343967
0.5972820520
0.6815497279
0.6914520860
0.6125625372
0.6181734204
0.6803435683
0.6885291934
0.7235324979
0.7085887790
0.6143079996
0.6176705360
0.6117522120
0.6251600981
0.6982496977
0.6039207578
0.6810387373
0.6717752218
0.6830379367
0.6602220535
0.5977864861
0.5969960093
0.6403563619
0.6434081793
0.7426034212
0.7406392694
0.6269117594
0.6273946762
0.6262962818
0.6449124217
0.9736593962
0.9735466242
0.7048734426
0.7365229726
0.7556630373
0.7536317110
0.6367244124
0.6397176981
0.9666960835
0.9691659808
0.6712940931
0.7012830973
0.7407320142
0.7410910726
0.8328615427
0.8253370523
0.6466175318
0.6537823677
0.5736860037
0.5762311220
0.7139471173
0.7581911087
0.6858012676
0.6892752647
0.7135430574
0.7133243680
0.7341983914
0.7372594476
0.6045936346
0.6069654226
0.6814991832
0.7033169866
0.7070347071
0.7130237818
0.6949802637
0.7150059938
0.6072949171
0.6044274569
0.8602684140
0.9665725827
0.6576434374
0.6378318071
0.6384053230
0.6042020321
0.7357965708
0.7517175078
0.6029246449
0.6365956068
0.6844121218
0.6700021029
0.6245745420
0.6536684036
0.6388404965
0.6408946514
0.6204022765
0.6179534793
0.6373671889
0.6441334486
0.6346089244
0.6551779509
0.6525961161
0.6566944718
0.6209110022
0.6317155957
0.7299265862
0.7418016195
0.6509839892
0.6446568370
0.6434217691
0.6454167962
0.6371887922
0.6476976275
0.7941561937
0.8107665777
0.5848798752
0.5935326815
0.7461267710
0.7214010358
0.6240343451
0.6319510937
0.7371393442
0.7283799648
0.7082663774
0.7070066929
0.6738863587
0.6641142368
0.6161896586
0.6212176085
0.5837401152
0.5796276331
0.6430463791
0.6759598851
0.6273235679
0.6367853880
0.6903424263
0.6915539503
0.6602904797
0.6501949430
0.6181501150
0.6430615783
0.6708384752
0.6718403697
0.6943632960
0.7051249743
0.7216211557
0.7272660136
0.6632282138
0.6407148242
0.6638274193
0.6531356573
0.6100468040
0.6153587103
0.6413518190
0.6624442935
0.6909779310
0.6630442739
0.6227696538
0.6375299692
0.6804405451
0.6697182655
0.5955983400
0.5923022032
0.7292725444
0.7209788561
0.6593136787
0.6325420141
0.6244964004
0.6573607922
0.7700653076
0.7596279979
0.6752254367
0.6678435206
0.6858839989
0.6866551638
0.6317458153
0.6559404135
0.7791511416
0.7065488696
0.6184797287
0.6196667552
0.9761918187
0.9761515856
0.7134498358
0.6954395771
0.5896725059
0.5879788399
0.6382792592
0.6347913146
0.9106194377
0.9216932058
0.9105901718
0.9428218007
0.7722243667
0.7745870352
0.7100369334
0.6887208223
0.6788533330
0.6703051329
0.6516313553
0.6326945424
0.7278372049
0.7440298200
0.6962149739
0.6842584610
0.5972307920
0.6021841168
0.8017104864
0.7783614397
0.6534803510
0.6530946493
0.6377753019
0.6348859072
0.6410915256
0.6301275492
0.6269396544
0.6215838194
0.6379897594
0.6479258537
0.6819006205
0.6648139954
0.6736003757
0.6329947710
0.7333232164
0.7264661789
0.7262648344
0.6910762787
0.7200518847
0.7232356668
0.6226712465
0.6248887777
0.7278720140
0.7291514277
0.6392739415
0.6256925464
0.6521256566
0.6345635056
0.6903642416
0.8131666183
0.9690653086
0.6450455785
0.6623897552
0.6715151668
0.5858722925
0.5867905617
0.5898420215
0.5988325477
0.6807461977
0.6857573390
0.6683621407
0.6785296202
0.6870597005
0.6898081303
0.7289643288
0.7437418699
0.6359086633
0.6499100924
0.6431289911
0.6324411035
0.7058886290
0.6876742840
0.6174784899
0.6178583503
0.6741468310
0.6908611655
0.6469774842
0.6624968648
0.7212560773
0.7152298689
0.6283627748
0.6468421817
0.7964943051
0.7573146820
0.7089771032
0.6055648923
0.6169127822
0.6162880659
0.5828354955
0.5954070687
0.7510003448
0.7204543948
0.6954758763
0.6829832792
0.6228617430
0.6541996598
0.6436222792
0.6210008860
0.6460496187
0.6364649534
0.5934036970
0.5874375701
0.7267862558
0.7191113234
0.5774820447
0.6033467054
0.7761043310
0.7558055520
0.6302120090
0.6479169130
0.7016140223
0.6976806521
0.7046197057
0.7092876434
0.6908193827
0.6923058033
0.7269430161
0.7489080429
0.6512162089
0.6567863226
0.5873729587
0.5773574710
0.7549899817
0.7892265320
0.6679060459
0.6808202863
0.6524573565
0.6329947710
0.6151944399
0.5902354121
0.6847082376
0.6626250148
0.6212910414
0.6245027184
0.7112179995
0.6929863691
0.6335008144
0.6153475046
0.7125213742
0.7240555882
0.9592652321
0.6646426916
0.6926403642
0.6857881546
0.7495591044
0.7210475802
0.6272889376
0.6289460063
0.6921554804
0.6705586910
0.7124428749
0.7491494417
0.7552780509
0.7583028674
0.6333888173
0.6429600120
0.6745198965
0.6696782708
0.6115075946
0.6140139699
0.6905027628
0.7028177381
0.7385857105
0.7372350693
0.6224718094
0.6078345776
0.6402322650
0.6423245668
0.6500768065
0.6465845108
0.6033841372
0.5951792002
0.7164305449
0.7247357368
0.6109159589
0.6189482212
0.6643133163
0.6305354834
0.6165163517
0.6142743826
0.6512612700
0.6624795198
0.6172817945
0.6122693419
0.6166611314
0.6172338724
0.6631118655
0.6573072672
0.6609356403
0.6463779807
0.6635814905
0.6600762606
0.6514003873
0.6378648877
0.9732269049
0.9725565910
0.6559251547
0.6472487450
0.6140526533
0.6073732972
0.5761036277
0.5838760734
0.6032834053
0.5866549611
0.6433769464
0.6375102401
0.7011479735
0.7100945711
0.6458094716
0.6559671164
0.6103079319
0.5858491063
0.6219614744
0.6167104244
0.6535531282
0.6517652869
0.6302219033
0.6379452944
0.6252716780
0.6267311573
0.6079200506
0.6076209545
0.6574137807
0.6137257814
0.7197285295
0.7209790349
0.6137237549
0.6161570549
0.6599994898
0.6321448088
0.6691880822
0.6825649142
0.6403551102
0.6452234387
0.7106125355
0.7300329804
0.7070900798
0.6885826588
0.6422015429
0.6348303556
0.6088391542
0.5977965593
0.6551647186
0.6570690274
0.6229907274
0.6205097437
0.7035301924
0.7002154589
0.6568471789
0.6506745815
0.6497568488
0.6472713351
0.7536773682
0.7621928453
0.6655410528
0.6522056460
0.7454713583
0.7496524453
0.6637476683
0.6560899019
0.5977027416
0.6036723256
0.7586623430
0.7656061649
0.6635750532
0.6793665290
0.7537680268
0.7520431876
0.6237508059
0.6174035072
0.6164338589
0.6168553829
0.6151151061
0.6273231506
0.6212947369
0.6171282530
0.7764426470
0.7667297125
0.6685070395
0.6512199640
0.7447219491
0.7515817881
0.6296648383
0.6289379597
0.6543191671
0.6611477137
0.6453474760
0.6744804978
0.6090539694
0.6148849726
0.6348415613
0.6336882114
0.6204316020
0.6039571762
0.6932183504
0.7197893858
0.7267079949
0.7360473871
0.6195848584
0.6202603579
0.6873986125
0.6939038634
0.5978710055
0.6243115664
0.6399062276
0.6230642796
0.7987766266
0.7843373418
0.7296164632
0.7241230011
0.6271411180
0.6313005686
0.6958671212
0.6917177439
0.9748239517
0.9754522443
0.6522774100
0.6695847511
0.6345378160
0.6325241923
0.7206298113
0.7424078584
0.6916648149
0.7020438910
0.9049381018
0.8310038447
0.6134392619
0.6054669619
0.6329248548
0.6333467364
0.6438015699
0.6408523917
0.5853693485
0.5932908058
0.6049593091
0.6066825986
0.6888099909
0.6537401080
0.6252249479
0.6315101981
0.6466476321
0.6464850307
0.6063764095
0.6103678346
0.6466282010
0.6223683953
0.7351840734
0.7306151390
0.7326747179
0.7229836583
0.6465083361
0.6523656249
0.6168597937
0.6143398881
0.7460392118
0.7531534433
0.6589657664
0.6524065733
0.6488354802
0.6560617685
0.7443112135
0.7524685264
0.6577645540
0.6479562521
0.6769387722
0.6365307570
0.6784145236
0.6987104416
0.5998085737
0.6029064059
0.6385516524
0.6436491013
0.6123300791
0.6221851707
0.9735308886
0.9693485498
0.7354276776
0.7299148440
0.6606439352
0.6832504272
0.6244600415
0.6261603236
0.7322397828
0.7220738530
0.6247339845
0.6220094562
0.7227861881
0.9351563454
0.5973598957
0.6007353067
0.6161338091
0.6396077871
0.7271063924
0.6952136755
0.9133840799
0.9230734706
0.6170229912
0.6336011887
0.7863531709
0.7902955413
0.6339240074
0.6305621862
0.7005667686
0.6988853216
0.6184737086
0.6092979908
0.6132761240
0.6246957779
0.6134647727
0.6148147583
0.6376310587
0.6314123273
0.6467317939
0.6533405185
0.6090593338
0.6220711470
0.6697049737
0.6475115418
0.8099327087
0.8144152761
0.6198447943
0.6187765002
0.6575217247
0.6574668288
0.6713658571
0.6565392613
0.6105481982
0.6043041945
0.6003150344
0.6075834036
0.6273796558
0.6298524737
0.6244777441
0.6414083242
0.6323796511
0.6240055561
0.6989585161
0.6998535991
0.6725441217
0.6719378233
0.6104300618
0.6081746817
0.6407371759
0.6230555773
0.6186191440
0.6280571222
0.7082527280
0.7047171593
0.6109112501
0.6466504335
0.6198976040
0.6175786257
0.8402694464
0.8519962430
0.6207662821
0.6247314215
0.7242974639
0.7195061445
0.5825035572
0.6071288586
0.7250210047
0.7184131742
0.6275706291
0.6340273023
0.6469057798
0.6281262040
0.6284433603
0.6375595331
0.6898303032
0.6730765104
0.6189911962
0.6206497550
0.5964778066
0.5962437391
0.6381208897
0.6614906192
0.6815872192
0.7110999227
0.6764165759
0.6819291115
0.8092152476
0.7829643488
0.7114031911
0.6986046433
0.6408393979
0.6289655566
0.6447768211
0.6333760023
0.6577057242
0.6358762980
0.6851537824
0.7078942657
0.6932429075
0.6840891838
0.6641666889
0.6758970618
0.9078519940
0.9089083672
0.6395123005
0.6450373530
0.6163032651
0.6264144778
0.7605581880
0.7420476675
0.6516262293
0.6492887735
0.7671064138
0.7536519170
0.6064234972
0.6029624939
0.6161302328
0.6093989611
0.6548405886
0.6790841818
0.6347312331
0.6292639971
0.6320816278
0.6246228218
0.7250036001
0.7284989953
0.6137433648
0.6156629324
0.7902749777
0.8001441956
0.7505335212
0.7568935156
0.6777666211
0.6705048084
0.6906501055
0.6887851954
0.6504191160
0.6286078691
0.7043212056
0.7307059169
0.6386483312
0.6461053491
0.6320203543
0.6421813965
0.6075793505
0.6041463614
0.7504857183
0.7424523234
0.6311033368
0.6292152405
0.6490716338
0.6440328956
0.6025804281
0.6058274508
0.5619634390
0.5469086766
0.6688848734
0.6728936434
0.6973803639
0.6958729029
0.9097993970
0.8719248772
0.6117249727
0.6137944460
0.6083477736
0.6108981371
0.6226443052
0.6331377029
0.6426399946
0.6331077814
0.6797127128
0.6943796873
0.6409961581
0.6696848273
0.7224739790
0.7105473280
0.8012773395
0.7943013906
0.7940562963
0.8053897619
0.9690610766
0.9608393908
0.6015418768
0.6116656661
0.5980708599
0.5832366943
0.6790677309
0.6711864471
0.6259590387
0.6299330592
0.6158607006
0.6080336571
0.6895142794
0.6902076006
0.7029811144
0.7237992883
0.6954765916
0.6841833591
0.6709228754
0.6780775189
0.6856861115
0.7135976553
0.6592499614
0.6600549817
0.5816280246
0.5824940205
0.7178118229
0.6949570179
0.6620401144
0.6501944661
0.6052059531
0.6094886065
0.6166408658
0.6115044355
0.7492547035
0.7495254278
0.6421245933
0.6210341454
0.7170576453
0.7157197595
0.6271982789
0.6328121424
0.6659755111
0.6442178488
0.6905809045
0.6998337507
0.6059336662
0.6089457273
0.8260682821
0.8360579610
0.8006633520
0.6926137209
0.7073619962
0.6902815700
0.6350646615
0.6182250977
0.6357321739
0.6225383878
0.7271820903
0.7474382520
0.6440016627
0.6492806673
0.5929759145
0.5902171135
0.6408244371
0.6268738508
0.6420417428
0.6520987749
0.6055780649
0.6001251340
0.7176859379
0.6982402802
0.5959652066
0.5963892937
0.6027376056
0.6053150892
0.7203194499
0.7213813066
0.6698526740
0.6884298921
0.7115703821
0.7129865885
0.6687816381
0.6638396382
0.7148733139
0.7314119935
0.9310778379
0.7892978787
0.6153028607
0.6045988798
0.6848789454
0.6867814064
0.6125004888
0.6233420372
0.6726557612
0.6522202492
0.6374808550
0.6522814631
0.6199189425
0.6250573993
0.7079730630
0.7249680161
0.7117275000
0.7125015259
0.8115911484
0.6853511930
0.8001586199
0.7988444567
0.6381555796
0.6431112289
0.7661820650
0.7726914287
0.6100448370
0.6174260378
0.6866025925
0.7022883296
0.6004753113
0.6018394232
0.6259749532
0.6285198927
0.5875158310
0.6123956442
0.7024230957
0.7018042207
0.9730108380
0.9731695056
0.6463236809
0.6801683903
0.7305663824
0.7272907495
0.6019575596
0.5960451365
0.6295713782
0.6204937100
0.6316390038
0.6409299970
0.6686064005
0.6674721837
0.6196808815
0.6196879148
0.7580736279
0.7563349605
0.5730177164
0.5644986629
0.6202573180
0.6170080304
0.6391171813
0.6308012009
0.6225981712
0.6139729619
0.6119977236
0.6100144386
0.6268724203
0.6271957755
0.6230542660
0.6373354197
0.6394096017
0.6581645608
0.6410286427
0.6513462067
0.8727370501
0.8770157099
0.6192224622
0.6165632010
0.6235898733
0.6418213248
0.6980873346
0.6751044989
0.6554447412
0.6643905640
0.6137339473
0.6114236712
0.6187595129
0.6103700399
0.7764457464
0.7895565033
0.6258745193
0.6189061403
0.6208233833
0.6167100668
0.7017771006
0.7152458429
0.6220110655
0.6325184703
0.6569525003
0.6553001404
0.9690101743
0.9755477905
0.6499885917
0.6510284543
0.7227349281
0.7138897777
0.6691066027
0.6600324512
0.7830549479
0.8184438944
0.7456723452
0.7388103604
0.6229918599
0.6217848659
0.6042448282
0.6089142561
0.5797883272
0.6024479866
0.6455429792
0.6737192869
0.6262948513
0.6241649389
0.6052030325
0.6124653816
0.7434211969
0.7437929511
0.7633751631
0.7494795918
0.6875721812
0.6748746634
0.7489480376
0.7317647934
0.6238309741
0.6213303804
0.7053270340
0.7167398930
0.7412961721
0.7331322432
0.6514050364
0.6661276817
0.6321039796
0.6228801012
0.6196298003
0.6180386543
0.7017512918
0.6836435199
0.6972593069
0.6937261224
0.9667393565
0.9672832489
0.6251486540
0.6128385663
0.7309346199
0.7554699779
0.6294021010
0.6266069412
0.6627146602
0.6465070844
0.6807765961
0.6846491098
0.6904950142
0.6891191602
0.6228115559
0.6248782873
0.6216300130
0.6963042021
0.6031685472
0.6074358821
0.6120501757
0.6010241508
0.6771238446
0.6749378443
0.7177858353
0.7331022024
0.6247497797
0.6292200089
0.6938073039
0.6954947710
0.6461015344
0.6177846193
0.6955059767
0.6825611591
0.6143242121
0.6182323098
0.8885105252
0.9645081758
0.6849542856
0.7004821897
0.7292811275
0.7384353876
0.8843675852
0.8598805666
0.9410333633
0.8781808019
0.6935778856
0.6611383557
0.7554727197
0.7705898285
0.7547745109
0.7635693550
0.6768180728
0.6484203339
0.6091560125
0.6326318979
0.6931401491
0.7207886577
0.6510314345
0.6813338995
0.9540205002
0.9597324133
0.6243205667
0.6205148697
0.7195658088
0.7244223356
0.6304041147
0.6182194948
0.6417306066
0.6369509697
0.6408159137
0.6606504321
0.6022868156
0.5988619328
0.7524155378
0.7623323202
0.7114433050
0.7100633383
0.6094594002
0.6074486971
0.6459187269
0.6619744301
0.6215007901
0.6266091466
0.7327641249
0.8037717938
0.5983768702
0.5984057188
0.6766700745
0.7007694244
0.7311621308
0.7460060120
0.6669871807
0.6642267108
0.6932404041
0.7021161318
0.7905911207
0.7254555821
0.6592894793
0.6451323628
0.6089364290
0.6135498285
0.6680936813
0.6563502550
0.6295080781
0.6403986216
0.7213110924
0.7233790755
0.6099802256
0.5882972479
0.6248373389
0.6301642656
0.6977011561
0.7042735219
0.7105205655
0.7153779268
0.7015544772
0.7001168728
0.6601089239
0.6381049752
0.6403230429
0.6906510592
0.6798947453
0.6758095622
0.7702162862
0.7372368574
0.6416172981
0.6641147137
0.6190042496
0.6235034466
0.7584661245
0.7628130913
0.7652775049
0.7713078260
0.6148694754
0.6071659923
0.7943159342
0.7836174965
0.6887186766
0.7062889338
0.6809554696
0.6804890037
0.6240982413
0.6384471655
0.6657786965
0.6816713810
0.7297416925
0.7220923901
0.5835494399
0.5888115168
0.6399811506
0.5705479383
0.7585574389
0.7213193178
0.6129919291
0.6196209192
0.6966139078
0.6629999280
0.6488971710
0.6366530061
0.6733575463
0.6709593534
0.6908311844
0.6735857129
0.6492958665
0.6421005130
0.7139698267
0.6946855783
0.7582493424
0.7601294518
0.7659655809
0.7517999411
0.9747627378
0.9736198187
0.6390886307
0.6385377645
0.6312692165
0.6631046534
0.6022880673
0.6064161062
0.6695557237
0.6779419184
0.6682875752
0.6686736345
0.6312351823
0.6311297417
0.6071699262
0.6054077148
0.6195898056
0.6131834984
0.7275381088
0.7328181267
0.6242292523
0.6198177338
0.7520675659
0.7316192389
0.6511802673
0.6634088755
0.8556641340
0.9601646662
0.5920928717
0.5888231397
0.6415693760
0.6451109648
0.6125231981
0.6115437746
0.6661385298
0.7142318487
0.7662572861
0.7652991414
0.7317841053
0.7286852598
0.7120007277
0.7084323168
0.6019983292
0.6054040790
0.6360262036
0.6375597715
0.6336090565
0.6378453374
0.7497087717
0.7530235648
0.6929099560
0.6859958768
0.6263754964
0.6175996065
0.7348352075
0.6961528063
0.7728827596
0.7747579217
0.6720728278
0.6835612059
0.7189446092
0.6959848404
0.6861335039
0.6977390051
0.6196867228
0.6212009192
0.6036809683
0.6048334837
0.6372466683
0.6338149309
0.9367289543
0.8306411505
0.6848049760
0.6732462049
0.7052259445
0.7143121958
0.6391055584
0.6432522535
0.7970276475
0.8178482056
0.6368048191
0.6521319151
0.6491471529
0.6660318375
0.6016236544
0.6026679277
0.6972558498
0.6883674860
0.6784218550
0.6658364534
