0.5977660418
0.5937451124
0.6047662497
0.6146961451
0.6726988554
0.6731922030
0.6258941889
0.6269594431
0.5901625752
0.5895484090
0.8893868327
0.8959339857
0.6660612226
0.6725344062
0.5853058100
0.5874743462
0.6614776850
0.6353431940
0.5501134992
0.5467153788
0.5910094976
0.5844098330
0.7420449853
0.6814663410
0.5728541613
0.5712951422
0.6433231831
0.6396946311
0.6473498344
0.6453206539
0.7705131769
0.7965699434
0.5608282089
0.5652995110
0.5779943466
0.5812014341
0.6324895620
0.6137353182
0.6496721506
0.6526252031
0.5541602373
0.5580151677
0.7239540815
0.9038200378
0.5784548521
0.5763524771
0.5650185347
0.6192914248
0.5871087313
0.6018235683
0.5741532445
0.6251230240
0.6946121454
0.7249482870
0.5863491893
0.5787641406
0.5656746030
0.5752055645
0.5951796174
0.5935679078
0.6044316292
0.6080508828
0.6059014797
0.6082173586
0.5758932829
0.5737794638
0.6393969655
0.6402442455
0.5644401312
0.5778793693
0.8802295923
0.8410026431
0.6575225592
0.6322861910
0.5892317891
0.5900324583
0.6501302123
0.6367803216
0.6143728495
0.6172274351
0.7997733951
0.7445794344
0.6523860097
0.6543647051
0.6746852994
0.6757792234
0.7714041471
0.7871479988
0.6768637896
0.6764432788
0.6210801601
0.6197189689
0.6472297907
0.6460329890
0.7426965833
0.7352486849
0.6195204854
0.6529780030
0.6270829439
0.6286750436
0.6631308794
0.6748720407
0.6218715906
0.6198584437
0.8206773996
0.8335784078
0.6087588668
0.6042502522
0.6389852762
0.6386294365
0.5880664587
0.5753879547
0.6412066817
0.7302403450
0.7808575630
0.7709082961
0.5948603749
0.6060845256
0.6120711565
0.6017633677
0.7765657902
0.8185180426
0.5835280418
0.5904381871
0.6418371201
0.6421869397
0.6287956238
0.6246225834
0.6334330440
0.6297198534
0.6230863333
0.6062493324
0.5585824847
0.5713270903
0.5714607239
0.5611516833
0.6599007845
0.6470537782
0.6069884896
0.5976982117
0.6140074134
0.5988544226
0.6349263787
0.6099022031
0.6522687674
0.6710982323
0.5804296732
0.5907623172
0.5685794353
0.5772766471
0.6267498732
0.6246992946
0.8917624354
0.6054093242
0.5405155420
0.5402899981
0.5764914751
0.5770832896
0.6211661696
0.6122577786
0.6889437437
0.6900179982
0.7393191457
0.7246388197
0.5949046612
0.6031960249
0.6906727552
0.6625787020
0.6595594287
0.6557453871
0.6041439176
0.6014969349
0.5629295111
0.5571542978
0.6352072358
0.6164560914
0.6309279203
0.6226784587
0.6506558657
0.6482251883
0.5782962441
0.5784358382
0.5948301554
0.5985409617
0.6082617640
0.6071976423
0.6020120978
0.6062839627
0.5680681467
0.5661627054
0.5911104083
0.5876596570
0.6235020757
0.6225594282
0.6207679510
0.6127701402
0.6198755503
0.6131572723
0.6330578923
0.6231111884
0.5877755880
0.5765152574
0.5511623621
0.5407737494
0.6979163885
0.6851016879
0.5411415696
0.5343095064
0.6589070559
0.6387157440
0.8099722862
0.8113874197
0.6283146143
0.6257439256
0.6133520007
0.6199242473
0.5784555078
0.5762817264
0.5789102316
0.5815020800
0.5803804398
0.5767013431
0.6117882729
0.6333637238
0.7525989413
0.7601288557
0.7880688310
0.8045662045
0.6058222055
0.6101062894
0.5930846930
0.6002489328
0.6181347966
0.6207296252
0.6524578929
0.6646693945
0.5662961006
0.5683079362
0.5725287199
0.5721459389
0.6164935231
0.6124233007
0.5648917556
0.5564013720
0.8864107132
0.8932811022
0.9165586233
0.9175199270
0.5620346665
0.5768544674
0.8527935147
0.8185266256
0.6239324808
0.6178270578
0.5828948617
0.5836627483
0.5931279659
0.5862487555
0.5622140169
0.5690440536
0.5610817075
0.5739554167
0.5650661588
0.5565953255
0.6081442833
0.6022456288
0.5485519767
0.5566855669
0.7929527164
0.7997891903
0.5797905326
0.5740016699
0.6177455783
0.6081224680
0.8934801817
0.8918183446
0.5973965526
0.5860089064
0.5955377817
0.5934416056
0.6601473689
0.7004811764
0.5469006896
0.5481247306
0.5697904825
0.5744204521
0.6160458326
0.6190477610
0.5877745748
0.5873676538
0.6368041039
0.5783826709
0.6518160701
0.6520885825
0.7081897259
0.6918116808
0.6209868789
0.6177346110
0.6472693682
0.6189618111
0.6144825816
0.6184917092
0.6096758246
0.6148271561
0.6024733186
0.5964576006
0.6089538336
0.6144297719
0.5975415111
0.5936201811
0.6272623539
0.6228207350
0.5747811198
0.5747216344
0.8512889147
0.8663748503
0.7207956910
0.6767571568
0.5760220289
0.5655406713
0.5837165117
0.5929828882
0.5690689683
0.5695546269
0.9097582102
0.9213544726
0.5836523771
0.5875597000
0.5686422586
0.5869623423
0.7379351854
0.7236024141
0.7045409679
0.6687571406
0.6115180850
0.6151948571
0.5530834794
0.5545576811
0.8168892860
0.8158394098
0.5338720083
0.5378523469
0.6101966500
0.6087650061
0.6163843870
0.6259446144
0.6174550056
0.6277396083
0.8480376005
0.8437966108
0.5667591095
0.5719440579
0.5961972475
0.5967867970
0.5899385214
0.5931769609
0.7865168452
0.7898477316
0.7811113596
0.8019139171
0.5972875953
0.5828998685
0.5881030560
0.5844397545
0.5915605426
0.5965355039
0.5797959566
0.5834161043
0.7467876673
0.7599853277
0.5980309248
0.5890627503
0.5724721551
0.5903097391
0.5990926623
0.6061161757
0.5793842077
0.5790036321
0.7784310579
0.6916317344
0.6195569038
0.6037269235
0.5851403475
0.5828012824
0.6048113108
0.6003929973
0.9029199481
0.9055507779
0.5464105010
0.5490481853
0.5672103167
0.5625053644
0.7670606375
0.7848742604
0.5966186523
0.6001071334
0.5774344206
0.5737044215
0.8729208708
0.8659199476
0.6417977214
0.6378298998
0.6964126825
0.5852905512
0.5771313906
0.5701208115
0.5944774747
0.5977860093
0.5955275297
0.5991759300
0.5500407815
0.5648730397
0.5480376482
0.5471659899
0.6024486423
0.6045627594
0.5938705802
0.5973097682
0.5873062015
0.5999363661
0.9087392688
0.9128462076
0.5963621736
0.5969849825
0.6377962828
0.6403379440
0.5995517969
0.6018084288
0.5969475508
0.5900666118
0.5645611286
0.5629268885
0.5759772658
0.5703743100
0.5827062726
0.5747559071
0.6109763384
0.6235827804
0.6392448545
0.6363192201
0.5872899294
0.6302039027
0.5968845487
0.6041198373
0.9136085510
0.9151846766
0.5804052949
0.5808171034
0.6849376559
0.6658713818
0.5541304946
0.5619522333
0.6113101244
0.6038299799
0.5894181132
0.6010094881
0.5704901218
0.5673025846
0.5866402388
0.5804633498
0.5907034874
0.5894492865
0.5761452913
0.5784147978
0.5770521164
0.5763875246
0.6136058569
0.6298376918
0.5854752660
0.5922839046
0.9207336307
0.9055526853
0.5938240886
0.5906944275
0.5482226014
0.5449594259
0.5783084631
0.5896128416
0.9133013487
0.9110690951
0.8790647388
0.8678450584
0.5559538603
0.5534933805
0.5533893704
0.5570992827
0.5930455923
0.5856767297
0.7843471766
0.7791176438
0.5967530608
0.5849712491
0.5684419870
0.5637491941
0.5547291040
0.5532382727
0.8647142649
0.8698381186
0.5627423525
0.5624760389
0.6517228484
0.6260927916
0.5795863271
0.5785871744
0.5640132427
0.5500381589
0.5816999674
0.5784000158
0.5941179395
0.5889155865
0.5295838118
0.5291270018
0.5953591466
0.6031401753
0.8296613693
0.8196403384
0.5970956683
0.5997091532
0.5782154202
0.5734847188
0.5737044215
0.5754356384
0.6948741078
0.6839860082
0.5364236236
0.5364668369
0.5624006987
0.5689335465
0.5543509126
0.5525908470
0.6256490350
0.6285586357
0.5839340687
0.5818936229
0.6373490095
0.6299012303
0.5866265893
0.5815837383
0.6336839795
0.6319294572
0.5742260218
0.5820316672
0.5744946599
0.5856696963
0.6963473558
0.7136024237
0.6073052287
0.6009844542
0.6065706611
0.6042643785
0.5986202955
0.6035786867
0.5860995650
0.5685523152
0.5775339603
0.5814825892
0.6355533004
0.6240038872
0.5542739630
0.5629843473
0.5519782901
0.5439545512
0.5780278444
0.5727971196
0.8439100385
0.8427054286
0.5666373968
0.5576514006
0.8794562221
0.8583324552
0.5687156320
0.5771458149
0.5968315005
0.5849363804
0.5669438243
0.5655667186
0.5806218386
0.5798500776
0.6344482303
0.6344648004
0.6415837407
0.6365030408
0.5754900575
0.5736948252
0.5767195821
0.5829249620
0.6317351460
0.6288300753
0.5640866756
0.5642926693
0.5781583786
0.5777346492
0.5670216680
0.5693930984
0.5962501764
0.6108565927
0.6046569943
0.5956120491
0.6152073741
0.6206269264
0.6507867575
0.6551669836
0.6206525564
0.6304311752
0.6040836573
0.6076567769
0.5991052985
0.6021903157
0.5783187151
0.5837831497
0.5518242121
0.5542632937
0.5749026537
0.5713573098
0.5759550333
0.5787851810
0.5893887877
0.5895155668
0.7364068627
0.7683051825
0.6432656050
0.6149965525
0.6168829203
0.6186393499
0.6249192357
0.6194877028
0.5824037790
0.5840056539
0.5898855329
0.5954164863
0.5427415967
0.5425665379
0.8987863660
0.8992218971
0.8808639646
0.8809440732
0.8977366686
0.8977366686
0.6085982323
0.5996815562
0.5827190280
0.5780315399
0.6199554205
0.6064406633
0.8846413493
0.8809059858
0.5447565913
0.5503708124
0.5963615179
0.6118732095
0.7768875957
0.7823484540
0.5784419775
0.5831983089
0.5714481473
0.5623667836
0.6340861320
0.6379325986
0.5781850815
0.5752099156
0.6085084677
0.6119194031
0.6071248055
0.6074106097
0.6316594481
0.6199354529
0.5700055957
0.5720351338
0.5698121190
0.5643531680
0.5571337938
0.5617981553
0.5926764011
0.5952455997
0.5910174847
0.6256726980
0.6100607514
0.5929597616
0.6101713777
0.6157504320
0.5922433138
0.6001132727
0.5652273893
0.5766744614
0.5823469162
0.5924266577
0.5983918905
0.6010633707
0.6014515758
0.6042240858
0.6091419458
0.6065268517
0.5818921328
0.5877304673
0.6238468289
0.6243028641
0.5893771052
0.6000841260
0.5977073908
0.5822882056
0.5489689708
0.5594603419
0.6387397647
0.6468218565
0.5811131597
0.5742458105
0.6126087904
0.6121211648
0.6030515432
0.5450161099
0.6117634773
0.6004764438
0.5678729415
0.5712197423
0.6775165796
0.6779119372
0.6104249954
0.6109980941
0.6103998423
0.6259787083
0.7443280220
0.7353764176
0.6067991257
0.6171163321
0.5697995424
0.5685428977
0.5729802847
0.5877405405
0.6217170954
0.6117188334
0.5957126617
0.5873852372
0.5684395432
0.5797605515
0.5811228752
0.5816775560
0.5656908154
0.5674841404
0.9050324559
0.9039064646
0.5735094547
0.5666177273
0.5491574407
0.5518386960
0.5801392794
0.5872086287
0.5926840305
0.6011968851
0.6108363867
0.6045671105
0.5935813785
0.5979415178
0.5829725266
0.5894385576
0.5864645243
0.5926456451
0.5593500137
0.5550014377
0.5633569956
0.5606009364
0.5707526207
0.5758394599
0.5584429502
0.5589996576
0.5598753095
0.5728586912
0.7803656459
0.7659867406
0.6780526042
0.6836248040
0.5942261219
0.5920281410
0.9385749698
0.9348929524
0.5918021798
0.5905119181
0.5666245222
0.5614608526
0.5593844652
0.5676734447
0.5806137323
0.5916368961
0.8147155046
0.7935257554
0.6015463471
0.6039997339
0.5776280165
0.5687373281
0.6226452589
0.6374322176
0.6180545092
0.6076204181
0.9258896112
0.9307293892
0.5738447905
0.5742095709
0.6024857759
0.5855492949
0.9109860659
0.9229801297
0.5751560330
0.5919599533
0.6014388800
0.6030467749
0.5922255516
0.5855815411
0.5877299309
0.5785201788
0.6129410863
0.6094219089
0.5587914586
0.5593631864
0.5601609349
0.5541593432
0.5927995443
0.5774036646
0.5837833285
0.5844309926
0.6028950810
0.5972669125
0.6354713440
0.6397355795
0.6037266850
0.5912815332
0.5647786856
0.5696195960
0.5948630571
0.5884698629
0.7003485560
0.7552318573
0.9331412315
0.9306551814
0.8471929431
0.7747087479
0.5651196241
0.5652444363
0.5993502736
0.5964891315
0.6001841426
0.5919623375
0.6388106346
0.6386751533
0.5857385993
0.5791889429
0.5594016910
0.5522097349
0.6106076241
0.6093731523
0.5930303931
0.5947224498
0.6238080263
0.6244296432
0.6045983434
0.6040639281
0.8182819486
0.9181225896
0.6013206244
0.6069752574
0.6004460454
0.6155441999
0.6170662642
0.6256040335
0.5455583930
0.5477129817
0.5705403686
0.5688899755
0.7291775346
0.7385240793
0.8847790956
0.8840910792
0.5708885193
0.5943970680
0.5851010084
0.5842006803
0.5547938347
0.5521906614
0.5745719671
0.5838674307
0.5759233236
0.5774813890
0.6198462248
0.6173875928
0.8031293750
0.7986231446
0.5838464499
0.5910397768
0.5564878583
0.5600062013
0.5802041292
0.5777684450
0.6248453856
0.6151681542
0.6041681170
0.5819393992
0.5928406119
0.6137318611
0.8932016492
0.8944228888
0.8848618269
0.8891739845
0.5638187528
0.5664634109
0.5887212753
0.5982220769
0.5987093449
0.5975483656
0.6176986694
0.6248286366
0.5882526636
0.5790406466
0.9093524218
0.9027043581
0.5945438147
0.6117938757
0.5923284888
0.6024371982
0.5783697963
0.5786311030
0.6057688594
0.5954669118
0.9183753729
0.9169949293
0.5978268385
0.6027166247
0.5479940176
0.5574005842
0.6155678034
0.6113477349
0.5622125864
0.5623086691
0.5803126693
0.5862585306
0.5921519995
0.5822144747
0.6205633879
0.5928956866
0.5516656637
0.5645833611
0.5764454603
0.5654536486
0.9165468216
0.9156268239
0.8513692617
0.8907772899
0.6216647029
0.6191712022
0.5782772303
0.5733085871
0.5898304582
0.5946331024
0.7920052409
0.7815879583
0.7634935379
0.7646017075
0.6314197183
0.6188125610
0.7123222351
0.7018877864
