0.8913961649
0.8993072510
0.6996182203
0.7510731816
0.8212687373
0.8460599184
0.8771352768
0.8763865232
0.9138540030
0.8972725868
0.8461243510
0.8583393097
0.7258275747
0.7726198435
0.7825282216
0.8126794696
0.8671493530
0.8713368177
0.8818217516
0.8791604042
0.8100827932
0.8043862581
0.9058851004
0.9439155459
0.8773025274
0.8518327475
0.8952701688
0.9134864807
0.7925907969
0.8570922613
0.9221828580
0.9144722223
0.9197288752
0.9327936172
0.8828264475
0.9191510081
0.8799413443
0.8842040896
0.8505667448
0.8836380243
0.8803973198
0.8790254593
0.9382331967
0.9124640226
0.8869973421
0.8729103208
0.9065119028
0.8985494375
0.8967189789
0.9316812754
0.9277911186
0.9104102254
0.9185797572
0.9274311066
0.9428342581
0.9424656630
0.9406428337
0.9168718457
0.9406763315
0.9576746225
0.8588944674
0.8595291376
0.9545243979
0.9507282376
0.9417027235
0.9592015147
0.8924328089
0.9139693379
0.8842733502
0.9037140012
0.8983173370
0.9028625488
0.8887616396
0.8462677002
0.9418212175
0.9394308925
0.9459123611
0.9452411532
0.9210529327
0.9012629390
0.9195068479
0.9225128293
0.9166315794
0.9609624147
0.8792663813
0.8911706805
0.8453328013
0.8233140707
0.8231760859
0.8424758911
0.8533943892
0.8391157985
0.8969902992
0.8991739154
0.6845432520
0.6754564047
0.9278650284
0.9150996208
0.9462373853
0.9306510687
0.9438341856
0.9433574677
0.9149859548
0.9112793207
0.8519941568
0.9319968224
0.9255726933
0.9309984446
