0.7078689933
0.7882820964
0.5267742276
0.5261934996
0.6304616928
0.6945525408
0.5864772201
0.5693700910
0.5517133474
0.5333300829
0.6295650601
0.6334130168
0.5443108678
0.5372431874
0.5408856273
0.5427151918
0.6485706568
0.6616360545
0.5996610522
0.6387480497
0.5292277932
0.5211566091
0.5401428938
0.5354997516
0.5808466673
0.5705875754
0.6496641636
0.6515218019
0.5322556496
0.5283932686
0.5426553488
0.5415326357
0.5602748990
0.5420123935
0.6242552996
0.5790237188
0.5174751878
0.5641529560
0.5502790809
0.5615893602
0.5302248597
0.5295408964
0.5520874858
0.5461950302
0.5173269510
0.5370023847
0.5807944536
0.5750247240
0.5179486275
0.5275517702
0.5221498609
0.5177160501
0.7315828204
0.7489339709
0.5930708647
0.5918764472
0.5891970396
0.6272720098
0.5575834513
0.5861119032
0.5863356590
0.7212729454
0.7290259004
0.7253400087
0.7039541602
0.6328562498
0.7148795724
0.6600638628
0.6134220958
0.6228677630
0.7534642816
0.6451217532
0.6082471609
0.6776877642
0.6186858416
0.6208904982
0.5093449354
0.5099791288
0.5201631784
0.5161673427
0.5569421053
0.6532438993
0.5430883169
0.5502656698
0.9146798849
0.9128497839
0.5169495344
0.5382584333
0.5709542036
0.6146174669
0.8528783917
0.8167288899
0.7751053572
0.8058454394
0.7956512570
0.8048663139
0.6306914091
0.6128404737
0.5436158776
0.5354872942
0.7065387964
0.8195922971
0.8015219569
0.8182511330
0.5801956058
0.6164952517
0.5144962668
0.5157582164
0.6346136332
0.6405046582
0.8604313135
0.8112255335
0.5151182413
0.5134296417
0.5940422416
0.6101543903
0.6849923134
0.7079440355
0.5798040628
0.5550510287
0.5188163519
0.5194930434
0.5523787737
0.5782321692
0.5677448511
0.5681059361
