0.7121670246
0.7033621669
0.8533244133
0.8696751595
0.8067079782
0.8497017026
0.8186717033
0.8367218971
0.8682117462
0.7652810812
0.7993138433
0.7817486525
0.7351490259
0.7299871445
0.8568992615
0.8505991101
0.6929600239
0.7113774419
0.8484026194
0.8360804319
0.9579715729
0.9600980878
0.8159832954
0.8055006266
0.9199387431
0.9169621468
0.8843328357
0.8701471090
0.9638883471
0.9109632373
0.7555562854
0.7905592918
0.8891145587
0.8815088272
0.8819251060
0.7986173034
0.8617445827
0.8275548816
0.8027824163
0.7909192443
0.8596130610
0.8426195979
0.8149524927
0.8130978346
0.8682780266
0.8533267975
0.8873885274
0.8782438040
0.8293841481
0.8396316767
0.7970880866
0.7820677757
0.8323175311
0.8194051981
0.8797268867
0.8889541626
0.9659649730
0.9651752710
0.9492160082
0.9521843791
0.9498760104
0.9516993761
0.7538561225
0.7580544353
0.9323816299
0.9305268526
0.8380349874
0.8384626508
0.8420567513
0.8637000918
0.9550268054
0.9552432299
0.8674793243
0.8594945669
0.7773173451
0.8325227499
0.8593061566
0.8004825711
0.8159548640
0.7598316073
0.7898469567
0.7931773067
0.7328063250
0.7314755321
0.8320913315
0.8069939613
0.7951599360
0.8315254450
0.7898757458
0.8038591146
0.9649884105
0.9641637802
0.7366361022
0.7612982392
0.6649392247
0.6802817583
0.8124954104
0.8042303324
0.9616059065
0.9645392299
0.7309876084
0.7376886606
0.8705577850
0.8650791049
0.8462959528
0.8405435681
0.7607391477
0.7620179057
0.7485780716
0.7292930484
0.8521731496
0.8755485415
0.7749878764
0.7063675523
0.8196796179
0.8021605611
0.8505172729
0.8290802240
0.9639557004
0.9054034352
0.7837608457
0.7892282605
0.7202988863
0.7337897420
0.7539377213
0.7626734972
0.7846261263
0.7943471670
0.9713867903
0.9710717201
0.6987418532
0.7022510171
0.8650008440
0.8346980810
0.9459481239
0.9509235620
0.8193279505
0.8306341171
0.8329743147
0.8103488684
0.8734341860
0.8686372638
0.6755008698
0.6748138666
0.8356911540
0.8658030629
0.9313602448
0.9371183515
0.9310661554
0.9163845778
0.8189761043
0.8834959865
0.8121685982
0.8131614923
0.8652613759
0.8759536743
0.8633238673
0.8547711372
0.7951690555
0.7526486516
0.9322248697
0.8769855499
0.9381303787
0.9093435407
0.8040016294
0.7794122696
0.8957010508
0.8748168945
0.8654965162
0.8821641803
0.8947995305
0.8800312281
0.8557909727
0.8781116605
0.8190342188
0.8117204905
0.6244247556
0.6193930507
0.7810162306
0.8012399673
0.8786810637
0.7927929163
0.8322038651
0.8054941297
0.8390786052
0.7935189009
0.8087300062
0.7978094220
0.7942526937
0.7929252982
0.8075876236
0.7702963352
0.8152254224
0.8356257677
0.7565525770
0.7619191408
0.8528189659
0.8443199992
0.8072317839
0.7770537138
0.8123361468
0.8539035916
0.9361482859
0.9343296289
0.8081267476
0.7852039933
0.9107559323
0.9098150134
0.8685684204
0.8754623532
0.8638051152
0.8722496033
0.8623615503
0.8461664319
0.8585068583
0.8178660274
0.8783292770
0.8465194702
0.9532006979
0.9629666209
0.9606993794
0.9616582990
0.8253506422
0.8297413588
0.6633065939
0.6647521257
0.9654179811
0.9653484225
0.9145124555
0.8963715434
0.7681952119
0.7746989131
0.7703045011
0.7796030045
0.9643778801
0.9701172709
0.6765533686
0.6656347513
0.8251198530
0.8555362821
0.9648906589
0.9643614888
0.9206989408
0.9236252904
0.8578680754
0.8535639048
0.6812060475
0.6906128526
