0.5327841640
0.5509155989
0.7738283873
0.7499310970
0.8980756998
0.8997009397
0.8936406970
0.8870065808
0.9478195906
0.9481174350
0.7223288417
0.7234708667
0.7677992582
0.7687534094
0.8658885956
0.8600322008
0.7412441969
0.8468996286
0.8663309216
0.7622956634
0.9459832311
0.9465111494
0.6268992424
0.6315197349
0.9075338244
0.9109093547
0.8178029060
0.8411594629
0.7118815780
0.6707609892
0.7720177770
0.6887438297
0.6444956660
0.6495796442
0.9071008563
0.9157579541
0.9425266981
0.9243168831
0.9014046788
0.9044080973
0.8896301389
0.8922309875
0.7547475100
0.7544723749
0.6324101686
0.6496695280
0.6991520524
0.7044335604
0.9000992775
0.9018786550
0.8852632642
0.8830275536
0.8279957771
0.8405557871
0.5376302600
0.5420665741
0.8276382685
0.8216682673
0.9526033401
0.9505119324
0.9176076055
0.9105916023
0.5665863156
0.5648204684
0.7581161261
0.7576794624
0.9539129138
0.9535783529
0.9073794484
0.9069510698
0.9335417747
0.9333652258
0.5766841769
0.5958399177
0.9601342082
0.9604600072
0.5708231926
0.5705674291
0.7833617926
0.8469372988
0.5445994735
0.5512228012
0.5298429132
0.5201932788
0.5210310817
0.5222767591
0.6198887825
0.6211591959
0.8005430102
0.8657101393
0.5456824303
0.5443118811
0.5661407709
0.5625778437
0.7297289968
0.7365740538
0.8738551140
0.8862449527
0.7615770102
0.7529510856
0.9468339086
0.9470224380
0.5139389634
0.5124570727
0.9486467242
0.9504671097
0.5197163224
0.5204249620
0.8448640704
0.8552349210
0.6767300963
0.6848012209
0.5075632334
0.5180183649
0.9412384033
0.9365922809
0.5143821836
0.5128700137
0.9415464401
0.9387016296
0.7474508286
0.7293266654
0.8823984265
0.8694044352
0.5196499228
0.5336254239
0.5268793106
0.5348055959
0.7210086584
0.7175323963
