0.084088
0.037066
0.031723
0.031813
0.037224
0.036366
0.288223
0.222405
0.313085
0.217355
0.052007
0.056163
0.111295
0.110966
0.162294
0.127559
0.022249
0.021816
0.184506
0.044196
0.200379
0.189682
0.042106
0.042419
0.04616
0.044633
0.294255
0.116486
0.062616
0.019623
0.454926
0.44726
0.025235
0.025149
0.079886
0.077424
0.208657
0.211701
0.052585
0.052878
0.335792
0.495057
0.042943
0.04065
0.052665
0.052039
0.047858
0.103708
0.047385
0.044455
0.046521
0.048536
0.058433
0.062321
0.027523
0.028559
0.434085
0.140528
0.089313
0.035983
0.031293
0.032517
0.071256
0.039707
0.318027
0.097924
0.33543
0.33113
0.036603
0.038324
0.037878
0.038456
0.237214
0.202915
0.036767
0.038253
0.064302
0.116332
0.061877
0.076542
0.233119
0.509789
0.149132
0.061624
0.093465
0.096815
0.120991
0.122708
0.019035
0.28475
0.122348
0.107794
0.135291
0.133729
0.544836
0.538691
0.408295
0.388832
0.038772
0.061336
0.235416
0.241718
0.033486
0.035207
0.246202
0.236675
0.03349
0.036998
0.104252
0.103477
0.021932
0.031801
0.253539
0.276712
0.614814
0.708761
0.15747
0.150785
0.023332
0.026854
0.070952
0.06896
0.017906
0.01305
0.035504
0.035626
0.152305
0.142859
0.042184
0.045067
0.063254
0.06282
0.218844
0.288849
0.169331
0.166431
0.410421
0.618384
0.123877
0.133084
0.394315
0.079992
0.062299
0.087617
0.03038
0.035659
0.368786
0.238118
0.031175
0.032732
0.031447
0.032668
0.028671
0.023958
0.16929
0.206198
0.045509
0.043146
0.125129
0.120446
0.156225
0.123009
0.032
0.035751
0.213949
0.22433
0.039659
0.040822
0.038763
0.039529
0.340649
0.310584
0.142559
0.148922
0.047067
0.045897
0.179188
0.235725
0.498331
0.49678
0.291923
0.270781
0.08121
0.032724
0.020674
0.019919
0.039293
0.092775
0.239953
0.239828
0.032676
0.079406
0.032993
0.031327
0.041598
0.043554
0.023172
0.023523
0.567366
0.40682
0.034353
0.035106
0.035337
0.034835
0.199534
0.208095
0.039131
0.040989
0.023402
0.02084
0.03674
0.033448
0.053931
0.283174
0.445245
0.292752
0.039016
0.039156
0.02
0.019529
0.067244
0.060872
0.017187
0.018099
0.030534
0.03006
0.066833
0.067435
0.320524
0.4689
0.071846
0.04122
0.601305
0.125546
0.028365
0.036316
0.067261
0.066922
0.044985
0.049934
0.032702
0.046464
0.71581
0.80604
0.048697
0.050022
0.353234
0.297449
0.38489
0.377349
0.168144
0.034864
0.090624
0.091355
0.123703
0.123585
0.489353
0.683051
0.197206
0.16775
0.365095
0.251509
0.041013
0.041736
0.43941
0.11015
0.37269
0.487478
0.226273
0.22793
0.346104
0.343306
0.432792
0.424393
0.005657
0.004816
0.031105
0.03093
0.263971
0.324511
0.364089
0.370835
0.033556
0.034995
0.072112
0.071307
0.023352
0.021915
0.12016
0.123542
0.180594
0.295963
0.060048
0.062188
0.045867
0.690627
0.606377
0.692783
0.234269
0.214026
0.106229
0.099875
0.108427
0.063817
0.479453
0.08509
0.147105
0.319022
0.171534
0.15305
0.05444
0.046776
0.099847
0.125668
0.086943
0.085418
0.223404
0.277127
0.030462
0.027416
0.026872
0.027824
0.031866
0.029842
0.153962
0.143352
0.389831
0.462008
0.04683
0.048348
0.042981
0.044038
0.032168
0.028784
0.039189
0.084863
0.03769
0.034966
0.04675
0.044377
0.266387
0.409411
0.046276
0.042774
0.033907
0.091708
0.037143
0.036115
0.172084
0.168568
0.098019
0.049324
0.03593
0.102557
0.063755
0.101497
0.23033
0.238776
0.035609
0.041869
0.070884
0.043172
0.041963
0.042391
0.020746
0.02102
0.077119
0.085563
0.09257
0.098772
0.025716
0.030969
0.032759
0.348345
0.124458
0.126988
0.054049
0.053764
0.073008
0.061501
0.022912
0.020945
0.138106
0.099674
0.016961
0.016111
0.023974
0.025293
0.041258
0.048157
0.071847
0.070748
0.084022
0.084758
0.03709
0.044799
0.138315
0.39958
0.086197
0.086725
0.034825
0.033576
0.205731
0.093786
0.380416
0.420148
0.080403
0.175177
0.189016
0.2565
0.030466
0.031115
0.082299
0.08126
0.088051
0.0889
0.098463
0.091791
0.031369
0.030484
0.148763
0.163042
0.033383
0.034571
0.041766
0.037487
0.153186
0.022889
0.053435
0.054128
0.172089
0.06961
0.14695
0.147432
0.274807
0.272914
0.414981
0.283705
0.05489
0.050069
0.055571
0.028191
0.05126
0.053286
0.058876
0.053579
0.029388
0.032556
0.03053
0.026555
0.036597
0.02691
0.038666
0.038261
0.023363
0.021257
0.028696
0.02785
0.13732
0.138229
0.028399
0.032125
0.021489
0.020692
0.043173
0.038409
0.236068
0.229706
0.532708
0.698629
0.028452
0.031829
0.160958
0.15393
0.27885
0.41273
0.116703
0.218088
0.070729
0.072432
0.03142
0.036751
0.018033
0.025661
0.028017
0.030817
0.037655
0.021369
0.024039
0.022551
0.029328
0.035853
0.038431
0.040003
0.045956
0.55365
0.7251
0.60094
0.634284
0.622617
0.026645
0.027978
0.029088
0.032296
0.127331
0.134941
0.024033
0.02126
0.019427
0.026968
0.02799
0.029907
0.049613
0.028346
0.05664
0.060307
0.026684
0.028958
0.678607
0.572523
0.047419
0.045354
0.037207
0.033066
0.454452
0.454392
0.367966
0.364664
0.092383
0.043659
0.103024
0.098633
0.08322
0.083528
0.047854
0.044151
0.238275
0.22902
0.032223
0.032538
0.441236
0.451667
0.155053
0.203964
0.176213
0.254406
0.337464
0.351067
0.084914
0.143352
0.032958
0.036322
0.143933
0.160711
0.031607
0.034797
0.027841
0.037544
0.042507
0.065549
0.052224
0.066072
0.208917
0.020358
0.035156
0.039334
0.32735
0.323939
0.035868
0.037965
0.149629
0.101429
0.328304
0.165949
0.066967
0.062089
0.043388
0.038659
0.0557
0.058719
0.040632
0.040345
0.031886
0.032146
0.073221
0.072485
0.05043
0.025797
0.073156
0.071526
0.805854
0.974477
0.041464
0.04689
0.038122
0.039027
0.097423
0.104724
0.078487
0.0789
0.03415
0.032944
0.074486
0.06746
0.281933
0.279581
0.048278
0.039052
0.681265
0.699134
0.623094
0.50977
0.047078
0.055389
0.055692
0.191839
0.552981
0.367982
0.185498
0.189341
0.059081
0.060491
0.086943
0.169462
0.046799
0.063174
0.336992
0.348827
0.592236
0.604596
0.033272
0.031845
0.023212
0.021475
0.03242
0.031426
0.020898
0.020798
0.202493
0.062959
0.137262
0.039724
0.024974
0.02643
0.369774
0.363285
0.066858
0.068086
0.047778
0.084614
0.117482
0.115719
0.041542
0.044491
0.021969
0.022933
0.074386
0.072022
0.116959
0.103636
0.362836
0.348824
0.043004
0.167758
0.06558
0.077237
0.025331
0.209079
0.432
0.355877
0.027899
0.331641
0.268292
0.245044
0.030361
0.029896
0.07811
0.088975
0.058261
0.058391
0.131775
0.125398
0.114978
0.094818
0.240754
0.063654
0.155665
0.145502
0.055738
0.055003
0.429751
0.323886
0.037167
0.040912
0.015331
0.016692
0.087295
0.101633
0.048217
0.030475
0.069048
0.07181
0.313661
0.482847
0.147067
0.035226
0.380524
0.400989
0.028574
0.028447
0.109097
0.110874
0.460482
0.460945
0.050842
0.04757
0.02778
0.494119
0.048657
0.050262
0.510101
0.503253
0.04988
0.146406
0.038801
0.036366
0.013976
0.014226
0.027294
0.026727
0.024854
0.030879
0.225064
0.215597
0.030157
0.027254
0.019912
0.019497
0.019624
0.025143
0.258859
0.256769
0.037768
0.036159
0.19337
0.414536
0.716807
0.685445
0.202804
0.30052
0.054616
0.051872
0.04148
0.067291
0.025938
0.025334
0.050861
0.052019
0.134193
0.379769
0.152043
0.149188
0.286608
0.205333
0.308983
0.251043
0.196753
0.299813
0.070385
0.072505
0.020544
0.023536
0.023752
0.017302
0.475267
0.472726
0.034924
0.036282
0.03419
0.029613
0.033382
0.033548
0.03364
0.034889
0.034453
0.040754
0.053616
0.048372
0.030387
0.031684
0.220028
0.254241
0.023649
0.022898
0.062825
0.068626
0.032515
0.025303
0.0543
0.139637
0.208658
0.198189
0.037776
0.038029
0.047279
0.054371
0.029183
0.028217
0.019412
0.066555
0.062868
0.064905
0.032619
0.030621
0.048079
0.049976
0.049312
0.048308
0.370804
0.105112
0.090267
0.084059
0.033776
0.042569
0.054486
0.036896
0.05517
0.050788
0.012138
0.010822
0.066447
0.063945
0.040035
0.042225
0.347157
0.374022
0.035334
0.03025
0.508145
0.522738
0.122163
0.129074
0.057939
0.039692
