0.008030522543380044
0.016403727926271285
0.02039712479121462
0.004128544345750216
0.0593939958457896
0.0593939958457896
0.049822231491192616
0.02757070859702089
0.10985787053448161
0.10470600648453493
0.10330935651808067
0.08121567451818094
0.09223833966954237
0.09223833966954237
0.004181589393179472
0.030348171954619016
0.02700899066066616
0.026134270657969444
0.07727643256300495
0.043006936544405815
0.019124386726649917
0.027728154166368514
0.018507454695092466
0.03715449674512318
0.07436610977379474
0.09065807991490744
0.10188860027315921
0.10494712781424567
0.37058474347906795
0.5390813978709873
0.2535115576696864
0.1230163872238279
0.06299545783212222
0.06299545783212222
0.7072106933345569
0.6018224356018129
0.12065465476054439
0.11282380287718909
0.11975711160028808
0.14958181150892338
0.0705683341399106
0.09504259294080164
0.35206062852354064
0.5459899687466122
0.04409202379872459
0.06194762801886642
0.08577846437336342
0.07125201455867908
0.15183330413323815
0.10129317578625552
0.10200226276597854
0.1359002097649031
0.07824916196460951
0.16311781879944012
0.1903531108134914
0.2655904473371696
0.062165407657118546
0.11899939154172424
0.05541321666573968
0.06690808366328743
0.13573621439246675
0.1093823051893094
0.061341818622281837
0.07748159572282297
0.12374771354399867
0.06602157970783926
0.021763776079296998
0.010544243684922799
0.09282356569375766
0.03790776449360238
0.09226028929470272
0.10089959203036263
0.05957833509928818
0.12215491440937845
0.535081847571151
0.5850791400662655
0.10794219238442782
0.051434373428254875
0.05579466941026546
0.06225220274065545
0.592433912749109
0.4757925793275505
0.0963358393296322
0.11005298348310903
0.0011302685765792002
0.0006713618338430341
0.06127050714218979
0.11076941608086739
0.022898737052136936
0.036648705144870355
0.11414066477441144
0.08117450083760513
0.1622409112315104
0.23394738027486192
0.07143856657158464
0.04403104530030206
0.06979428524596139
0.07174491744794462
0.07085043726451441
0.0397393245482027
0.054091776109856035
0.06929390747299634
0.008863904431137168
0.02540736099695994
0.0682938636670088
0.05329196139871762
0.7257669949737869
0.6561597368764148
0.5619026393314362
0.5270379191605593
0.8370397720218352
0.808507646568948
0.03660125214444674
0.0774848425430684
0.04225391230028145
0.013846933000156615
0.10060294659204765
0.06767648864280729
0.04418828358838082
0.08786393070716464
0.0741991845371253
0.09839240692220588
0.13378340128030927
0.050165859771290816
0.03841267063870763
0.045918418212819834
0.03418690579049414
0.0658884187403923
0.05362978544679857
0.030694429063367036
0.0034732619248601703
0.00825944434062332
0.0025778549796680616
0.0034274909046861654
0.0023329883561353797
0.0068589384137339926
0.031169602484290296
0.04037208280004426
0.12797266518062053
0.1780176979847706
0.08141508816631085
0.10675837622615704
0.06996796874893833
0.05751507776491497
0.040901553186596246
0.02598076731224076
0.3339942052321463
0.3238955864862499
0.5038443856690817
0.2741809686204079
0.15002070049013808
0.12209859831341859
0.0959489318508542
0.057791086795152956
0.025746496129162626
0.029790691164692056
0.9766381761600466
0.96851331884716
0.06942375605255292
0.10201425715614337
0.6622822034956757
0.515724188192086
0.07926130835416184
0.0868158648922461
0.10593936922826407
0.03644083702190045
0.057518573769171646
0.04216156674952422
0.014952208631943003
0.028882861494136196
0.05065986847600361
0.06156829320840688
0.024315533724781305
0.06343725246838652
0.09005250462909792
0.07803019648583134
0.05689187833033676
0.09428646524628019
0.5618349656961412
0.3119227914010444
0.5971498444998361
0.5353195115274451
0.05324174145504255
0.09810532396403296
0.7330210043465604
0.6792818987831513
0.02736818298595815
0.026605141667365884
0.014895000384263167
0.00865246458083021
0.6213832710367478
0.6691011184504932
0.6787440825810027
0.6101766593479621
0.12424953897080511
0.1830434199326103
0.4724238983018785
0.2738437074093722
0.11535057608818419
0.12339971321923299
0.18674648051551931
0.16666922555370972
0.19244829413985454
0.18337192435753083
0.11161405131224962
0.11174884109257632
0.5717784906819224
0.595569292264854
0.14637982948402506
0.1980765882026696
0.029121484547803465
0.023678729168439425
0.10270331340106174
0.13078574291026893
0.20865005664323447
0.2797154242098383
0.0507335646856795
0.07778515439865462
0.00342008655243849
0.0031356622301935665
0.03065380684099502
0.07160581739916953
0.3371888099602652
0.4937536119766229
0.05057797695233307
0.029221037668197343
0.8767005837414751
0.9488903138485144
0.009304701806408846
0.0037724022900821313
0.8422490621422815
0.8971757581227232
0.01599081014656956
0.01987098781620274
0.2544715560537296
0.22933808978162193
0.038251489981974064
0.012169904810206548
0.345130717040979
0.7517187923860048
0.02125901794423435
0.023562503066698114
0.04394683570723133
0.05988918138749608
0.10132973805296337
0.06650708225773758
0.023471552137350072
0.01520946230903904
0.1043412494787505
0.2517149564386105
0.07309396940634592
0.08320545299451867
0.06939284237901976
0.07789553995443899
0.09885864196050109
0.08127542776305338
0.18411992549873846
0.278159756884223
0.08976447111977205
0.07971843527681491
0.09393509614448822
0.13505563009073085
0.39640869304193355
0.18860201948922667
0.3521434938513987
0.5849301040575637
0.04648547288010051
0.07065510578811111
0.1260793503579588
0.062186306398635524
0.29139430387181847
0.31064554320058213
0.10202404944662301
0.1272996997930887
0.07298626735291946
0.08370119846408723
0.14934027525731491
0.1304927035826704
0.08878816874609542
0.11169375665314485
0.16846564262954863
0.033476967907066904
0.20603522216630552
0.19211985264377263
0.25480202456322953
0.25480202456322953
0.56441660938005
0.6720913059950399
0.06920973535790988
0.1141112154035352
0.0619860816401636
0.07434384235823922
0.30707584526504084
0.16721776694311877
0.06589065416708001
0.06255492086062252
0.05035003199418769
0.05122178153788123
0.051491561466768955
0.05247636330748049
0.45586644987528546
0.4728211843133281
0.8999027904970238
0.922716783645257
0.08981767094464276
0.028090296819645137
0.2828228191993834
0.12435871624315967
0.223359344993846
0.31155077771203443
0.8217698001752077
0.7772700196325584
0.014885493086975421
0.013006116130830553
0.14876292753946563
0.04280317125657429
0.045771507371208664
0.029097336359852535
0.03914970436985565
0.026136596564191834
0.5012021018953846
0.169061210841005
0.036888463200841784
0.03802113342890059
0.08020313939194111
0.03760045655107036
0.18401235122761073
0.10486663076773856
0.09407517061424092
0.1164034961853665
0.06587875527587524
0.05222764134938297
0.05756450959317372
0.08413224277446815
0.040154199002208235
0.05508419525909759
0.03459822269061789
0.03436446952070468
0.05226338646043065
0.05697521235363356
0.6320345702929586
0.07942101914173637
0.061353443706618965
0.13331686591650646
0.07231175619693013
0.09707955873124628
0.4688480032605463
0.6203076096018889
0.1448423678785781
0.21843890018400555
0.2688709311839316
0.28922924408835865
0.04735988784275122
0.06545677630089695
0.11326532840546649
0.13389430397831795
0.07395452927576968
0.07439912750714929
0.11418653940153149
0.11459015346271241
0.08809433208104053
0.13462687376696209
0.19878787669437661
0.2560550025085622
0.7457467126080576
0.6161206802470869
0.05658212840822876
0.057342161031596214
0.34939121309045734
0.3774434767880049
0.049465361779397546
0.051039894999136186
0.048773869117176065
0.053594625733474836
0.06786976974553544
0.06336652597664698
0.044305654988440794
0.06152306106122277
0.12546757262388303
0.06941819816100431
0.09155102246411122
0.09866524690463438
0.15713481275674254
0.18318420183898296
0.09041535044600074
0.07448536336058541
0.07671285579847234
0.08477331867968492
0.006314166674726577
0.0050126124067936114
0.5149484870538614
0.10506240187786509
0.12717629618795281
0.12697355968937968
0.05145877474740943
0.046934701506537994
0.06410226984181608
0.05994524282782996
0.11674157135822621
0.1989241138273395
0.059196085843123095
0.050691481615401913
0.1349244626157697
0.21255032828024495
0.09575380239029554
0.044186536331774766
0.7112578801471972
0.8727747648141024
0.5445705315856576
0.6180267640822643
0.08858427629687189
0.08871636764169907
0.04624550913505476
0.03338582866627476
0.22364466274980283
0.26796165204886446
0.1632452902493308
0.08539779011418996
0.1380492085667678
0.016192033397811823
0.04987443815001991
0.04415359326254583
0.026033400411939137
0.03336621451605168
0.12585779453819784
0.1104284314737601
0.034457678206286854
0.1861746761503488
0.18553430911126023
0.30510450750825485
0.03402196501923155
0.04639185809449707
0.08146249154264763
0.08923493201057703
0.06663286402452055
0.15276421252169328
0.05924647765627839
0.25544289895927497
0.04890080936762566
0.07117883229528797
0.15486558188100108
0.11153654877184953
0.07874572489436525
0.09903760745014975
0.03969247343282238
0.05687682525929455
0.07783508334672828
0.06753069284809116
0.05488296633601488
0.1119327988607923
0.3069713271355853
0.24042241486418764
0.01663513031456565
0.0632223503291173
0.13677239886921846
0.08675797652969258
0.9784997495506311
0.9534375064314503
0.06363578482481326
0.04328502418808117
0.9108628576498685
0.8434789343061139
0.023440014913620275
0.03422119116620236
0.027603208580371245
0.04299929939165309
0.08923628536477417
0.03888881606870958
0.0915074631598958
0.05483985554413183
0.041861746388299065
0.02515679421449984
0.7360413082610485
0.3524507489404765
0.27074718565611183
0.556051558937847
0.07330562736524016
0.07872598629629114
0.21313920509040626
0.11576431979935949
0.11767051392381611
0.1012871012607999
0.10499255480678342
0.1087596064849192
0.22728452015351602
0.1886623143263085
0.18497734041938935
0.1378508489756579
0.7316166161809382
0.6772876968274575
0.4851283560440816
0.5045105738816513
0.08076112739402003
0.05601147089986333
0.3053164990711121
0.29990019262042145
0.6089538609678028
0.27945038356690205
0.11798050698860671
0.029023609205277242
0.4306505639288298
0.07587189861617741
0.12673844938754228
0.07854636777081328
0.10799890129851489
0.10799890129851489
0.06469953528928506
0.05094175366825379
0.06431306203800759
0.07241690897428495
0.04487215873677912
0.05683339488519865
0.5574125582558981
0.33203670114733336
0.10524368810609652
0.05612729657184687
0.16230983773157567
0.1471650699673773
0.41288247267376393
0.3712100401371033
0.04754092364986606
0.05535041672728214
0.043777780438636844
0.0238452765071846
0.15431216922220348
0.24475735722564818
0.8277182326865989
0.6510687800325113
0.03877329306057581
0.03615386685994121
0.12077993090210476
0.10000329807048132
0.7561413296671886
0.7154089568008484
0.06646731709533127
0.08252155482920662
0.00022598686635368995
0.0028815146475913754
0.15556085309220874
0.09086980937538061
0.2224295204286003
0.06854794932421834
0.09268488907118089
0.13933875653961766
0.06441671446995618
0.028138546886416104
0.08186219731440081
0.11994750735440608
0.04469918922974956
0.08197670166949844
0.04319095464896774
0.05201430499766125
0.030165709990509607
0.04325897040219236
0.09132806506093118
0.10697731573088276
0.15114985465798608
0.2057416619958451
0.048444523310843646
0.0676421762160244
0.25294674722524696
0.26108075077142584
0.053162283673253034
0.059206721637651956
0.0507222527007392
0.08914786300950184
0.13821374095883326
0.13508166091353674
0.2903012176009137
0.17969134197194045
0.06781629609595063
0.06342879714765065
0.08480204354624073
0.09723267877215946
0.046614239109024944
0.04741754672219213
0.044958790122160995
0.16744941456332807
0.1393582987189521
0.02323555815095772
0.034258633769871
0.03196837675101453
0.042818359758098064
0.04200856684742333
0.04513660314519172
0.052951693501585184
0.4452070267224239
0.12933811582871463
0.19413449190397805
0.2659803451647006
0.05532506633077901
0.08145745159335936
0.07684394165750554
0.0632502920403519
0.8575437191678177
0.7526337856320493
0.30173158294798097
0.6098962441059984
0.9738962651811661
0.9533196761598007
0.29840405040222157
0.11470194677400457
0.07304285732951654
0.06693306283658812
0.12190585302571089
0.09453336039977903
0.10412379879803528
0.1272360657766537
0.04062179793996534
0.07236338793359218
0.07298626735291946
0.04233878243420135
0.21304398619816534
0.10305050596563545
0.3453090568645738
0.28002837856181934
0.15371446077077847
0.14866280897184933
0.04710229554826757
0.06905734950884788
0.037545745140893115
0.029144471666539433
0.7240615903669521
0.7548275516429533
0.30964518533710406
0.16741394680493044
0.14371128866790675
0.13047932857966743
0.5148350008843753
0.3953105212512641
0.39958412141436406
0.29161185029580905
0.12346977360672583
0.11697447079666562
0.053279459813677155
0.20796219794505524
0.017809233068305567
0.02545490897130863
0.9573305864238233
0.962478822097674
0.5775730421552171
0.584629287255498
0.12491511585756877
0.0734808455443877
0.04933848569548749
0.033055704664273926
0.05724370292278503
0.05724370292278503
0.04066295509042246
0.0505412487980267
0.7815156928099061
0.7773653302139523
0.35513626933594045
0.5546643197399292
0.0693294608178874
0.042046449208726175
0.04838334545831805
0.033300877086788985
0.09722158231477887
0.07058937095938586
0.12528796981596366
0.14549399774518545
0.4815364045098464
0.6309043874285843
0.08229338653911832
0.0540873617139654
0.2949430581506898
0.2966010732321444
0.041843647797486644
0.055186266480352415
0.9017137794371358
0.9634525373959378
0.35556207566427966
0.32028893256004953
0.10284820609887702
0.09106366166448115
0.06861708580344003
0.11455135693508818
0.13447741287036077
0.22580862635609986
0.15394620700146106
0.1401840632102046
0.3013076985436677
0.3333262742424041
0.020393460132118936
0.021979398179697608
0.06728816637744293
0.08048365327927114
0.09415358414633646
0.039346325025078135
0.05908717798146185
0.07361277788236584
0.8718333873026516
0.8624655936450979
0.8550128749656066
0.6485994951316589
0.13060633360701152
0.12897096098366334
0.5219314651833886
0.4999463520939961
0.0023523527873318367
0.002146082133908743
0.5422204777923474
0.480551967534641
0.029796767135874435
0.03655497368906505
0.03264358331385537
0.03537214472157692
0.0892071388757837
0.1093978117467326
0.7300871735865503
0.8157862968379522
0.16655899348221753
0.6098332242467224
0.17331933006102967
0.11370634539096457
0.27601015167191406
0.3062623310665597
0.008396528273329842
0.004664142035269483
0.003819735155331017
0.0019666934566035833
0.05151808161092215
0.07707432385270879
0.16170078172321034
0.14309588672344775
0.0023300348006096024
0.001489715775505717
0.19282239596081913
0.15261639317728387
0.6958226297073539
0.3179476504950743
0.09507634969314159
0.017465096370413928
0.37865160362231637
0.3222084683084638
0.008705625436517272
0.008844217237388175
0.08524770770208447
0.0871498479317115
0.4159568390516352
0.3194553255887396
0.09388674674690115
0.07085111892335688
0.01688697469807053
0.03958523490822213
0.16700392479863618
0.2367928810197622
0.195925915838458
0.1807379912017068
0.12368329061762783
0.17704619519386866
0.5102269354486733
0.5336951288880791
0.30953899920967015
0.3333201175873752
0.0013671105031292932
0.0010807902364446365
0.29891314123198554
0.12522971809610053
0.05791016274711549
0.04940791653955867
0.029067201852847564
0.02616082623202287
0.699459473341714
0.15264137483509277
0.08474817875760311
0.2100181647404421
0.0765063082585274
0.12540154847303364
0.29615493406769094
0.19823169008414535
0.042372802002174956
0.007654637739524723
0.05349725578753352
0.03837495307328526
0.12274110974552054
0.4611428975206474
0.17047514430328686
0.17214659113613576
0.03603826470140746
0.011842064499165304
0.4002502178838293
0.15090330817505523
0.10201231850094485
0.0979023061236559
0.055454515724007176
0.10069144649972894
0.8800191320237553
0.8800191320237553
0.06176688225079584
0.12446651754383746
0.1682394727473437
0.10900226539193103
0.09732764707741796
0.07635277834360887
0.022897967863960256
0.0332117748713223
0.06063610710921733
0.040620169649541855
0.01993032310303063
0.02006465961839368
0.177200827765212
0.07886427319595501
0.03477296391537831
0.05139192186328667
0.05168410787367062
0.024419101839406
0.022933741351160337
0.023322354343025993
0.081895161890558
0.21526163216279162
0.03891586034068501
0.06713945025892024
0.10987616538065123
0.1025334043175651
0.1323642535311764
0.09585508236506067
0.13742240132587857
0.12430164415405914
0.015438601896817197
0.007852054486881324
0.02604619577693112
0.0401052901673059
0.4325838285627226
0.37879521202786426
0.12010257704410601
0.06614157944720765
0.02947170883487168
0.03220356159833905
0.03918064664051513
0.08413049749795605
0.06399165906766648
0.05839797734267975
0.7554180276688951
0.5431926799244838
0.0006475646335935101
0.0007573399243468462
0.06549341248064511
0.00977259952217607
0.47635478206966203
0.17920819460621323
0.013290367084573916
0.012647155001474907
0.360839749070882
0.4670551724400147
0.23816427821887393
0.1720446571607112
0.6321296067534947
0.8159184412042124
0.07376917352619913
0.0368628297522015
0.08498058500284196
0.046842941459935825
0.39693857339666805
0.5925769489365775
0.06404301395285837
0.056501740554628
0.6448381937803558
0.7280136121633831
0.11177178956020921
0.07855664514500124
0.6869021899288011
0.4657376107035602
0.08896720117672627
0.08416075931871098
0.13358035999479492
0.09640691097924721
0.6905217085642702
0.6070497993151418
0.1847082023927646
0.34439652297488477
0.5697468726293858
0.6404564897920643
0.059765653916291454
0.06755506609162268
0.9627933949722322
0.7150212047598549
0.4503423568238056
0.3534807784028035
0.16612940318498837
0.4727058231881222
0.14535716070391733
0.5275837321116421
0.17220024450134222
0.061538228408274956
0.09933690022448292
0.06956942537680148
0.46396331790991713
0.24366708596294734
0.21063954837341647
0.1848492211166733
0.3961944191259978
0.20591258765090864
0.08277420901359295
0.0791077963641889
0.1154919360813207
0.11081632191810732
0.967499249339787
0.9747237515368482
0.18267575362724991
0.17334307479089128
0.37317382130260734
0.6715798939474208
0.6224711878654993
0.6435123022792211
0.10675127307138413
0.03513388226544653
0.007636892716437975
0.009538200761661685
0.6955639685126621
0.4038928074765488
0.05117530262637055
0.039086984841077976
0.07325656665734864
0.07562956365540767
0.7699348092406711
0.7541145938810253
0.10846194857073042
0.0972702990956724
0.3916786257997376
0.4718776062547491
0.5354726039586242
0.21156190322129503
0.8984468057870851
0.8717328093811167
0.11009816769355137
0.10788012601995182
0.033808234673542874
0.0666191521477076
0.1425234230498382
0.16710164652214937
0.501401209754376
0.46801550717933005
0.048662243239775145
0.045271339570445344
0.010133318812855228
0.01298144589644319
0.039109256018945555
0.11838836290514052
0.5617949708012732
0.3086287123788203
0.04884253285376637
0.04835414322317221
0.3574103345551719
0.20430940349493124
0.013435031768562433
0.45215602073970296
0.3227377366525862
0.21920529412570786
0.08926852797303254
0.05766231304944948
0.030345774362108523
0.06613393920090704
0.026653245518944678
0.00947615015226892
0.44080723794168447
0.5410845625244295
0.7306301140921057
0.7416035820774458
0.20459084333597463
0.21212703585359224
0.015359410571349246
0.016351128911696853
0.8109797352379297
0.15146950817802504
0.1356163243241094
0.07370046843957563
0.6594146099405657
0.44286829913938414
0.37776149785302815
0.6912055075772932
0.8343444802140288
0.01385495877581119
0.9661082322352802
0.9499170631414211
0.1361613628806675
0.1356642651967251
0.11052296366476523
0.07042316879633372
0.6602801711769783
0.6742080586305125
0.7508888942227622
0.8463908007522768
0.7848709113013969
0.5506203825525617
0.05269699228647789
0.06782394573324158
0.03969941529491249
0.03230030939523596
0.17604107927281828
0.1451815966692047
0.2137042234724309
0.2713535083084536
0.031450382420290655
0.1343475836832038
0.15338572492183208
0.13051389453145668
0.16462938118124013
0.11299519792321655
0.12860400071289016
0.09402461702848273
0.04598115048483118
0.03941997569461146
0.19826828411149772
0.12793054647988433
0.678221946596964
0.5198988279202691
0.5075508752331314
0.11672852251980535
0.0016733830685107638
0.004279132857713206
0.6612754444058291
0.6700657648147995
0.12045279545293264
0.07965823596168546
0.1280132184890578
0.06911348691997975
0.5169921640981774
0.25804003132226744
0.38543627715562295
0.23862040564890658
0.04263935940395869
0.022240393143255995
0.5158298327785587
0.508136725165365
0.523710884208497
0.2558430330176593
0.5499053921471032
0.6104501984224686
0.7938709170412176
0.7502207087427482
0.07701526368683648
0.058621441151129314
0.04469157151423599
0.07006350568966062
0.13875320897403928
0.19126985123761955
