0.189613
0.164137
0.243148
0.237022
0.154246
0.167105
0.210515
0.207768
0.456369
0.422607
0.140725
0.142322
0.303608
0.303246
0.1332
0.142024
0.175848
0.181859
0.207568
0.218511
0.123746
0.12291
0.607836
0.45928
0.728311
0.749009
0.353123
0.35199
0.384022
0.431641
0.216969
0.371915
0.217186
0.229603
0.228575
0.221011
0.35641
0.369776
0.168111
0.163191
0.138029
0.138591
0.167512
0.168847
0.492018
0.386072
0.06983
0.07343
0.223746
0.216346
0.193707
0.199215
0.18883
0.175719
0.240628
0.363208
0.386143
0.359491
0.18578
0.160125
0.149084
0.14151
0.149997
0.149854
0.548695
0.550177
0.194834
0.204912
0.248581
0.320433
0.17181
0.172982
0.315501
0.367805
0.10365
0.119355
0.181129
0.214436
0.320378
0.336465
0.546606
0.54375
0.160352
0.157515
0.090885
0.097288
0.138424
0.137941
0.171187
0.183898
0.183551
0.181917
0.131681
0.138814
0.373621
0.375247
0.179878
0.181459
0.18137
0.188613
0.151228
0.150117
0.599931
0.571632
0.177141
0.174491
0.096729
0.087563
0.142792
0.145482
0.08071
0.079363
0.09333
0.099728
0.138902
0.145159
0.389995
0.409631
0.122366
0.124811
0.269489
0.273109
0.438382
0.437273
0.367268
0.383764
0.140133
0.135675
0.120847
0.119086
0.273713
0.258265
0.224394
0.230301
0.158048
0.149934
0.328301
0.306759
0.187529
0.183188
0.115112
0.131201
0.266754
0.28202
0.155617
0.15474
0.467791
0.48031
0.249364
0.249443
0.745866
0.749129
0.273316
0.287117
0.300991
0.299743
0.290359
0.293619
0.314127
0.284488
0.224645
0.214915
0.130694
0.127684
0.208649
0.216519
0.459482
0.522782
0.104455
0.112709
0.154582
0.154951
0.171376
0.162856
0.262663
0.261977
0.147252
0.149669
0.358406
0.3475
0.64825
0.653449
0.467636
0.473636
0.213519
0.210395
0.22211
0.202642
0.634474
0.634232
0.702968
0.697642
0.19641
0.190106
0.401274
0.395669
0.18118
0.183427
0.14742
0.151502
0.300746
0.263504
0.131054
0.135858
0.240066
0.201853
0.368714
0.366205
0.142184
0.1539
0.139105
0.146563
0.195671
0.205011
0.141126
0.139228
0.128876
0.121155
0.340437
0.284874
0.413035
0.393804
0.124096
0.122567
0.383789
0.33876
0.239972
0.245414
0.205313
0.19405
0.156805
0.149883
0.608709
0.607452
0.135432
0.129403
0.677037
0.685636
0.178565
0.172981
0.194574
0.191543
0.33147
0.321876
0.245641
0.355309
0.304622
0.31768
0.248732
0.310646
0.072856
0.068875
0.314582
0.319796
0.252851
0.241722
0.141669
0.140112
0.613821
0.683668
0.378945
0.37357
0.316107
0.329972
0.128154
0.138287
0.189389
0.178381
0.393202
0.395526
0.187674
0.189132
0.373674
0.37354
0.20794
0.205887
0.139631
0.156905
0.206218
0.192499
0.116088
0.117171
0.297085
0.289683
0.374328
0.196464
0.146217
0.141839
0.289016
0.263807
0.224214
0.237107
0.129278
0.130805
0.188543
0.182567
0.313311
0.341268
0.167675
0.174163
0.35454
0.344231
0.237956
0.254195
0.467133
0.47602
0.214519
0.219235
0.145954
0.14414
0.181343
0.176081
0.198159
0.205032
0.221038
0.212038
0.151125
0.165182
0.31372
0.325242
0.131317
0.13406
0.213528
0.273722
0.227595
0.234112
0.283929
0.301786
0.341007
0.32749
0.215141
0.213732
0.185323
0.191342
0.207986
0.2138
0.231198
0.202087
0.192476
0.187544
0.248728
0.277297
0.148063
0.145969
0.242249
0.24134
0.402724
0.328614
0.173096
0.224951
0.314044
0.314116
0.246059
0.283723
0.735139
0.743868
0.377024
0.379275
0.18245
0.249963
0.147358
0.138651
0.309373
0.314588
0.117059
0.138918
0.158952
0.155449
0.424014
0.422815
0.210827
0.214506
0.219618
0.253998
0.221846
0.223964
0.155685
0.142433
0.150832
0.156341
0.339912
0.35651
0.280664
0.293451
0.384269
0.371729
0.254777
0.262389
0.20719
0.200572
0.141669
0.139261
0.151569
0.152343
0.483464
0.486762
0.423991
0.427693
0.220027
0.245562
0.14714
0.151308
0.1924
0.186067
0.309663
0.314266
0.213935
0.225096
0.539396
0.542387
0.11748
0.111746
0.414337
0.417996
0.193243
0.191344
0.226276
0.222748
0.46757
0.457308
0.218408
0.217952
0.301066
0.210885
0.158275
0.162013
0.335542
0.357897
0.179355
0.163268
0.254267
0.264021
0.346498
0.378342
0.156387
0.151719
0.564903
0.552634
0.226567
0.232352
0.336779
0.333707
0.295946
0.284334
0.334873
0.315719
0.206293
0.211171
0.268507
0.258752
0.188086
0.187322
0.196342
0.197472
0.764289
0.740822
0.627244
0.624095
0.154274
0.182317
0.686976
0.708923
0.515141
0.540012
0.290504
0.292057
0.504473
0.496323
0.182126
0.172273
0.348189
0.35746
0.262254
0.310177
0.255702
0.263494
0.423069
0.435361
0.23245
0.21098
0.243451
0.243261
0.119051
0.117605
0.250567
0.225955
0.264567
0.270908
0.185949
0.193562
0.263796
0.268128
0.266564
0.278861
0.134017
0.130482
0.138597
0.142688
0.227861
0.221699
0.224091
0.220892
0.121588
0.120143
0.4657
0.471056
0.186818
0.185141
0.338569
0.299329
0.196477
0.209714
0.217742
0.251936
0.118398
0.108719
0.224147
0.298448
0.144689
0.146855
0.197015
0.164851
0.46955
0.398919
0.11428
0.11529
0.158338
0.152744
0.14213
0.145945
0.139159
0.163813
0.174265
0.167688
0.362429
0.401316
0.398662
0.418476
0.331437
0.24259
0.218487
0.269791
0.477893
0.478757
0.453387
0.434535
0.224964
0.232136
0.166781
0.166878
0.172368
0.166381
0.211436
0.277891
0.189338
0.196809
0.413943
0.415122
0.096929
0.096508
0.129327
0.12777
0.312678
0.318059
0.121186
0.100875
0.191094
0.18181
0.203346
0.203665
0.285968
0.264199
0.243661
0.239031
0.261199
0.290624
0.359131
0.445086
0.749775
0.72766
0.653896
0.674874
0.211487
0.2048
0.179007
0.168125
0.289313
0.271179
0.365133
0.412735
0.271513
0.26338
0.177531
0.182188
0.286832
0.295577
0.117771
0.120156
0.588029
0.593877
0.166756
0.167888
0.282861
0.290761
0.196678
0.201067
0.192745
0.186023
0.182296
0.182168
0.327919
0.31071
0.144801
0.136907
0.287144
0.266395
0.554611
0.549103
0.261649
0.258586
0.59892
0.66851
0.571575
0.573639
0.319689
0.316314
0.117992
0.118647
0.143067
0.145218
0.342481
0.396178
0.157091
0.127382
0.160734
0.194811
0.36167
0.357422
0.304469
0.283245
0.191768
0.233899
0.149397
0.173679
0.32475
0.324293
0.191709
0.191563
0.172394
0.169013
0.461507
0.494542
0.29258
0.280178
0.237787
0.24522
0.161794
0.15269
0.482681
0.421722
0.209022
0.218224
0.179688
0.18655
0.166621
0.157511
0.173658
0.162623
0.259778
0.260361
0.122847
0.155985
0.168301
0.178783
0.403552
0.45111
0.258709
0.247901
0.549961
0.531967
0.385209
0.584484
0.211938
0.210175
0.218302
0.224666
0.177524
0.170918
0.305017
0.305783
0.244703
0.24647
0.300991
0.2962
0.234679
0.223676
0.237205
0.233201
0.122727
0.127037
0.188408
0.187017
0.283175
0.2708
0.415781
0.394926
0.361343
0.352745
0.191474
0.247019
0.267781
0.322192
0.279756
0.277691
0.217559
0.211368
0.501196
0.500913
0.47521
0.479792
0.146829
0.179868
0.146491
0.139244
0.348746
0.33891
0.571228
0.59245
0.207559
0.215328
0.192269
0.193348
0.226965
0.181325
0.092996
0.10579
0.179564
0.187383
0.354171
0.351798
0.287435
0.297949
0.487117
0.479048
0.767237
0.797493
0.352936
0.372351
0.167589
0.165884
0.330915
0.331298
0.120436
0.128942
0.122876
0.118339
0.10368
0.090998
0.139447
0.161681
0.164643
0.175632
0.268608
0.275462
0.269823
0.280794
0.225894
0.219404
0.425156
0.437432
0.58284
0.579969
0.606929
0.620319
0.218134
0.215984
0.151724
0.129156
0.28046
0.28982
0.536611
0.54292
0.223477
0.22474
0.209963
0.215779
0.221006
0.224102
0.117823
0.118269
0.203247
0.225571
0.316978
0.314049
0.162223
0.167821
0.230649
0.264476
0.501066
0.505084
0.188494
0.188054
0.213593
0.208328
0.785946
0.797535
0.126949
0.122527
0.728964
0.726995
0.217264
0.223916
0.149978
0.138409
0.232698
0.223579
0.204153
0.203231
0.282906
0.276335
0.495032
0.499256
0.280908
0.308928
0.161492
0.173662
0.425685
0.41913
0.184153
0.2073
0.104045
0.104933
0.247317
0.243607
0.255029
0.219104
0.379666
0.378363
0.22776
0.228444
0.208395
0.205999
0.177161
0.175871
0.148544
0.166982
0.167481
0.168235
0.206605
0.210096
0.258851
0.365806
0.230307
0.22446
0.128796
0.123129
0.137098
0.1308
0.430185
0.433532
0.238359
0.232975
0.201093
0.202142
0.309181
0.382753
0.157841
0.156502
0.173611
0.171737
0.181995
0.182243
0.150062
0.147629
0.191823
0.188263
0.26757
0.240518
0.271789
0.320881
0.137998
0.140447
0.201755
0.196476
0.644808
0.678711
0.200027
0.193934
0.150256
0.150671
0.136587
0.127481
0.191877
0.179033
0.442395
0.425851
0.239434
0.244695
0.236326
0.241223
0.611359
0.639572
0.443865
0.447237
0.428248
0.4221
0.21272
0.209079
0.383728
0.362168
0.289121
0.272766
0.145656
0.146149
0.151873
0.153986
0.253765
0.257039
0.057781
0.057741
0.135694
0.126964
0.234898
0.248248
0.165971
0.190554
0.283862
0.269594
0.189857
0.218675
0.753475
0.744518
0.59509
0.944232
0.497218
0.487343
0.115697
0.120152
0.27044
0.26822
0.80693
0.794486
0.290971
0.299881
0.352834
0.397407
0.762885
0.766871
0.493008
0.49609
0.535635
0.535325
0.638068
0.610946
0.198199
0.186319
0.237673
0.234123
0.546447
0.57187
0.342852
0.431238
0.377777
0.368315
0.145976
0.139137
0.493431
0.467711
0.383352
0.37787
0.424434
0.424699
0.385569
0.347607
0.157128
0.159197
0.334274
0.299176
0.259698
0.271194
0.310153
0.317315
0.233533
0.215717
0.329258
0.342796
0.242457
0.251746
0.274049
0.275378
0.42283
0.494531
0.465138
0.330551
0.130453
0.136406
0.249203
0.33336
0.227681
0.294357
0.261467
0.231928
0.319772
0.376188
0.320183
0.260908
0.693969
0.686322
0.292121
0.363881
0.46655
0.470884
0.399476
0.427498
0.216721
0.217406
0.36064
0.364568
0.228986
0.233137
0.259983
0.250553
0.477742
0.476542
0.318389
0.320369
0.342727
0.362399
0.775236
0.760172
0.48798
0.496609
0.244459
0.224105
0.368864
0.567008
0.455295
0.452874
0.14593
0.135158
0.798408
0.803131
0.679685
0.654476
0.232748
0.211471
0.195974
0.224483
0.828793
0.916124
0.333543
0.327578
0.134227
0.135824
0.25286
0.260331
0.228144
0.27787
0.175197
0.158422
0.644619
0.735712
0.435327
0.38683
0.299468
0.299555
0.143569
0.145148
0.525865
0.523258
0.317601
0.322499
0.422814
0.44635
0.623157
0.599835
0.180498
0.165367
0.446847
0.438258
0.843732
0.741917
0.237689
0.211307
0.148503
0.151848
0.182966
0.190514
0.800996
0.799952
0.59961
0.609503
0.53472
0.551314
0.208244
0.221667
0.244348
0.175647
0.142505
0.139139
0.652533
0.688491
0.410588
0.402992
0.17991
0.218815
0.149991
0.164572
0.65297
0.642467
0.245845
0.258637
0.249615
0.231776
0.365215
0.502659
0.175441
0.175548
0.242563
0.230232
0.208194
0.195068
0.26588
0.29853
0.282413
0.29127
0.280939
0.277151
0.501577
0.49777
0.456085
0.456387
0.171476
0.16802
0.173964
0.162078
0.396606
0.332118
0.389625
0.37629
0.180275
0.179475
0.413661
0.453648
0.236319
0.223753
0.205512
0.233179
0.177818
0.180794
0.963149
0.934581
0.329634
0.330962
0.268461
0.259091
0.161586
0.166492
0.308927
0.318392
0.221221
0.223225
0.214226
0.209152
0.226281
0.224792
0.19488
0.192536
0.388596
0.418591
0.144125
0.121748
0.224691
0.19972
0.339429
0.341623
0.852066
0.861982
0.918239
0.920197
0.347242
0.338225
0.25015
0.242418
0.237013
0.235575
0.145053
0.146327
0.274503
0.275186
0.233371
0.259203
0.544473
0.553875
0.223032
0.223949
0.254813
0.231603
0.223437
0.226756
0.295455
0.291406
0.466123
0.507377
0.871315
0.845143
0.178198
0.179122
0.40246
0.398141
0.256754
0.258561
0.442072
0.421186
0.828022
0.822669
0.470901
0.475972
0.348282
0.342869
0.125183
0.116811
0.297241
0.302816
0.356682
0.350592
0.919111
0.922623
0.222276
0.21635
0.584798
0.609697
0.273871
0.262115
0.343016
0.395501
0.267991
0.281919
0.195013
0.198892
0.232928
0.223913
0.337187
0.294092
0.363418
0.365617
0.304428
0.305351
0.671398
0.65446
0.54382
0.527982
0.314639
0.312302
0.101954
0.08643
0.155563
0.180546
0.159419
0.156824
0.444415
0.45583
0.161707
0.154276
0.172086
0.16391
0.706372
0.845141
0.215556
0.226912
0.417907
0.409442
0.38097
0.404775
0.575684
0.544865
0.362591
0.393302
0.57286
0.590359
0.276161
0.255047
0.168237
0.159773
0.331718
0.39474
0.384872
0.392312
0.537297
0.538562
0.173479
0.129614
0.405337
0.388414
0.153161
0.157731
0.153957
0.148041
0.321655
0.32384
0.230854
0.217196
0.117779
0.109356
0.403539
0.416152
0.214646
0.21597
0.198659
0.224847
0.242778
0.250009
0.932678
0.927865
0.158443
0.155169
0.789438
0.785364
0.463697
0.379724
0.25507
0.254537
0.350487
0.352838
0.206174
0.208298
0.182538
0.179255
0.259442
0.264283
0.253842
0.256711
0.173811
0.169048
0.41658
0.400106
0.150793
0.151652
0.892396
0.891346
0.358807
0.360711
0.499584
0.514475
0.178578
0.172257
0.339226
0.34713
0.286493
0.29398
0.621942
0.588839
0.749465
0.758749
0.182553
0.186156
0.29836
0.299189
0.235091
0.239701
0.601354
0.631408
0.356002
0.35002
0.223299
0.227822
0.794044
0.792615
0.248192
0.256764
0.330603
0.331392
0.141992
0.149854
0.712271
0.695706
0.343446
0.363475
0.228427
0.219045
0.933361
0.920201
0.151825
0.1556
0.48929
0.476301
0.65599
0.663988
0.843946
0.855055
0.65507
0.657041
0.401573
0.40617
0.231373
0.226348
0.174689
0.201142
0.324063
0.352703
0.524093
0.789049
0.22447
0.237874
0.375121
0.360475
0.672229
0.911571
0.287581
0.255531
0.212627
0.202678
0.540343
0.540808
0.181177
0.17381
0.222177
0.232189
0.164126
0.164505
0.756891
0.747454
0.327641
0.325701
0.519926
0.508436
0.617368
0.563752
0.885754
0.875251
0.361036
0.343074
0.143351
0.15161
0.324818
0.319616
0.284877
0.304728
0.272879
0.27236
0.230686
0.229301
0.294973
0.294274
0.282901
0.285844
0.140571
0.139704
0.137189
0.144604
0.205793
0.1933
0.427478
0.440046
0.362085
0.353204
0.563414
0.551647
0.19006
0.185214
0.076281
0.087795
0.183316
0.17883
0.317134
0.292158
0.697417
0.691863
0.227259
0.220993
0.269477
0.259267
0.137567
0.163277
0.563152
0.552044
0.900851
0.895791
0.22229
0.211712
0.232515
0.236916
0.37167
0.367235
0.353847
0.361181
0.273041
0.287754
0.193466
0.209008
0.581139
0.578854
0.305911
0.292636
0.261244
0.277325
0.181171
0.176177
0.179464
0.192494
0.196136
0.236435
0.25352
0.254955
0.243136
0.249966
0.262827
0.258786
0.365867
0.404758
0.317064
0.396697
0.697237
0.702382
0.222372
0.203649
0.517318
0.693774
0.563548
0.523156
0.281069
0.293273
0.169145
0.170396
0.642162
0.62479
0.177507
0.18605
0.354281
0.373513
0.169827
0.262438
0.274846
0.324072
0.180177
0.193791
0.413051
0.414568
0.260568
0.254705
0.789489
0.543152
0.40586
0.388912
0.421506
0.417893
0.14105
0.149422
0.176284
0.15455
0.222359
0.212184
0.469991
0.338555
0.21127
0.220371
0.165307
0.178178
0.185032
0.19819
0.936492
0.937673
0.347371
0.338599
0.137332
0.153844
0.300633
0.302478
0.37576
0.390817
0.123129
0.143622
0.137136
0.144048
0.151269
0.15387
0.756986
0.757367
0.245563
0.246482
0.832718
0.830817
0.244242
0.253402
0.269559
0.288543
0.968966
0.964314
0.313234
0.348598
0.316595
0.3148
0.166592
0.164114
0.338232
0.463327
0.208506
0.369581
0.15663
0.158498
0.83243
0.832702
0.466544
0.457019
0.291364
0.261961
0.39148
0.398206
0.174147
0.186857
0.704175
0.717259
0.335529
0.360042
0.301806
0.277173
0.854088
0.854498
0.225819
0.198002
0.231792
0.242938
0.666197
0.643434
0.150045
0.161596
0.864364
0.874457
0.228535
0.2379
0.841678
0.843375
0.837511
0.833414
0.217919
0.221493
0.254183
0.328635
0.157679
0.166897
0.144178
0.140924
0.39582
0.391847
0.241559
0.239065
0.353031
0.373833
0.884241
0.894189
0.135844
0.136324
0.272054
0.268978
0.282725
0.26936
0.17227
0.183021
0.346792
0.333741
0.275742
0.184526
0.919038
0.922951
0.303265
0.327374
0.480188
0.469723
0.166134
0.164459
0.165607
0.166627
0.178206
0.17244
0.160347
0.146888
0.432558
0.435476
0.179015
0.190288
0.26166
0.245925
0.378556
0.474916
0.200407
0.223655
0.802217
0.797574
0.218001
0.159304
0.678864
0.813024
0.325259
0.338937
0.644296
0.620751
0.481092
0.459556
0.161232
0.166204
0.748728
0.759414
0.258893
0.221834
0.316599
0.321529
0.116225
0.107031
0.186233
0.184764
0.721541
0.761509
0.23593
0.235428
0.175382
0.174345
0.156974
0.165501
0.356015
0.340873
0.292638
0.303824
0.262616
0.27688
0.205705
0.20184
0.313778
0.340655
0.182889
0.168656
0.218178
0.215661
0.193435
0.198179
0.149283
0.13316
0.421604
0.355222
0.290617
0.290067
0.360859
0.364311
0.601146
0.234238
0.670894
0.67952
0.459793
0.408174
0.318609
0.415773
0.137624
0.141282
0.202925
0.203312
0.140327
0.1383
0.117198
0.106984
0.391498
0.248667
0.372115
0.382735
0.149382
0.140968
0.162647
0.159733
0.15858
0.160879
0.224516
0.253191
0.342773
0.229025
0.283374
0.28969
0.1641
0.146507
0.164771
0.165873
0.253766
0.178435
0.381318
0.409557
0.370995
0.368539
0.724319
0.478467
0.228419
0.24617
0.388531
0.383682
0.329712
0.335602
0.607014
0.579132
0.275852
0.274225
0.198397
0.21629
0.239726
0.240717
0.348758
0.355145
0.311488
0.299158
0.227479
0.226977
0.235199
0.22411
0.30036
0.287742
0.465365
0.463282
0.152911
0.143225
0.189155
0.199937
0.458032
0.30189
0.694939
0.699319
0.261583
0.239008
0.403284
0.410416
0.414415
0.414741
0.291315
0.283611
0.209169
0.179034
0.327445
0.331438
0.230466
0.231397
0.279682
0.26212
0.206827
0.194994
0.232969
0.246383
0.213174
0.220003
0.14269
0.125256
0.126225
0.130858
0.540815
0.538626
0.559707
0.554868
0.264254
0.290102
0.253207
0.255348
0.195221
0.20421
0.143298
0.147788
0.882338
0.88367
0.172026
0.172185
0.894326
0.898378
0.18561
0.185594
0.302312
0.29726
0.150894
0.158627
0.292082
0.291956
0.732498
0.501853
0.255273
0.280934
0.819368
0.699843
0.32333
0.410932
0.34413
0.342466
0.913133
0.551565
0.266399
0.257173
0.217585
0.224849
0.177807
0.17835
0.832529
0.848517
0.464008
0.482769
0.268849
0.370606
0.193727
0.201382
0.521768
0.50923
0.86295
0.861036
0.215818
0.210462
0.481553
0.481166
0.627078
0.642446
0.298586
0.510708
0.886747
0.897277
0.169301
0.164533
0.266242
0.224356
0.318669
0.322207
0.89651
0.8913
0.53298
0.79816
0.249158
0.260188
0.276009
0.289342
0.199619
0.194335
0.152312
0.173539
0.330675
0.331192
0.286148
0.287522
0.354211
0.356581
0.239197
0.215886
0.872496
0.873348
0.351333
0.359691
0.177978
0.174802
0.282315
0.290678
0.25152
0.230505
0.175448
0.201602
0.827936
0.827948
0.212066
0.18659
0.87565
0.883624
0.833346
0.851364
0.143326
0.137999
0.239236
0.255507
0.365371
0.366309
0.870981
0.877472
0.21516
0.260124
0.152385
0.155387
0.223322
0.229505
0.245549
0.210316
0.355939
0.298869
0.918054
0.922859
0.859141
0.868313
0.161269
0.170468
0.216758
0.163138
0.135718
0.131881
0.201152
0.195534
0.298366
0.342977
0.524126
0.461736
0.478906
0.461091
0.674419
0.675369
0.14621
0.13559
0.193881
0.187216
0.188266
0.196532
0.263572
0.267515
0.494021
0.59619
0.3981
0.410876
0.689181
0.935173
0.967803
0.968144
0.218139
0.266972
0.147217
0.146252
0.378552
0.298696
0.220353
0.223039
0.48124
0.436214
0.233355
0.232201
0.198803
0.216727
0.272263
0.265013
0.144227
0.144744
0.203955
0.201955
0.241799
0.277764
0.902067
0.893452
0.309985
0.329145
0.168859
0.17271
0.795118
0.863451
0.194439
0.187534
0.519106
0.533555
0.20177
0.203578
0.100897
0.100345
0.213771
0.255337
0.338666
0.333766
0.222711
0.229988
0.717141
0.714997
0.294974
0.274141
0.185136
0.17464
0.161336
0.166315
0.242597
0.234105
0.282887
0.289267
0.259782
0.279949
0.179769
0.183523
0.311211
0.2691
0.3715
0.382384
0.231779
0.215777
0.243721
0.233138
0.161917
0.18114
0.24529
0.250451
0.316106
0.298397
0.863212
0.87945
0.224348
0.228555
0.404089
0.3871
0.355973
0.368744
0.236279
0.252923
0.209375
0.214966
0.330624
0.325061
0.602674
0.59008
0.283465
0.288113
0.214561
0.22858
0.30872
0.305031
0.76489
0.759923
0.346649
0.333873
0.850644
0.860619
0.28579
0.295591
0.143524
0.137084
0.26106
0.235325
0.42796
0.51661
0.254683
0.248704
0.881574
0.878182
0.24215
0.194982
0.272488
0.283051
0.70433
0.702898
0.285112
0.320242
0.251629
0.290616
0.353406
0.373377
0.680602
0.679487
0.544074
0.543049
0.127125
0.127976
0.785127
0.782238
0.31462
0.285293
0.53959
0.542848
0.410258
0.449952
0.715898
0.7158
1.0
0.87593
0.209037
0.204925
0.223656
0.301503
0.144163
0.152502
0.131702
0.137671
0.209608
0.213649
0.165219
0.169977
0.856011
0.791375
0.268591
0.261951
0.18961
0.18739
0.207914
0.206564
0.466205
0.474834
0.854085
0.849845
0.243501
0.216237
0.408047
0.402201
0.520028
0.466091
0.906157
0.907248
0.162083
0.230562
0.243693
0.249241
0.226644
0.230366
0.180175
0.17257
0.867848
0.858286
0.128999
0.133186
0.285507
0.255841
0.233186
0.222957
0.265511
0.269963
0.437085
0.426466
0.132859
0.174991
0.184906
0.183123
0.232133
0.200464
0.629887
0.627615
0.212277
0.210341
0.175002
0.20105
0.137003
0.13884
0.248689
0.153808
0.278186
0.281367
0.70488
0.729522
0.188066
0.175985
0.120101
0.131257
0.209828
0.222441
0.681427
0.670967
0.600224
0.518543
0.165896
0.167798
0.224192
0.217059
0.881421
0.880172
0.185525
0.182699
0.441019
0.434806
0.293024
0.306049
0.13459
0.136474
0.183581
0.25923
0.56299
0.553864
0.144831
0.152776
0.269954
0.269886
0.263697
0.254891
0.499691
0.450661
0.666406
0.657239
0.26786
0.247835
0.269339
0.258005
0.3144
0.318608
0.285203
0.296525
0.274547
0.267988
0.193707
0.185983
0.565423
0.555288
0.8679
0.872278
0.43164
0.403493
0.410711
0.399425
0.300837
0.27643
0.206175
0.195847
0.880679
0.654706
0.254687
0.256043
0.182089
0.202142
0.866073
0.719847
0.728236
0.87101
0.668369
0.397931
0.344655
0.358201
0.273372
0.258651
0.126744
0.126018
0.226501
0.249765
0.286268
0.258289
0.740822
0.844881
0.24056
0.207939
0.526287
0.515168
0.24567
0.247155
0.85855
0.864074
0.356346
0.274278
0.389695
0.449135
0.180223
0.18692
0.30499
0.2918
0.176923
0.168914
0.252053
0.265925
0.239539
0.228971
0.303959
0.299379
0.385613
0.467426
0.186466
0.199408
0.201109
0.201409
0.349149
0.353301
0.262322
0.264081
0.266336
0.2535
0.263939
0.276699
0.282764
0.279858
0.40285
0.379858
0.225444
0.225907
0.138763
0.149465
0.225015
0.219423
0.24838
0.247663
0.341732
0.29825
0.241061
0.216032
0.527367
0.427033
0.199003
0.202287
0.850204
0.621823
0.262587
0.270951
0.18762
0.160641
0.202598
0.22443
0.185666
0.172317
0.452488
0.429541
0.808971
0.555677
0.289423
0.318479
0.147098
0.14944
0.695365
0.708554
0.243964
0.248178
0.337025
0.342786
0.183553
0.179824
0.186004
0.195391
0.204863
0.195329
0.173943
0.163469
0.260312
0.256969
0.478064
0.406517
0.830192
0.818303
0.251762
0.253274
0.332483
0.335118
0.278571
0.265804
0.811869
0.868045
0.436692
0.428111
0.255
0.264674
0.18599
0.196325
0.686894
0.593095
0.286477
0.303375
0.120457
0.116233
0.328895
0.300355
0.505244
0.524417
0.314043
0.257025
0.273634
0.263414
0.275083
0.273303
0.889497
0.907707
0.262494
0.233086
0.1485
0.133162
0.183841
0.179037
0.1785
0.183084
0.217027
0.205691
0.401582
0.398905
0.176251
0.174086
0.264429
0.247897
0.153023
0.147249
0.260599
0.241364
0.305303
0.307296
0.697578
0.69849
0.290066
0.307768
0.234646
0.23926
0.154224
0.189236
0.232473
0.208611
0.833467
0.812303
0.171763
0.182634
0.279388
0.272307
0.169698
0.167542
0.148095
0.148994
0.426515
0.418567
0.284725
0.254841
0.179016
0.190279
0.768033
0.760026
0.80415
0.788819
0.191394
0.187389
0.47395
0.548714
0.431815
0.452276
0.273807
0.280166
0.30486
0.28435
0.763144
0.733998
0.263602
0.269515
0.273029
0.283497
0.370595
0.354348
0.32281
0.306395
0.151012
0.152472
0.326769
0.325147
0.398434
0.405372
0.12128
0.127013
0.135426
0.140813
0.239254
0.244991
0.564415
0.575812
0.613698
0.619509
0.394325
0.367656
0.1723
0.165695
0.433335
0.429341
0.89069
0.892402
0.979069
0.972345
0.171058
0.188425
0.281677
0.235533
0.274216
0.253709
0.72661
0.716839
0.184876
0.177977
0.875812
0.981771
0.408206
0.417856
0.648674
0.805194
0.380023
0.396211
0.420374
0.442337
0.212951
0.205108
0.214424
0.230385
0.51996
0.538533
0.430101
0.441909
0.729899
0.728024
0.261978
0.273718
0.328739
0.329461
0.18227
0.176045
0.192286
0.204957
0.701659
0.748036
0.175619
0.171655
0.195999
0.187626
0.798715
0.774677
0.389462
0.38774
0.276686
0.272153
0.375554
0.374915
0.210366
0.210282
0.607733
0.557547
0.144737
0.147824
0.259408
0.248509
0.219459
0.222383
0.13691
0.143844
0.625729
0.610124
0.875336
0.86814
0.587033
0.681577
0.397901
0.407382
0.300334
0.313048
0.310445
0.313646
0.876888
0.887118
0.317742
0.324063
0.252075
0.227697
0.199772
0.204467
0.670002
0.681932
0.271806
0.267645
0.873058
0.867518
0.385541
0.37588
0.475643
0.493051
0.393579
0.386286
0.211284
0.202129
0.143078
0.155095
0.461578
0.46468
0.161938
0.169528
0.293125
0.25055
0.287497
0.29386
0.671135
0.766078
0.866503
0.859867
0.390932
0.295312
0.218088
0.216141
0.261325
0.25994
0.162549
0.167244
0.130951
0.130812
0.361883
0.346726
0.841107
0.846727
0.148175
0.148529
0.278452
0.303813
0.516902
0.451809
0.389215
0.439262
0.129384
0.12109
0.166102
0.146672
0.172889
0.168631
0.251354
0.257065
0.320855
0.340646
0.210259
0.193807
0.143025
0.133898
0.33337
0.306112
0.314859
0.296648
0.199507
0.195925
0.478119
0.456025
0.251894
0.242743
0.234237
0.247028
0.470494
0.558599
0.43056
0.407829
0.288641
0.265452
0.162194
0.16037
0.804252
0.811847
0.215068
0.223799
0.200667
0.195515
0.260932
0.260492
0.339785
0.332559
0.255477
0.270041
0.37557
0.372166
0.302189
0.298955
0.195812
0.198562
0.288352
0.281726
0.299174
0.309441
0.610376
0.71149
0.325889
0.331804
0.267565
0.256255
0.240215
0.229718
0.322665
0.276374
0.244906
0.25061
0.18853
0.194272
0.24178
0.253204
0.807812
0.797486
0.227815
0.219135
0.29656
0.27297
0.248288
0.24709
0.15742
0.136456
0.242169
0.248583
0.15775
0.166634
0.369187
0.410694
0.277709
0.264221
0.363476
0.366813
0.254907
0.279529
0.273035
0.2774
0.828576
0.824809
0.197088
0.196869
0.774372
0.905406
0.236086
0.265562
0.314669
0.334707
0.216962
0.254237
0.197864
0.199498
0.28614
0.296363
0.450161
0.505173
0.329999
0.31038
0.340409
0.255056
0.404396
0.409133
0.186261
0.186385
0.486311
0.424695
0.647471
0.637075
0.208477
0.228135
0.192188
0.18768
0.567562
0.591201
0.272819
0.277531
0.298527
0.30381
0.322178
0.303626
0.345164
0.370807
0.140645
0.144378
0.611926
0.402034
0.124395
0.124344
0.359958
0.46428
0.44811
0.506896
0.161265
0.158992
0.7431
0.71199
0.144171
0.160504
0.882293
0.883331
0.225995
0.226982
0.290306
0.221543
0.229826
0.271645
0.378486
0.38853
0.259764
0.300778
0.382275
0.364622
0.361808
0.360467
0.172575
0.184046
0.805567
0.840669
0.899148
0.903101
0.301721
0.292597
0.673076
0.684182
0.398226
0.413411
0.244414
0.240523
0.588873
0.582645
0.244956
0.244324
0.742547
0.741167
0.143008
0.142832
0.385154
0.371331
0.359514
0.368793
0.333913
0.32752
0.84727
0.84763
0.36752
0.367558
0.480248
0.469305
0.283103
0.282422
0.185441
0.180109
0.495356
0.474957
0.252204
0.236156
0.837508
0.833064
0.326465
0.317127
0.27393
0.265891
0.336213
0.314821
0.323405
0.276828
0.247934
0.246565
0.246773
0.238829
0.176021
0.172983
0.394541
0.367637
0.154906
0.156877
0.173485
0.166709
0.254669
0.246345
0.312387
0.316858
0.291825
0.289445
0.16947
0.17413
0.223212
0.20984
0.220733
0.203141
0.275457
0.23012
0.601477
0.607153
0.411642
0.411724
0.457257
0.462626
0.291653
0.287584
0.361808
0.318585
0.2907
0.289519
0.21002
0.232495
0.94042
0.619907
0.181885
0.184972
0.375977
0.365851
0.214601
0.210983
0.149078
0.116025
0.236166
0.2344
0.216699
0.236163
0.230644
0.230946
0.403848
0.407928
0.26411
0.254607
0.325413
0.250757
0.127568
0.13146
0.420735
0.422607
0.168924
0.175738
0.226555
0.20686
0.161526
0.158421
0.41831
0.368419
0.376525
0.348683
0.2703
0.271772
0.191166
0.178622
0.277506
0.279057
0.284074
0.280484
0.425805
0.558474
0.2095
0.213666
0.26441
0.252541
0.166942
0.176127
0.179368
0.205497
0.496862
0.512236
0.789014
0.564204
0.46289
0.420502
0.157239
0.155139
0.334435
0.268458
0.212619
0.21097
0.240078
0.207092
0.315864
0.309008
0.253135
0.249329
0.235244
0.277394
0.347493
0.332833
0.287208
0.186214
0.353744
0.364796
0.144311
0.168022
0.207145
0.20051
0.140441
0.174926
0.238662
0.251369
0.794656
0.806665
0.287576
0.278268
0.145728
0.165917
0.881613
0.881723
0.23573
0.239392
0.166641
0.173655
0.428927
0.429992
0.41615
0.400562
0.136498
0.136359
0.198461
0.16116
0.211283
0.209281
0.194287
0.192121
0.249798
0.251166
0.150919
0.153571
0.169979
0.164797
0.186254
0.205875
0.198522
0.201052
0.882872
0.876482
0.458886
0.438454
0.345806
0.346401
0.253912
0.249965
0.156416
0.153955
0.164638
0.202191
0.306529
0.307111
0.425838
0.437044
0.283513
0.285101
0.255716
0.2864
0.15151
0.155664
0.544849
0.53481
0.130273
0.132983
0.114935
0.112375
0.323322
0.297664
0.47825
0.48489
0.245799
0.225614
0.911654
0.934792
0.262084
0.261905
0.318571
0.318387
0.097528
0.113908
0.385498
0.382647
0.307984
0.296019
0.302438
0.308543
0.146991
0.141837
0.506376
0.454481
0.337338
0.337607
0.503185
0.539534
0.842482
0.748333
0.134412
0.130789
0.554778
0.554407
0.261012
0.295857
0.316186
0.323785
0.363654
0.360842
0.136994
0.124357
0.857135
0.86045
0.680629
0.703411
0.740389
0.63905
0.263886
0.261397
0.318391
0.317389
0.456255
0.466904
0.166858
0.168383
0.616339
0.623862
0.305084
0.298897
0.192511
0.164575
0.346266
0.345338
0.759292
0.752418
0.273016
0.315762
0.385766
0.388319
0.207037
0.18889
0.120679
0.140067
0.386584
0.379859
0.152515
0.222598
0.131837
0.13949
0.333004
0.334988
0.224753
0.231646
0.642539
0.474618
0.213043
0.220496
0.260926
0.262814
0.438241
0.43919
0.247329
0.239679
0.214582
0.205684
0.168491
0.161758
0.203847
0.207108
0.201065
0.207608
0.167032
0.169448
0.093354
0.096232
0.688011
0.682121
0.311682
0.314066
0.258552
0.235704
0.307586
0.315766
0.19703
0.195201
0.520269
0.541155
0.174576
0.177835
0.385537
0.374914
0.202552
0.215451
0.510072
0.502772
0.19444
0.19726
0.207989
0.220998
0.22836
0.225985
0.313687
0.288287
0.182589
0.188208
0.232662
0.223619
0.255748
0.248761
0.586037
0.623257
0.197056
0.194369
0.722098
0.767756
0.25366
0.27115
0.404743
0.537253
0.184236
0.187515
0.203693
0.201191
0.309049
0.312075
0.297039
0.288687
0.302845
0.32296
0.278626
0.242188
0.200753
0.177547
0.223446
0.283616
0.309675
0.31413
0.530666
0.534802
0.157301
0.194652
0.136816
0.13413
0.401462
0.410704
0.210636
0.186434
0.73997
0.804943
0.303469
0.297717
0.627847
0.519225
0.222813
0.300657
0.243992
0.251935
0.327793
0.312726
0.641656
0.610549
0.37827
0.383181
0.44776
0.452812
0.147426
0.137379
0.92164
0.589723
0.188867
0.196831
0.243646
0.274743
0.697716
0.709922
0.421806
0.418541
0.283456
0.273128
0.509753
0.280015
0.195385
0.195463
0.212207
0.19749
0.333735
0.314832
0.159672
0.163303
0.151529
0.137079
0.726841
0.718829
0.18419
0.151166
0.148963
0.150093
0.167716
0.172376
0.608893
0.597747
0.22348
0.235402
0.138881
0.158732
0.314118
0.339158
0.246121
0.251449
0.284224
0.307403
0.145644
0.150523
0.259317
0.247619
0.435317
0.417504
0.187112
0.185682
0.316328
0.334421
0.279876
0.262955
0.408652
0.404641
0.217077
0.199683
0.069936
0.077949
0.819168
0.813154
0.133515
0.220169
0.224309
0.233698
0.126725
0.149562
0.873865
0.878118
0.474092
0.463943
0.251683
0.235906
0.863659
0.849057
0.835902
0.842323
0.544637
0.545875
0.327757
0.245742
0.190404
0.197721
0.651623
0.665266
0.238012
0.232473
0.475982
0.483177
0.25242
0.233108
0.230228
0.240766
0.222489
0.196955
0.473552
0.461605
0.198199
0.190013
0.827223
0.828422
0.231545
0.235701
0.282758
0.29077
0.180212
0.173962
0.164429
0.158607
0.55325
0.539425
0.625131
0.632178
0.346429
0.350126
0.348418
0.354873
0.226416
0.223624
0.156259
0.181475
0.276279
0.277538
0.350049
0.218709
0.215698
0.216088
0.420462
0.426532
0.217515
0.214471
0.149569
0.206759
0.385145
0.382419
0.211153
0.213842
0.284611
0.290967
0.149941
0.147148
0.247381
0.245547
0.181917
0.205136
0.196279
0.197508
0.788679
0.790743
0.242286
0.2491
0.806958
0.804389
0.123497
0.11681
0.361171
0.363045
0.229313
0.224069
0.234594
0.178412
0.166451
0.174726
0.793521
0.797167
0.158543
0.153934
0.859789
0.859045
0.220158
0.212483
0.32717
0.363099
0.110046
0.111041
0.173321
0.167309
0.163815
0.163201
0.255116
0.247732
0.153791
0.157031
0.207692
0.206706
0.383717
0.389514
0.347296
0.340955
0.733956
0.724284
0.582299
0.793605
0.192923
0.196291
0.32723
0.328528
0.350192
0.341875
0.152058
0.1538
0.229038
0.219087
0.294983
0.293137
0.182668
0.182045
0.228051
0.231669
0.231603
0.23423
0.122687
0.114277
0.292164
0.27287
0.53182
0.520172
0.213001
0.206466
0.253838
0.247855
0.176836
0.170075
0.407653
0.411568
0.316274
0.308503
0.369738
0.353202
0.234478
0.226394
0.588296
0.592252
0.259723
0.263561
0.124471
0.122095
0.195051
0.198721
0.312915
0.322288
0.157754
0.161808
0.844014
0.849999
0.801779
0.825303
0.272823
0.283476
0.23208
0.23188
0.483235
0.276667
0.308202
0.302895
0.221435
0.212916
0.193651
0.195826
0.155688
0.145165
0.175232
0.174404
0.233216
0.189984
