0.167895
0.162406
0.546311
0.48989
0.230174
0.235931
0.110867
0.115698
0.240477
0.236942
0.199676
0.187763
0.684281
0.588079
0.416848
0.405186
0.631335
0.63702
0.236023
0.221573
0.189177
0.195057
0.260697
0.24763
0.164767
0.165326
0.178623
0.170178
0.26911
0.265043
0.185454
0.181437
0.24504
0.237563
0.36619
0.360393
0.3286
0.31477
0.172293
0.161871
0.194521
0.186165
0.225681
0.239988
0.284614
0.284673
0.511442
0.515749
0.142738
0.139113
0.325727
0.331985
0.172306
0.165819
0.144344
0.145815
0.211314
0.20513
0.199511
0.204854
0.14192
0.132993
0.15231
0.159425
0.236152
0.236547
0.214717
0.230249
0.243667
0.240822
0.654236
0.68309
0.215712
0.216188
0.108663
0.107297
0.191584
0.191663
0.129164
0.127051
