0.0031532958367485337
0.003679036351146606
0.04636954941098903
0.022968028227827536
0.02643076687971534
0.02931000751710857
0.0017217210324791577
0.0021053416194337965
0.01048630408686873
0.01775847260593794
0.0047752595972107
0.005176276474785547
0.01715414450652199
0.0333707044110775
0.00500054695513464
0.006228198036658824
0.0057536703676723255
0.004327731783464808
0.00826269596617273
0.01790776857807167
0.03411977427305868
0.05117817071185805
0.008400585414518769
0.008400585414518769
0.00227384077568856
0.014279801911461231
0.005730105793648159
0.0026719206850122795
0.012409550795433497
0.008173039898894832
0.05416000013610773
0.09838231862607338
0.01282207605375677
0.02136485082046508
0.0049690902214942585
0.0049690902214942585
0.033190259251745076
0.022329317208718478
0.005763952493407997
0.009187009702053252
0.038730159138177435
0.009637639435330643
0.1272331465815488
0.09009333847243527
0.006694257708110252
0.006827351171318571
0.007456291128069595
0.006648706452808303
0.033449698850251786
0.01004332000595619
0.020412095401249143
0.04114810431326293
0.037016586624138606
0.030547492591107117
0.023108347319496063
0.011727538668695863
0.03996733031857303
0.017767905846780473
0.044371001799071046
0.026911174063387583
0.11408270929237768
0.3711476726085001
0.16640223536911786
0.18888273985866946
0.01834057046118112
0.03789271859846245
0.044363868703972735
0.01767221313403906
0.02398610174782144
0.017047969163915582
0.039607114543332406
0.026583295973259716
0.012004894746833854
0.00453016686928446
0.0056503889003374115
0.012176012395325383
0.0200744524146547
0.018075487374578657
0.013696996131384375
0.006462678313134193
0.0009181333313380384
0.000620187325387097
0.04399281980519576
0.03416320287066211
0.03365740814861039
0.03365740814861039
0.0033446741342702054
0.004552060240395662
0.1878693362580031
0.31050499304173673
0.02463636342111386
0.010089170212431438
0.027103803521927098
0.024511910972242847
0.01564355442464136
0.015359082801133472
0.012086106929246299
0.0199071466142188
0.03283801934599769
0.024828210170249953
0.012890379454833047
0.029173091005487598
0.04316369654090365
0.03342413514881178
0.13338364867422906
0.08634215212487072
0.02894353536083622
0.04941500115265178
0.03985211863112079
0.08643845045790201
0.02100955719003657
0.016653815556790526
0.026315362408106356
0.027593647490372946
0.06863885028499563
0.019743542610724002
0.046793218847429784
0.014691241384794931
0.0028199278803578134
0.007453431933682684
0.0334552008236407
0.05123621254719655
0.016539030194433386
0.017777742283035417
0.007058922219716758
0.006190820888988843
0.03128310428764175
0.03232594870320315
0.03222132242970227
0.0033998189322313314
0.008237029839255785
0.022266266446605513
0.00738016390228059
0.005545222220866447
0.0027747284322385975
0.003282382739477803
0.008695648553213609
0.008695648553213609
0.040235380010162185
0.033712383055782585
0.015717235594649964
0.005196241699607066
0.035570554150560534
0.031735571733921664
0.01677263690316537
0.01677263690316537
0.06868899816703421
0.04804257865129305
0.0745681181185685
0.05434903319658333
0.036270322411367524
0.016231760173152435
0.022122494923648525
0.041380197287481844
0.047484706886899986
0.10441443145326555
0.01994515078130239
0.017658759896034448
0.021065489394754205
0.01183918973405943
0.031033063577927567
0.01986248872095127
0.040726420815757045
0.08322197455061275
0.029765827021914486
0.05052368114108508
0.017935320296974228
0.014070474481503229
0.5787589226956773
0.09210363272744344
0.0051032394696310405
0.005066080416496753
0.017238410129805447
0.018533158071509213
0.03003500899546085
0.05561861416801373
0.0176146889035699
0.017072242930435882
0.010169103784397334
0.013773560553747522
0.03565296279152199
0.02503988162012886
0.013354430068816984
0.017224769625969045
0.007396312055105541
0.016162578733860008
0.056462838509747586
0.021336104952493364
0.016900282830001643
0.0029785384852615824
0.02573611722210924
0.04725140511801041
0.018767135970447525
0.012197816508244511
0.0185773338821982
0.01716181487169304
0.048324273367685515
0.03954872848071834
0.05003376130773173
0.033409956759336314
0.01400410620274201
0.039498427724806384
0.020562674819553404
0.02146839967265043
0.05386017937537312
0.03179461265824372
0.017394036657496347
0.02000880552190513
0.033484686701789404
0.025953632571433596
0.199130835019175
0.302435375469454
0.024168688757525977
0.011284209957986303
0.01225573789974319
0.019440506020610836
0.029861975439576458
0.016195133798028137
0.0197324600109646
0.05551765085159876
0.008187547888493895
0.022939848032580312
0.0353062233956201
0.015707115034888707
0.011061601840440928
0.01409509606711695
0.012557702059455765
0.009651196138773908
0.009874222072665771
0.008497732922518575
0.007908423614947788
0.0050705814874208496
0.12892576523327665
0.02028949588493786
0.05532193793509792
0.0850831297728137
0.03565556706713719
0.04083091408758102
0.04533528224727039
0.14766966153558422
0.006917163451342413
0.009473023314358975
0.030535135836138136
0.025436185639262705
0.008206588243938644
0.014135096719425352
0.14427634529506317
0.021442098722466385
0.06366391165466553
0.024401950096263697
0.006763595132965132
0.00698333319840085
0.02117768457622056
0.01734421212717158
0.05573895984320483
0.023409658166517338
0.01979357956176807
0.033205560003344514
0.02894473945096599
0.026598552823297813
0.010603313567840552
0.015141982201643098
0.048634714666833716
0.05281052414695849
0.008125076792728779
0.005218480675370178
0.0454866932368179
0.013232600918053972
0.031766785080384365
0.02428195206341065
0.03732179194816674
0.03785295975094765
0.023788487193531747
0.03352629158050211
0.020172865040990196
0.02099593736866173
0.015468690210009826
0.011339828620162307
0.02035949104634065
0.014578192924023951
0.024202775235195623
0.040358254967183
0.012443622334831034
0.015357918525849269
0.020585305507939976
0.012977701267847514
0.011233640752124355
0.024000258057773612
0.0234723164843879
0.007675713569873667
0.10094547840545233
0.12314044478224195
0.062290984301527866
0.2732129391059314
0.010078097057968484
0.03144817780615099
0.0025292705565426237
0.0020715343521373604
0.0013829898637356254
0.0023590888475568225
0.021077715919573234
0.01799395925394772
0.23522128685656601
0.19897641720099843
0.03155229929269886
0.04008847804906661
0.0666908181993924
0.037366288283359285
0.030587566931126554
0.03287908994597849
0.02631150857327621
0.0445574761752864
0.021838226814864838
0.013302128738408173
0.002211493482832295
0.005068961124233075
0.04680268883904146
0.037203985035694685
0.014470492071360343
0.012157428556638858
0.13727064808571499
0.2681866298813417
0.057523541241322224
0.046273009921301254
0.01986089906630337
0.01451044123500119
0.004770070057312326
0.013282268962763076
0.0526445761416145
0.03368654489923595
0.0632647766285973
0.07809780922493559
0.6006482145037512
0.6361780713926493
0.030544237331245203
0.02166276042878628
0.057241994268323056
0.034560729887978786
0.011288955437787945
0.032591543168691346
0.04307439443410689
0.010082345133878458
0.07849859787041656
0.05176802979136589
0.025318090735066568
0.03230359164548761
0.02146094123731744
0.03935629471463596
0.043569961910276574
0.02080037168391058
0.02652234389290912
0.04102272796287267
0.050280100673342834
0.025022170559923684
0.2701036227495108
0.26295406870329924
0.17219364776257265
0.0763946558442667
0.020603526209485107
0.017419548147612197
0.08218344586257283
0.021730006353350588
0.036889287865969324
0.01682940377835983
0.015223619051681283
0.029243004697057155
0.03561800745612328
0.00993609759188853
0.017337101016319655
0.025398835868133098
0.19386093112173924
0.05768719542599434
0.014275814233909206
0.01330378280680855
0.1943286645664382
0.3091365692185201
0.012739815033610349
0.022583643555710447
0.044776447965732186
0.012088795742806774
0.009929165209020185
0.01154053589621112
0.026432150644111054
0.09235133195034134
0.025285564086484955
0.014608227150054436
0.022746544507699817
0.012824752897382894
0.026858074819545805
0.03766179513779331
0.006067477469707715
0.004979833056513233
0.007434929978817543
0.009209722883246707
0.049888702861656406
0.14343532401482392
0.02006735444378855
0.02456839716741179
0.006472344401254764
0.004465949967336986
0.0014204024620120108
0.0017291096435909062
0.024956965799272427
0.023666318448730916
0.00012519359975651163
9.631402812239418e-05
0.03279408362828146
0.03483762491759901
0.024272022668096173
0.016726437735580323
0.015387501667154394
0.005651653485920916
0.10431163510653405
0.03189443787886102
0.0066280301488206815
0.05242847607968208
0.010681766436901175
0.02067636493323639
0.03721348743897659
0.09719179282619327
0.04391285416663487
0.014511055085234021
0.023573198283337846
0.07994943845357856
0.021264993387536766
0.01112981552553725
0.03002397141672144
0.04967691947997948
0.006578035376719203
0.012652388704030976
0.8148464164138919
0.24435941368599726
0.04772199071657989
0.030876575719226404
0.9719982916652607
0.9752911812551229
0.04744458147959766
0.03924014899689935
0.028089936651125205
0.031604365064903245
0.025578334207343484
0.04218348027490904
0.008619841992955143
0.0042833224976733565
0.015594968285911247
0.010397038496667847
0.9178907300988194
0.008929614322736788
0.030487026174995418
0.049642421586768605
0.04947266168285809
0.06741190137812034
0.021145742381958495
0.01812898397852268
0.045482208016062356
0.039908108135310365
0.017153994625122956
0.018127500284016575
0.06133890172241001
0.05700222208037219
0.0435630036171007
0.02250664456193229
0.08017846541027608
0.08017846541027608
0.02543263958280202
0.008501748779761665
0.060504457333575415
0.03583873488005887
0.02901826976901259
0.02210250220633093
0.018152100794880853
0.01613165030675851
0.7810970613882043
0.7391549252502779
0.01156289377981919
0.02701862540360539
0.10403760534866914
0.09285440624875001
0.011840923405111524
0.007346725983712928
0.006551088342986834
0.005949629255881246
0.048934298934347496
0.011196750925632147
0.017164876237813268
0.02897236488565856
0.02539716175173439
0.019837998198024183
0.01274083001384209
0.016957043960089284
0.25136569518191454
0.054289131058269505
0.01578413196553613
0.01264285939536722
0.03106522993111132
0.029706981245080775
0.027807751900733865
0.03937028915716047
0.0021917035249656067
0.008952552207748142
0.02995067897450618
0.01328396803111809
0.011664698825690272
0.013445522151832267
0.010819470641994766
0.010838049374265734
0.05104083047778821
0.03624518285860952
0.012430929451860223
0.01998061081694925
0.011896296877147638
0.021810924765431592
0.025145180730327583
0.015524236966021942
0.0024490822044774705
0.018074777473644277
0.014419818686673325
0.03718656605796253
0.01765029414113155
0.008049685505800699
0.0037459921702876556
0.010048463544353561
0.012049034036641112
0.009683168396301614
0.011951923592447943
0.02464629295748385
0.0063086585726418055
0.005482931432419935
0.1957443535867258
0.18566167689480223
0.00959896274095
0.02842705622235969
0.017459179294955177
0.01345151493525217
0.9809699719441287
0.9605202383296361
0.9757693769023047
0.9776077311909511
0.06696059027495355
0.027019670862798217
0.0669851031208165
0.044697406120767405
0.024555316045655192
0.004340618908596847
0.0342208160150553
0.041786646662520424
0.013937622470061674
0.022440226467924256
0.043560073982985864
0.024584076235626546
0.010816731217388244
0.004483382327176363
0.06163017480823089
0.02459076169734714
0.027688385276049717
0.04786751130746399
0.030119732874328415
0.018044206062031894
0.04245017732695501
0.02215110229095513
0.007283683284718965
0.010792864075130686
0.002306299863522359
0.0027223089772994403
0.2308918344025285
0.16097768047955058
0.03522789876043079
0.022192800802967094
0.2560899350676462
0.13091465133702512
0.0011232454418562392
0.003951513738159727
0.9613336831746854
0.829033731078388
0.026060903614140308
0.01748300935968573
0.06288100310858238
0.03957686289610165
0.013383529809680626
0.0025276939762055276
0.010046737828603762
0.049472585636777415
0.060676869020341175
0.03184015274103838
0.014071201423172783
0.019468226873434146
0.018019179224687026
0.01031166484859092
0.0028702531159467614
0.002044949656753406
0.038041854298422155
0.008082526185652295
0.027725637176525365
0.020139496664484533
0.01244936401086498
0.018626386985124144
0.02265372958999637
0.01820816753092769
0.04706660679931209
0.028050190444568822
0.035207211130088935
0.004395694495376335
0.007572963701457493
0.030995956191299315
0.008037567036353482
0.008155871691659313
0.004757514518062122
0.0028006866681855092
0.005461746041381146
0.010637848848576574
0.04196295743757908
0.030188962821596773
0.01647098099984886
0.010557418744963479
0.037525501205230787
0.031669692832504086
0.006271424948866999
0.012948699168269436
0.012387384522666198
0.012349214002541695
0.0310922818520126
0.03385781890766259
0.05795906938533226
0.030570403134768272
0.019854898872062047
0.03240968860071526
0.12334588541708907
0.048380441841438665
0.03406441769030899
0.014040458494765371
0.03178572747256219
0.01431568214936079
0.017294825357784944
0.02994628953803893
0.009388498040512868
0.011469075448312343
0.006697826390120817
0.012720061750667401
0.007610595526429966
0.005205840304424857
0.008934901036150116
0.00810082066245386
0.02556771651335822
0.008699054820399005
0.006207899613426949
0.0024963003223953725
0.9895743109920677
0.9930045774289941
0.0038432195892561622
0.0042787249626734785
0.015419198180794538
0.016761569023851588
0.04396845048991574
0.028014857800419443
0.03662873256811615
0.02397701602219069
0.03160167419016242
0.0602960569570169
0.0208617282179844
0.0208617282179844
0.022868860070680463
0.026394952404960998
0.00978771787776925
0.01575540434789171
0.3402349091125849
0.018932279953510833
0.014947270752350807
0.015881061785532922
0.01892061779859534
0.04428547320933404
0.014455213814274774
0.02525146037516628
0.00024703601682522026
0.0003434885889078762
0.015536267070324907
0.0011425092158787072
0.006697621275633325
0.0043183081437682125
0.001014348011036618
0.0009494458921821616
0.002578845859388854
0.0022993471795212618
0.01051002834966421
0.0075124974177390716
0.15389376403526586
0.058646526328276126
0.016472067210506383
0.01274034697098052
0.06427304279697439
0.0339140023554144
0.10437044855264486
0.13733851203024094
0.055354766323493745
0.04927015959063978
0.00036970348121134874
0.0007098244681618817
0.023315133811290956
0.01676898791397639
0.03221999501055332
0.024789203600178483
0.023338375410438986
0.01799832438763343
0.021891721516170966
0.023657678911558504
0.03816277618197405
0.039217842433639905
0.07612188857715657
0.23593077002705795
0.021440162414815528
0.025508141132709064
0.07573388924731557
0.04075230671181776
0.018932877256268743
0.0447122198440149
0.033088331869557765
0.047970434554029384
0.02638860175225635
0.021960489492175873
0.0019001843785462125
0.003982600581825089
0.042475427312486345
0.0336691117873743
0.006545304283021726
0.0062444062608430434
0.02070171802197508
0.012427358281745137
0.005839665202554
0.0133493910458093
0.007105642471104917
0.007604374183305212
0.3610214868826423
0.31256472859638756
0.014864718525751983
0.038566432373485005
0.05100732126845204
0.011217923723606372
0.025837022459138645
0.02397904793969036
0.005683844626379756
0.009167011715956573
0.046867983128256026
0.02273123922139881
0.003210762914291289
0.008698465650851655
0.005998112362139049
0.0053908344120216865
0.020854028425259023
0.013670088446475956
0.040422760112292254
0.033544108128918795
0.10437936270549478
0.02795155042414569
0.3696759778435433
0.23982048353985036
0.012978500851294691
0.04039286502585445
0.17495306342716835
0.612838786193191
0.007049132864676674
0.00881922761938886
0.8981341925417676
0.8007658017535174
0.06370684964340911
0.016129032381537383
0.020620056123237907
0.0444551395911416
0.040217142784550075
0.018154261022855663
0.006496838309782873
0.014393422319387568
0.01615671537449145
0.015113718499966334
0.029762864226373923
0.038112829981666166
0.03089820280102182
0.015271624434135291
0.8677368807676787
0.023348074415017663
0.010293740085979448
0.012491329820903086
0.07428579866467175
0.10666749625567146
0.0015867008464876546
0.0017053005729085636
0.014685419197742631
0.017420434489515097
0.03374785329582572
0.0533118555767234
0.009942072412773038
0.011918544675885656
0.0055847926394889365
0.005704274495790191
0.008055412713916533
0.004818533243862399
0.013675366637503154
0.009676178447424851
0.01907863191116713
0.031772595893950636
0.0015703591099728428
0.0017794281377477195
0.06363029630499037
0.06363029630499037
0.012634810538519965
0.011909784670191544
0.01239734502233775
0.012265196924039703
0.03737284106390293
0.08569657227209922
0.026321858716382724
0.014024030051407827
0.0231179531660938
0.0111167282204202
0.018922168503692383
0.10662201688429147
0.03518275299341448
0.04923042130035596
0.009709051325567578
0.019935134286421772
0.039028135079018623
0.05692176393405847
0.011242102149530876
0.005662381860737433
0.054307380197704924
0.03265433819468564
0.006913992477595884
0.006913992477595884
0.01186275638635225
0.022341374947121524
0.015187712912457308
0.006413175597741692
0.016651572128216063
0.02674580175044833
0.012995176354320785
0.012692014618649283
0.0025726899494355492
0.002160219524200501
0.060151507495043846
0.0900188130719977
0.03553655354635011
0.013064429664917828
0.03347116948917546
0.05303351675642024
0.01599412178795385
0.012649621382133155
0.046704502375744486
0.09178146398559847
0.012241662188815613
0.007376764547582375
0.013519094492604912
0.026166609622200975
0.010665528751789312
0.06350516004633741
0.18812667297254726
0.06670361863686926
0.0014423241453233406
0.005004487250849093
0.0020324998926410094
0.0014621251908092596
0.03815171303793343
0.16785665847477127
0.0180885789136282
0.009495746690963069
0.0033217229996122294
0.004250607387417134
0.012301157045253544
0.012729365518587612
0.005277228390354951
0.009589345581680234
0.0029998849575109078
0.0061073206884458735
0.015314412102205681
0.0051433690048601766
0.00917998876097785
0.004028469873650473
0.017338109282963348
0.03251030750110408
0.05231205823835879
0.013873346516384675
0.029225428802469235
0.010045381315492022
0.01672535553868176
0.01909830037875226
0.01600604768452409
0.03655428901038377
0.027784230633116396
0.031611932190875394
0.017809625810132932
0.01977867152856558
0.010777046524517735
0.0031826325843413526
0.13885347584730542
0.06742941014195902
0.9951085382102682
0.9951138125885053
0.03603211150164085
0.009788595810015212
0.0537613638877701
0.0419696803661238
0.018597859565209717
0.02643891800693964
0.031246369132673025
0.053375014472181515
0.009772263104599836
0.025309185385046028
0.03664435081518117
0.03266309378219715
0.005476465106380223
0.00864553128357715
0.03155160955693526
0.03809611108968836
0.03181765299362807
0.019568724003269294
0.03478605350813597
0.03437033919618082
0.05996531178208123
0.04264364866173701
0.006265441378016517
0.007118465256126669
0.022955504075793977
0.01248309369423951
0.8870976496412973
0.9555788330096986
0.01130111136109843
0.019099585873418156
0.023120048790458984
0.018638395905851948
0.0339446276598873
0.02401568648859686
0.06225396971918013
0.05953873910825666
0.03850466568149867
0.009439246401942996
0.01862922387029587
0.016657822634668404
0.01673576367792334
0.01831620344891228
0.008328810900938722
0.02393615046134993
0.02414656661661167
0.019000515404466588
0.010946485219799044
0.016961346920882053
0.05917018200590677
0.01805673370045095
0.010109549395114766
0.03051571710708848
0.026562921267828308
0.020734715962046932
0.07390097566039737
0.04380368403397128
0.04924596496814314
0.013651452310177054
0.003783077476653189
0.0029085217127816864
0.015102557965914302
0.008627580372908412
0.0159999175866422
0.014126229591742272
0.02949593248804741
0.020014038095264065
0.07842017117616569
0.010418561731179428
0.07444999135671676
0.05878793548884944
0.006072443340873842
0.004574447472128001
0.005258825975503918
0.0044415748935293636
0.010781439249787346
0.024641066165783657
0.010275543237605269
0.009813859292560458
0.001253600468913221
0.0027195059044121924
0.02588166806426533
0.005862283558481073
0.00208173629663154
0.004008160484286369
0.01364747976259033
0.020187634079772195
0.01738332421556521
0.018878363148626044
0.06902840665427182
0.03657313071424105
0.006955610184185886
0.030775097811007446
0.02383556700661933
0.037184082068008065
0.012902001342932777
0.01168592893288221
0.031446756272601
0.14318838413456253
0.012728086958322303
0.00831269633515644
0.023836180646491813
0.013002460506294184
0.12192112257393774
0.0642205895746968
0.009214205028117407
0.010194586935769438
0.7721584254532056
0.6500126065105363
0.021760534516270465
0.018107082576118094
0.03149771372410784
0.03338708436691349
0.09638876742751701
0.03745823451819067
0.11246962869448286
0.10199294274614885
0.2133263478694673
0.0463542618097773
0.020318621397155325
0.011787982519804887
0.012723662208194412
0.012723662208194412
0.005394856627563317
0.011657127359242432
0.011386819306592397
0.011294943224870947
0.15517745133230154
0.014713826717397257
0.08566757637233997
0.04205649723170389
0.015418031426637712
0.03554638272947524
0.03746510341662316
0.024153128757934107
0.00149551488663517
0.0017926001585062017
0.03980169700440319
0.1339973971016502
0.030550671532027795
0.1116950479394463
0.017389898356290064
0.026091626026392565
0.042408173480413626
0.034288801791232185
0.03379689419110012
0.025925979439080562
0.016228314254257546
0.02915759007798752
0.00596746762711833
0.004267456218378824
0.029547040751150964
0.001571665730929747
0.03065883642327934
0.029878142104100266
0.026899973595298703
0.023404984246157973
0.14586282485400556
0.21339620987434066
0.015902112002711213
0.005631110138318066
0.01325002127500121
0.007518692797399606
0.05432214885833706
0.03374208642099827
0.06877243054061939
0.018625645063783364
0.03702537686216227
0.018223505466269135
0.02944678115436119
0.0299577440967134
0.0360631264399979
0.012366462265263422
0.01207096235576557
0.015565621991176795
0.05940979623046081
0.12699786502885518
0.01014606736057542
0.008268944987067251
0.017018246504306448
0.028688822593714858
0.008931581375949653
0.014578056844187046
0.0376073307463903
0.011245562812207495
0.05703186552768972
0.1335252561870499
0.03791239062209349
0.03436544570049796
0.018908217263842775
0.04104772101833769
0.01047165763275369
0.01463722514187814
0.01789551129069381
0.025192327595193877
0.3749657202720395
0.42470242939733244
0.05192327992292652
0.2034376919418105
0.0018604969643361462
0.001954904314905388
0.08781851259793175
0.08781851259793175
0.08781851259793175
0.019219428384601143
0.03210668826940358
0.03990574202930988
0.0033502215045185945
0.005962758950454106
0.031470700870800915
0.015204429611267316
0.0029865936300949615
0.0027410197484969596
0.002795413162559738
0.013044659716204434
0.006459230287770953
0.012153662638745658
0.014898548111978238
0.024437427998116882
0.03538838698891548
0.012169128174482296
0.02132301477952094
0.012646856974056639
0.02240241396388797
0.011969918991362974
0.013000462269633424
0.012691602103130832
0.018652636272618903
0.007470415987519402
0.021318430775244847
0.030639075483470963
0.012184007969424279
0.007266154613077778
0.018281994520857457
0.024491552765964847
0.028305356368029347
0.05397079552531218
0.9799400807757053
0.9818262056958312
0.032797690002516394
0.010259710787970088
0.014114609415558204
0.017309472267325314
0.027071855402248886
0.01775506070778803
0.0037205876010381884
0.030753516869717955
0.0349432013861507
0.15376239276792536
0.06964661242252947
0.1196369812110216
0.015453602338765774
0.02742313134759825
0.004497327981818426
0.009396091601362323
0.027768650006895195
0.02288015084745317
0.046001077887060274
0.054270541099815314
0.06473158681988588
0.02740563499813496
0.00846936592868845
0.0026717306374488574
0.04512246573017499
0.06639461010181687
0.06705592572164867
0.012039626629891912
0.02488441780615993
0.03863462691320586
0.03209847720805932
0.030944360137255343
0.04474129131330928
0.06312502399247236
0.022460070072395973
0.02235851987133602
0.0037170934490743167
0.0051682761691003035
0.0784374030047256
0.07410710440787555
0.02848377274444964
0.036229340135790926
0.009994148859903353
0.014753521748821765
0.0763640271835142
0.028528262643553196
0.008518259171108475
0.0072629546782593535
0.028859802117626194
0.037173930698734425
0.003012464605855758
0.0024294187119441534
0.003352975893777015
0.0044764563616254745
0.013801584395681259
0.01712051021779903
0.010221582604390487
0.005988514033549506
0.11987739490810004
0.07904732934133138
0.04192021014185594
0.06658347851555209
0.03767389005518033
0.024811064687506084
0.035383910584257716
0.004684025228874467
0.016362232873162956
0.007300021931070036
0.008829412894870173
0.0077717436716948154
0.0052013086718817065
0.003918929817121838
0.03040316826500033
0.01623443931736225
0.09453731567348961
0.11944567393333798
0.026969939533763167
0.029368903033408465
0.04270773821207904
0.01885784058790571
0.03547610512589799
0.028319746612879407
0.016153534719214022
0.011700174588649729
0.009764959363846706
0.011544652115889628
0.01785466865647186
0.026379366563806843
0.02377389323855928
0.025057991539658923
0.043946768826722625
0.028241520841280808
0.059210209400912574
0.038664567852294364
0.0011896956609780936
0.0012296171568438063
0.08667424287620303
0.06254390119748439
0.01673651297693686
0.01894581657723623
0.01024022973008886
0.001346472417978583
0.008962991096696815
0.014191194439208594
0.015487604842135618
0.03366071149923151
0.011727204004078211
0.009662566662660266
0.020517158920994504
0.019272101354437656
0.04089937158157609
0.023643053681781212
0.9100661812629275
0.9148053477782748
0.027567320640790406
0.008163626859373182
0.030540442160975366
0.02339949865590953
0.016572760177302262
0.018209843796357764
0.018279808411761342
0.026132974855433613
0.17680370179398963
0.03358442861948577
0.02067085710889234
0.03660087634875645
0.029239685093920182
0.040325656374955436
0.00445302100020555
0.014247836968968475
0.012953041148604377
0.027071410040775377
0.01592329199676721
0.02329547676098549
0.03256659476102179
0.02152993868934462
0.0219732018605529
0.021551710676655025
0.029641891048565308
0.026878660171552726
0.012853756117737373
0.04826668855412488
0.04834675351917918
0.021418717940538873
0.012436613919716608
0.013105609344387474
0.10501820550888305
0.10325283635805854
0.009055847627500039
0.006636377265585704
0.005656748045225735
0.020676632939404357
0.04923606643584915
0.02517897286504485
0.012992191102094907
0.011432774885272664
0.01889222573383029
0.01604265985060314
0.026576718658734625
0.032702909876366267
0.011209695317058168
0.005163271508029112
0.013534821078646904
0.01274700405641205
0.03161255482374867
0.013704875868059
0.017883069400126485
0.012545983471159048
0.00703443235236345
0.0058044798740399355
0.8336331434749069
0.7877071137408828
0.03505506523806359
0.01777528018369212
0.025833318239892537
0.046694142763082785
0.0058701161041983295
0.006301568185200969
0.05565544533152136
0.04444360564193551
0.07331508527826697
0.026521969126045354
0.04435441649766671
0.009571520113152095
0.00977242259272706
0.00977242259272706
0.0869108472949111
0.1677686730973165
0.015351690092276825
0.02020903827663021
0.01400037662937092
0.012690471164141869
0.020277890772308415
0.02346285824102895
0.07871148204808968
0.05576263624061873
0.006499488395079982
0.0031164425213047464
0.00017215139897534476
0.0032392616341102186
0.007098966701974143
0.004507270705768735
0.013690297537931941
0.002869958519070984
0.41973653740461275
0.5679936623018614
0.23926307122713256
0.16378095562046105
0.014049866491942963
0.017411936862196036
0.038089691500829734
0.012582369603911882
0.02392105789414763
0.03160290157514661
0.24123681305411393
0.24684424649971415
0.02592788611834075
0.02745243253109063
0.03297188714164266
0.03653275201937447
0.01670295352689653
0.023002894730407644
0.05201319818139102
0.03059828485416158
0.027558662031662698
0.03547692738940027
0.03800323860153958
0.10874840384416153
0.012615323279145265
0.005929255010243307
0.10945975700565154
0.25173862535868696
0.013014741819723721
0.048662609177470666
0.021018146887934092
0.023415747898311294
0.05596593155720169
0.05518789562374466
0.007257556540541313
0.04705781798508937
0.05813433781853593
0.045444541256918915
0.013807916571450266
0.024153636849822777
0.02060940710967893
0.03322595447012696
0.015891828371203166
0.005210008571196103
0.020723819623954844
0.01447150387579065
0.0016528434143661544
0.0017919454480581794
0.002551347765459022
0.004266661931515557
0.014926047223378475
0.006648673923096709
0.017875177151002224
0.017791608020883264
0.21914879852756475
0.18335321675585153
0.08302120485571479
0.1443640433614518
0.03555531383518486
0.031960934366226844
0.00282854928018223
0.003005414167634008
0.03428838797868584
0.07311836831417669
0.032654214287043834
0.04520585302101083
0.012327620558838123
0.02385415989794506
0.025381222232864167
0.05856195080661323
0.008078797080728848
0.008924245575783312
0.010806294889747799
0.013737963610803887
0.059834864572350134
0.06745669434484705
0.04809109042328257
0.04270155293617484
0.9550720557891276
0.8758788198515536
0.03403297377562565
0.02648606236568469
0.04447652550507637
0.1132946242999141
0.025714238542497964
0.05794487858964513
0.012905413099892004
0.017448776679178452
0.021303341187248984
0.024987386812445694
0.006500146944415675
0.005666394000143749
0.020028873796749228
0.04132287139880726
0.04329876253082991
0.037031521693185195
0.0074032056267833365
0.02015751866276941
0.00785628569592405
0.00785628569592405
0.005625525683091245
0.008804359960770992
0.0073301340625594995
0.02116855589415275
0.0643188586707698
0.030344116411719562
0.039520566694043
0.023637453392893238
0.03727152261127089
0.014631268207822764
0.017904450901259195
0.007688252882342952
0.02548480545563452
0.010716415823414946
0.3023851118055507
0.05566702104122446
0.9622607581736308
0.8998415518606072
0.031742221103786876
0.07765333863971757
0.0026919620443727733
0.0021511668778019704
0.054776407637645956
0.021286740670326054
0.018559202218756073
0.018559202218756073
0.04567148471291984
0.029055862670955848
0.020170332793483875
0.011365867959093761
0.04506140373492139
0.030042846375300192
0.029002858010113833
0.03065330907633465
0.0021923023115293797
0.0017137136100486485
0.004410092524246274
0.003999352207801801
0.010801494277206433
0.004424580010300744
0.0022966018048731084
0.002387471488449425
0.011925554457032908
0.036484186770764995
0.013612132838499151
0.0068996863787414014
0.0018442145232840438
0.0031784011286780443
0.06674277778537856
0.03393270392841948
0.0262121417440458
0.0304488259842174
0.028602319628975584
0.08578362295008082
0.022546015976758264
0.033458011979096806
0.04599778694250904
0.013478658755816898
0.07386186148689616
0.1249547106073648
0.006706677041533392
0.004727884813564742
0.014963191992403426
0.02470706112687765
0.19801253593601195
0.284418439920313
0.24727866569527315
0.24727866569527315
0.033502399046998796
0.03311821996600085
0.061818181347006396
0.02381119059261949
0.18637808023755906
0.042197263478739123
0.06524653246943554
0.028903992616004685
0.03294469415907506
0.027956566812482722
0.018322973577119893
0.012084036068436235
0.015171754772634542
0.015189368585504253
0.024816842917827656
0.010684798049280766
0.051164844848472814
0.021442396613019367
0.5768451877882206
0.6540157796726881
0.008953771446196756
0.011782158544197301
0.09489210119784845
0.10971140615482229
0.01702285510206169
0.015285232527834435
0.08417289042205443
0.16414083027391452
0.0077537481716114
0.010048973904239778
0.05906611349485798
0.07575871415572297
0.001609333260934377
0.0041148258799643764
0.002792062008269002
0.0015605028497533392
0.051686074913328155
0.12803395590116173
0.01489516437803008
0.028549997366873112
0.08511555392565566
0.04365461434312848
0.036013784653350256
0.029739181603120377
0.015165680961567885
0.007074758622867864
0.011888542181935193
0.025831847465590446
0.0737200462480948
0.09118156945031701
0.02953175826157839
0.015885015045837256
0.3069721243636277
0.16338039721795772
0.02650547124130353
0.015609883797988194
0.04551823447233723
0.024233967423672623
0.009456110284477069
0.003917098559770489
0.06571513281073875
0.04726265370910653
0.03962258515531263
0.03497568279015443
0.039771822394325876
0.013735331581554927
0.0012940560797205373
0.006261405372674337
0.0034061525842091207
0.0034061525842091207
0.012036524072616865
0.019075275230417084
0.013179852464686082
0.02050923214476545
0.024594635680323513
0.017102884008543987
0.020393553378170677
0.03387478834001072
0.01856815003144068
0.03725181313323438
0.0007148120178527783
0.005894768943597131
0.05333207826064312
0.05593102349215263
0.02285829132465303
0.029720096137958323
0.01378174907462181
0.013181592946255372
0.010650063808383705
0.010339880399486644
0.13636236789858314
0.029044919656187627
0.10833753409784644
0.5085677633381058
0.012466460857996775
0.025532112399793517
0.18659656112093095
0.12905317531910618
0.024480659163862238
0.005891994923154681
0.02562495648249511
0.009164869541900569
0.009927875166527282
0.028026642632011906
0.3610962825932562
0.2134385368567941
0.02478867371120581
0.02492201463670923
0.0017147955780862146
0.001337317926082854
0.39389826995095856
0.2360263952370409
0.04133232257698305
0.0341745246784853
0.03249272392192529
0.042320989154451656
0.03282227522875328
0.039185464734619375
0.00608124621010112
0.010438502240572545
0.004638995188585464
0.010252405865333337
0.03358198556598811
0.10139478809757428
0.03764571061791184
0.12236227495476801
0.18150177441862148
0.07663617831007037
0.014367750331739284
0.018028289694257252
0.015832099815826357
0.03469965782087019
0.003168710070683243
0.018139451209022765
0.09865396023670459
0.03001797376422338
0.04679067773067267
0.027999803762457597
0.011257214980846189
0.008631363014227653
0.03660065385990052
0.028459068855616804
0.020103318036884733
0.010212973946307543
0.09329973968218501
0.057494680283057896
0.029115563506872232
0.024188161999458134
0.021846401012362616
0.01123579751947255
0.02494812629935284
0.017094208329256566
0.028790624034051374
0.011161184987123216
0.027892525590509497
0.012253849759724118
0.003991504653644627
0.0019372902119355506
0.022930059045179963
0.034532455267299304
0.02374249837318478
0.007751725606418149
0.012149107285254616
0.008113648502617279
0.009073843051918629
0.008413460748947235
0.009216569098767684
0.009337691945787268
0.029334960558763123
0.025567232597492058
0.019178514312815656
0.048088902391618824
0.008355570103239405
0.032886567875108096
0.26294852115154055
0.2515918542121264
0.24934758093557435
0.14687878565122886
0.0071052236314388265
0.014729926422977362
0.02650389873696541
0.05651032602257573
0.018990177854372747
0.012515878038029182
0.0007877391947504316
0.005066619379132584
0.01032107859118116
0.0067234113086710795
0.03259804373410565
0.05452247811734849
0.03491871656341969
0.016465019335464192
0.09303906158563205
0.02304377342900691
0.03320557425935093
0.040464927038823505
0.01992833226331863
0.0191183616326355
0.09758202181202383
0.028702215977276437
0.037169855586186365
0.024216406043135186
0.012276766070053452
0.0015886890550248973
0.005162630301529041
0.021546730375004798
0.010686915812718118
0.012731379763042
0.0019939024893071643
0.0005226242154434927
0.04929168263578672
0.036662860074420614
0.028292924163304554
0.009775687646481866
0.006967838619117158
0.011682838422137898
0.08981040449150832
0.02600691390821946
0.20321477634330806
0.09595195283690708
0.04156323033361759
0.06317963480668486
0.028297895445035418
0.008678440339632543
0.031072860140915263
0.061018338421405
0.1163985897043931
0.10522426128932524
0.01668827417062456
0.01812133953208122
0.03941326085762121
0.02810872235105104
0.014494924830851784
0.01531579065133524
0.27551077768502263
0.15714833387238372
0.0069612683027009655
0.012083507596503175
0.016094019850378827
0.0025873071573677617
0.005369635582451982
0.03148773907774901
0.005460041248963253
0.04676223116898726
0.0019459376033240739
0.008154339552341443
0.0019424010520268928
0.005630949307426771
0.027542836607091323
0.12798881860340502
0.0524402723776527
0.03648509661297573
0.011633688878403145
0.018411336887564352
0.0219301675608815
0.01899213414541484
0.011605689256110335
0.005116454992617192
0.017885530013694032
0.014891338936279537
0.023627025554788537
0.04330307247973059
0.05138866041167819
0.07726066327106906
0.08744950494124737
0.012002659175705283
0.06094141564282402
0.03837578577788129
0.03638141340429814
0.01493337277517903
0.02824671408268502
0.0161956239100062
0.025238544541495142
0.033056535887787605
0.016181498990027535
0.018418943225752743
0.0062646876902164314
0.004072512670517043
0.017298907760699048
0.020330523047296684
0.011728510535721588
0.012663674304829913
0.01722911030828977
0.013067330248829443
0.041942847264148646
0.04174572813771407
0.034699789698223335
0.02302325159696187
0.0013453839317402593
0.006198278964244253
0.930665286640161
0.8926964455080196
0.023176796830036362
0.02821146807980208
0.05243095458030832
0.029381634732919354
0.02498406962195039
0.025177683489173073
0.03744148319710184
0.052324956205613456
0.25295763673863997
0.4863613234108878
0.028041803962952506
0.02285495195546808
0.3437206887687553
0.8544415932556895
0.001040720859813488
0.0008844788519950978
0.038989758531641314
0.02348765432075187
0.022703263907989425
0.023733899044504052
0.0035295961746284518
0.013005106321949829
0.008016389017804278
0.015089949899507637
0.027325077002724896
0.015012254346308901
0.006478287675705699
0.008538278040639979
0.02689385427575358
0.03676654494552759
0.011971020029322437
0.02611305269482072
0.049850596161060086
0.012600024165488704
0.0046619630717469485
0.0031984787230575685
0.026899417921460507
0.1195191383591533
0.004884558101440529
0.0027969095805511113
0.024516897902962603
0.016604197992144194
0.9421957266026056
0.016493657215941173
0.000865970373751932
0.0018924927177833145
0.025123961833624923
0.012047643309084366
0.03019658812022935
0.03778935895023654
0.04288908623078809
0.04655227670076925
0.027507637607034834
0.04855156254294177
0.9892462537583459
0.35359356754016524
0.02417489959894794
0.023923332817898622
0.0018852509812507013
0.042219178035324656
0.026553733320609847
0.027516446085256854
0.04655252670921012
0.01847003795129143
0.01614610239297387
0.012607516321301356
0.024602453956874
0.02038847202700595
0.020143076941239343
0.00914547566416521
0.035541824529471494
0.029179419508516876
0.029758395008201204
0.029279123818771645
0.07272282333389601
0.04286727655712583
0.9168428882017755
0.7247168160166261
0.006355203335718457
0.008166268709511428
0.017542628982998586
0.01707258185937755
0.04005067635067159
0.027007219514219118
0.003024441890589143
0.0025595187329518227
0.0041967221854417895
0.004993941497809601
0.0029550329319700114
0.0023307151890960788
0.01622926703908114
0.022862529289556503
0.05949197372384507
0.057410187812131114
0.025498975317377603
0.02373586233171841
0.0506523472871503
0.16055927915824744
0.03065050097088166
0.0351778611469277
0.01658858706580376
0.019500153232772093
0.009003609089558696
0.013598324327751762
0.007750685556361573
0.006752967288209147
0.029861562386331218
0.015962006373483568
0.0051995703142075165
0.02441354009707597
0.028583279322538496
0.015194015081294336
0.018038321600357513
0.03409451411866534
0.038915107480555454
0.035203702384936364
0.02514848727971584
0.01563315063443769
0.02041709429535317
0.01106667710884678
0.02072760100512884
0.01867457464303654
0.006374488909843311
0.044692894567437066
0.05083273303852189
0.07405329912997106
0.025794920331987135
0.010426663700749204
0.029329903192037446
0.014288164208848899
0.05542752747470197
0.03613673187838394
0.02194651528085779
0.023769592290135845
0.013267826098675125
0.014747325255719415
0.005046191492443572
0.00860083154756111
0.031199756754659594
0.031199756754659594
0.07178149041586591
0.08979969297371122
0.0065214023645601285
0.003005308911013109
0.00542292973536766
0.022525105240463306
0.004226193764331369
0.0054937783078887826
0.007315968426134066
0.012169251049253649
0.008648544397438998
0.005232820624250412
0.03114147336923677
0.014227333867739476
0.004739849334287353
0.004510102927700221
0.01756440110811238
0.013875378851752725
0.7427904526506864
0.7510684876002895
0.17705073696583631
0.045999976965821435
0.010284442469715133
0.024620678420228245
0.03832228977783339
0.020026051210538506
0.0031744043911093494
0.0011899121505097763
0.02563983112631924
0.033900207051012717
0.03511748159440769
0.024779544176925093
0.038827152049642745
0.022246227642652824
0.207226566867962
0.026437034317145933
0.0008135615614638596
0.002883354847750429
0.004695638169190522
0.00368577276478358
0.03027158730503294
0.014461542861447787
0.013438752543335
0.01652618942136011
0.01705917493777975
0.024881922811455223
0.02607397402240075
0.014779903895896826
0.006586524060120508
0.008139406447278112
0.07937321301769863
0.005741531988307866
0.013108693312082842
0.004367363864316781
0.016118579535102515
0.009788389317195492
0.04718310907904101
0.052325436135464885
0.006575108181505358
0.008118656113080307
0.8938176461793522
0.8557583575323842
0.0643531625255246
0.00828469698392126
0.0055786016251241554
0.002694024763595268
0.027664956069842647
0.0066667144672890605
0.00941921536746109
0.02116875538905891
0.042393938296731624
0.03257741206267343
0.9811088983757785
0.9818845159423736
0.3850338340005408
0.2572923803425725
0.009297750945722695
0.012824312624857517
0.003011862686454276
0.0028075088182524075
0.035434772486763494
0.0311711751327083
0.007186673606696407
0.013842430924761616
0.019192727637819377
0.0525113697289868
0.012742806906853537
0.03054036833289915
0.06051488519507025
0.03586209809855045
0.030470691206096957
0.027640640907583138
0.016454513196376634
0.011298319273596997
0.0042544866503983645
0.0023178528392830194
0.025254885898970878
0.03811753474811624
0.006487679602991042
0.004223931420205991
0.01539517713244069
0.011907651548983352
0.014506107081873278
0.005509206308834674
0.021743616706642748
0.008033139709595565
0.02959933963977459
0.017928582490763303
0.004842933581768818
0.00654978131165997
0.043490387364464304
0.060079217082987024
0.05096997452560529
0.11883572406485227
0.041785309583368825
0.1310120151552892
0.01000844863222434
0.008660444845670714
0.02421853353591286
0.031816612842106864
0.005777901371809741
0.01240527519161202
0.0266815870047577
0.029942908658852248
0.04713439607663996
0.03297179629467365
0.010109197286333109
0.019704264995599827
0.11033061861901539
0.03012677064180487
0.10358088355268574
0.10692925776866738
0.009570733910125086
0.0169285594888828
0.013235733641126008
0.013235733641126008
0.02670634708021694
0.029965994248798648
0.0734038108978545
0.05837364842153146
0.035300335429206325
0.0352269856917735
0.06262631204999831
0.0163258701726469
0.009133988440793517
0.01937405905208241
0.02658051717385594
0.022282457392182094
0.016161807406958228
0.03118290382232923
0.0033172064918954333
0.0036054843625625936
0.012859705286996368
0.010850509664082221
0.03611989740480847
0.014018182212059386
0.0001270920683898022
0.001132796718321614
0.015434441590469958
0.01513438958455411
0.0020206775001778204
0.0020206775001778204
0.020159578941124863
0.015640962364155443
0.01474182829428104
0.00584509157147053
0.007585275424867983
0.007277858410865005
0.011209902995526098
0.004117242145210974
0.026503897706119287
0.04059327753132589
0.02815289127740108
0.023813542884613223
0.09265859643008982
0.0191604034602006
0.025084180003335607
0.031912573992704765
0.06971010964077266
0.05852169457585808
0.004319345528757593
0.0065029398014540924
0.022214724079229704
0.007374450375829917
0.03291761000515794
0.02651627748614384
0.01574266907814591
0.012436125008463037
0.2820597815219949
0.3610285597062193
0.036505336933772115
0.0655821890017528
0.08740757657800804
0.04116233593765611
0.011861579130736596
0.005608557696700832
0.025914193402342203
0.01963373742278583
0.0074768048208986235
0.009538648386599794
0.0812504419560063
0.09235989475439176
0.009753791210418153
0.015778022568557346
0.011103195683641272
0.01840732495688206
0.010587799199634098
0.005364885417874708
0.09683713634273221
0.057670134196128445
0.005519985242252831
0.0064653613854999984
0.026424860363835772
0.06093977482143015
0.049365778406247424
0.02244064980191533
0.011077812131391158
0.016509559243805493
0.002258759697674887
0.007203811090036437
0.022570895874481953
0.04211085161189992
0.003915777620721268
0.0018967653469612966
0.014557833559690078
0.03526058246389114
0.045000201842825986
0.07679690456598762
0.06772777200618406
0.04466715055091687
0.0078985040579873
0.0021366593166528424
0.016982794074158893
0.008128879111151536
0.03795126761819276
0.03486638349983599
0.0005711261202446534
0.6026440195401445
0.022419684603772833
0.021854867673192193
0.032958676572453195
0.03357076722601343
0.0021847648748411675
0.0013765528492152752
0.015848433872403114
0.01027837393990054
0.02952504633183443
0.019716005777364775
0.013153674318877227
0.016957673575110657
0.009790753540279298
0.012336368672654687
0.9856584953260346
0.9765586304036947
0.9823912603153961
0.966094016542428
0.028424639007760915
0.006733612198585374
0.01838523722474425
0.010133273119214746
0.03351316261484375
0.026057894079826203
0.9682458807563847
0.8738856175098326
0.06158465116323681
0.049389534606074426
0.008176102905826736
0.00952038982099488
0.029850176736035974
0.04998731340304596
0.1139008762097558
0.14407290820950236
0.032892885471957546
0.05481047501511892
0.0167737825774767
0.023574210621231634
0.018329589997512673
0.02179459565558364
0.0256109861607442
0.032982272143235444
0.0011915764534230122
0.0038551027341690424
0.010363172822349666
0.029918276020652897
0.009738234035759363
0.01180978982080928
0.014194934814973746
0.01796049955627568
0.27075432832849217
0.1029805547380923
0.02235000515513512
0.036796412565083675
0.07996975062730904
0.04100775871626213
0.011370937865900165
0.00791068937272922
0.021342990235472818
0.01540137396493994
0.009220493371357722
0.009120072791556513
0.027994870110796786
0.025284875047915698
0.000145850659924814
0.00014239162397496627
0.009827263778853304
0.005867345937776424
0.03141787989729563
0.035092145878945234
0.00336237843006306
0.007901364437473685
0.012073596175882469
0.018490710121865973
0.05933322971153189
0.05866713694127113
0.007856924311772758
0.015946819918468223
0.016002073023614435
0.010527758653712924
0.8947098399195939
0.8123121239437191
0.026784336551118105
0.060690100709433856
0.9956112872166142
0.9955641006137778
0.0014288981449262213
0.001627264671540092
0.005029538942650037
0.004825975472179951
0.16458176755241838
0.0434898378462866
0.9769089061252703
0.9675828079893379
0.03216659806924233
0.01492366681074912
0.008115326601337233
0.004762327321908221
0.06993630405174708
0.02087845006916048
0.03400539854742422
0.006984559438178228
0.025864684893569776
0.014090865350252026
0.11680763593940474
0.05105026377226237
0.010000247861810781
0.013340597320003455
0.0030826156601505474
0.016537826760955533
0.011388411409257799
0.011801533054287506
0.002082317599718176
0.002082317599718176
0.8779264336256062
0.7844743465842046
0.0060094566336807605
0.009000107788392825
0.04064585501457137
0.0502467242632128
0.132241237093527
0.21938540964867084
0.07669391526882079
0.19031697884401108
0.016211375794636988
0.01689132750342189
6.139880668867523e-05
0.0001203899419430154
0.03421448022380995
0.016154528380440868
0.006126512069689926
0.005912053578329682
0.00928300838315583
0.02264550649178836
0.013671704765894604
0.01604697589685359
0.025083439159457613
0.015217012654568879
0.01629272244018681
0.022159843126958928
0.03611372626209732
0.04546414597207025
0.0112023705791853
0.0037572194666043762
0.03211094064387258
0.016695856189236517
0.020498741150497112
0.0056951198803912
0.00037748974129795277
0.00012013469687950512
0.031162655575079443
0.04391120453935907
0.01078408503553207
0.030090646409059178
0.019831776758805448
0.026152989829610444
0.06374935780771931
0.03234542493527727
0.033925079054421645
0.004227478189140172
0.07593603939360205
0.05214270577758753
0.014646713958588886
0.031542607109667
0.0035093855616275585
0.028551316789797145
0.05559544083589633
0.04383826309260396
0.02922362639962927
0.02922362639962927
0.0035259283747846914
0.0039652779926611075
0.0002022712231882779
0.0003548916325786748
0.03474686218885051
0.030837063136490053
0.9388034781291044
0.9277526541101073
0.06934011601823752
0.04413583829329091
0.03587502704833314
0.06760858239436254
0.029094056384756067
0.031204790930949904
0.005737419701760592
0.002275924976047178
0.02478404838895239
0.04491595057484746
0.025184093409212217
0.03142605514644077
0.0024308439930151348
0.006483460307347483
0.002195123826517339
0.0017235148217896617
0.011166368515943347
0.005937434527254964
0.0005508490784820236
0.0005073600309325842
0.0009772169720822746
0.0008601748114548008
0.01165731830952355
0.01165731830952355
0.017345566118520693
0.009801333586562789
0.017198976599810487
0.025760520636047914
0.00994791136419756
0.007178642927047924
0.044186143521303144
0.03013341166148813
0.0039022458959111395
0.0196544379596369
0.0063350007111220115
0.01573097617834036
0.010133828226250129
0.009124822948982165
0.02136431297686095
0.039095299361005476
0.006001537407053713
0.025045662519318116
0.05757743715267239
0.030887523677899032
0.015794037510162624
0.02188180629611938
0.0023683476488631883
0.003604950014407801
0.01066179162492333
0.005232565548978736
0.02407531296239225
0.013056765749711673
0.019701877777949222
0.02320257729595894
0.0058627936809571134
0.030510284964677087
0.032621604255994543
0.01653559648591032
0.16011780731340172
0.22712433847218025
0.026565069022976548
0.06726424357469885
0.02849645840553834
0.0076817229036351495
0.02262141912615331
0.020057163895297898
0.032908567542807354
0.016650248435237554
0.021448823748225803
0.005959731197503631
0.027511457914700613
0.019081067860635004
0.016941335838323624
0.027747963161414087
0.033039446311334285
0.0330376857151886
0.023762172464739856
0.006865171548335205
0.7329946788106277
0.658577715167756
0.004691914571369984
0.006168450909693323
0.010210826535164277
0.010561190682555616
0.9907529136840578
0.3101446045325953
0.0630754054314412
0.020553965942497688
0.02898873726967639
0.045003305906949995
0.015467017171009371
0.01764448394966691
0.014467916528642199
0.008705649002568951
0.015408695450893743
0.06142895876346418
0.995649056893867
0.9954054085912771
0.9957001144073565
0.9959535886589239
0.004542237309530224
0.006057492891851473
0.0020131248506128838
0.002374023115874201
0.024029052891791212
0.03882798250124167
0.004873186280440386
0.0034116634964644873
0.18514742255212352
0.07524980681279764
0.010046791675284578
0.020110441144172903
0.02038177733444217
0.022487595613666932
0.003034321591124898
0.0010049939900983642
0.009221828711490123
0.009957744501256463
0.015519944797456796
0.013080219752099002
0.02259848430205825
0.006910314146157966
0.01265852623643528
0.02092171308174722
0.0567905404241511
0.037614445607928954
0.008879513776450881
0.004271980818620973
0.058571601431681775
0.04451987316797555
0.027628877339239362
0.036295387091166295
0.02462534469711915
0.006257215046413188
0.24342730039496166
0.1402999033133383
0.018157122141836193
0.02442276405027763
0.052710744475284795
0.01055287608795144
0.0009931391523378807
0.0007313554414277459
0.009046023130668624
0.017922664105505227
0.0006550300914024392
0.0006997740053517955
0.00034829575838422736
0.00013522058141779688
0.0023941865200025987
0.0019689407640599353
0.0017246028749776194
0.0035366719177375413
0.02056543212118857
0.013787334439999832
0.010143068538325596
0.011883234904900803
0.010712393299375457
0.011238066500965881
0.00947810982456188
0.011358573316454618
0.00790467227120037
0.03469122897663687
0.015799599263050967
0.017567202885197933
0.01973463829336397
0.009976483350993446
0.016976408045107208
0.007385916652639443
0.01906098815444026
0.008864746961603045
0.01988875047258285
0.024136708255577937
0.2928714465032165
0.15814392378102649
0.008649135207458743
0.006548975155645739
0.010729255081314101
0.0126753375199651
0.013501094412267309
0.005157580735327386
0.03633517175308231
0.020717315675421188
0.01024986640447784
0.022755381620169695
0.01682835872481956
0.01138319056564413
0.019734776513784476
0.021329662743046367
0.016101695031382052
0.010879917267120657
0.004657132865449711
0.006569362135220145
0.042683288678745816
0.024772577202618315
0.006180244414753857
0.019933069311505864
0.027489187496306425
0.027489187496306425
0.011904875789711706
0.010597116973678085
0.018112059682625983
0.021575891142773012
0.050557990076712515
0.044102176793305706
0.07851106705539408
0.03061043285571564
0.045007340685864906
0.04367235935800605
0.026525770528493135
0.032890186296808156
0.0028592683574525783
0.006903361410930891
0.012272247543070084
0.005142070434585808
0.012661813228474756
0.013735216440005539
0.11445959846480867
0.1111890390077125
0.05185098364481423
0.017516835835502207
0.04575823130391107
0.07080156447436031
0.041897293322040466
0.02401574562377539
0.14504117806003117
0.10083623272532913
0.034712790032753356
0.01876597544606895
0.03195364334363872
0.01645408699242992
0.0027374493683464496
0.08215617026086756
0.0006407808326165163
0.001705133442847086
0.016520100675720534
0.007767417216104748
0.016627879050727008
0.050757806389732284
0.007862598984487764
0.0012610570560192813
0.009537826974010889
0.011040448149724307
0.033817656624521505
0.03177597878467073
0.051141849532567424
0.04992045926356475
0.006106720310400962
0.004950573952085267
0.2244308088646424
0.18116332478699845
0.009449502298636083
0.016448022818951802
0.05141071450205135
0.015634801242685258
0.3052508826497981
0.013539083205188578
0.028339472769832046
0.31396965811513194
0.014874594794962767
0.016984365832115603
0.983222933288875
0.9835153751707162
0.09504975549359704
0.006321111386641561
0.2467743502619694
0.17845104839974513
0.011454566892842008
0.015225096130462147
0.03838974358833449
0.03987304598173884
0.0318286610752965
0.03375018814538525
0.0033856602336238316
0.005342894233119367
0.004671911337256139
0.003425430447981403
0.024850786172498616
0.02135028369134201
0.0016230006855482123
0.0012641284890534039
0.010402485014496383
0.013040182610007158
0.02263158812555243
0.15582613786952063
0.05792734589707591
0.04828041290685574
0.09394577674304341
0.09279258198268947
0.027183856938300822
0.03442249190016688
0.017971050071502827
0.02431399602159954
0.08472984586929952
0.08567754607162639
0.0003222060420812505
0.0002815243967483557
0.007975425209728918
0.006421029253719787
0.04791999381060454
0.028452168261300464
0.9464454163184749
0.957554212438119
0.012899182956867487
0.017838314835889713
0.6094916650764559
0.3379694329310219
0.008494046779848033
0.0029019840414803177
0.016864039506247833
0.014044682611782202
0.006690009061042462
0.005366425510771927
0.03157152506206032
0.03914316727887204
0.0028736194090427654
0.003303571681334514
0.008746992421542171
0.015546013924035705
0.03892761561359371
0.04230063481636699
0.00791448024012627
0.005099701276777675
0.003983560510571195
0.01847417872484073
0.012499542099175594
0.012499542099175594
0.004508604943926933
0.004508604943926933
0.006287487132006426
0.007611966663867917
0.002567320870563831
0.0015237063116756958
0.050543853027713415
0.033171617218385165
0.02938243926364912
0.008319416756930171
0.03633688927010079
0.008862820133044451
0.15001207354626184
0.2237088160992924
0.001761268117575173
0.0022913848026989104
0.010387124418697654
0.01209008308876899
0.0007781776518428805
0.0004879846261921262
0.02289670967302753
0.03444063126472209
0.061475743185188295
0.0686452504364997
0.012701154257554002
0.004653468614653777
0.026439865238621033
0.018191228328915017
0.010457070879835443
0.013962623314950223
0.009793166348618165
0.025940466815392856
0.044506523114103066
0.026905567805083283
0.007930907231945611
0.009682171065674915
0.6237507746794577
0.6074248800684661
0.020625127141761478
0.022086624304878812
9.476155150700781e-05
0.00011117495073060919
0.012139220687286073
0.017694310244530505
0.008394604123024122
0.01052289728470681
0.04202019695561324
0.034900304737791786
0.004672259061988069
0.002843061740738555
0.018986416836105916
0.025962657303172737
0.015249732685063697
0.014871150414042663
0.013998244568207224
0.027691315499699845
0.9848977770371248
0.9875602869816041
0.00055596867686024
0.00042867519107330144
0.04831518961957853
0.03281939246312067
0.00433896028913724
0.022747338250772818
0.016455645406636382
0.013603897805892008
0.11335621693649647
0.025793449765795985
0.006865112235875899
0.024502950206301347
0.031910928754026874
0.010017711066921911
0.0019460949733291488
0.0026452626107259705
0.9810254557412394
0.9620061776558939
0.04817151090520935
0.08734778025951354
0.0037435986867017912
0.004065285802658543
0.0863483377125686
0.0886461129484553
0.003882699164510914
0.003106449609963229
0.0054252269920701136
0.006575317275120772
0.056654029914187956
0.030744340467217194
0.016017324278619998
0.03605501988480479
0.02330924683277508
0.008586939700792322
0.007331748325150967
0.016135777499349833
0.027838470448789204
0.005877407616972131
0.018390301401294967
0.013635466641880532
0.01053307781674614
0.01573424148042295
0.9197404025914271
0.20444567655676582
0.01444666441487693
0.0230453695065204
0.004895533688713767
0.007034592801753261
0.007679883147409941
0.007630946323105371
0.010436287567501838
0.00730220324921716
0.018130566693598985
0.037116609830756445
0.012055400951573482
0.01296079394433355
0.08570962977386404
0.15749359668990473
0.030295748017030617
0.01282339502255701
0.029346263253508385
0.029346263253508385
0.050991540380257085
0.017505160468124784
0.011736888221576683
0.008565108702330215
0.011453859923644021
0.019186584464768713
0.00046922009134919536
0.00047180700152163425
0.001059499745589258
0.0016283218363882359
0.0027153301957342137
0.00523455445866678
0.006366826318800305
0.003452344837736537
0.0046571987067846096
0.009037048585147756
0.004683796179897257
0.003403114630552783
0.01147650355850374
0.039087935456517675
0.007869408070536373
0.01695727640830963
0.013642207547600198
0.00672661158104841
0.011965645459681068
0.009335625418748248
0.04060597275807126
0.017882323856323937
0.012226665829107869
0.010872244486346239
0.020362200115844657
0.010919291643014221
0.015374163675063432
0.007059731663628778
0.010285402562583954
0.02633987073337938
0.006363760561504449
0.006355745918729379
0.010698290987572174
0.0075908818234331965
0.007891946234267979
0.006577629905648101
0.0187354393016739
0.00658330963475283
0.012060470608072499
0.02117703070378559
0.007726766313775558
0.006369907760666009
0.010706114002018345
0.01230441963476574
0.024390357245886517
0.03719180352388333
0.02894451698062898
0.03718407360326093
0.04949312724951212
0.018326792958133012
0.007801330986620747
0.006089754417510867
0.04464362662184019
0.03269615566721839
0.008609925360151894
0.040476457415518884
0.22120739959537888
0.2509821744509825
0.0035083064450258817
0.004973914017948757
0.07649251629213567
0.06469105797112253
0.04855672788149343
0.0568195621200408
0.2052702227056373
0.1316674721618413
0.04609115485545543
0.06697179786763668
0.10959402603188739
0.03015481276644577
0.03698257576640137
0.041366693123738855
0.027689572041764077
0.011488341922101533
0.01864160863631393
0.014911494601391856
0.02606614402477855
0.02867680351928373
0.0010074883623267348
0.0010892267812770994
0.031011979135443922
0.14273960904160732
0.9674371107278261
0.9419186082959874
0.0030501761310474306
0.007033338674217334
0.05415384474159989
0.14215094298139472
0.02271467569550621
0.020217775964023122
0.005265423722640643
0.006244168782594397
0.012642138914253037
0.031407360523314144
0.003142401305405707
0.012767230381552079
0.6924625889578896
0.9827539023164913
0.006208004356814203
0.007056689468145399
0.00263406659188579
0.0006845107824745162
0.019885863991920844
0.021626218486508614
0.00016150135945700738
0.00016679528228084298
0.0013414126226817613
0.0020339038318018714
0.006305068272426151
0.01167858392649401
0.01650365605709734
0.01937533731601764
0.02527606229324837
0.004873400760216899
0.036451236219076234
0.01483170026968482
0.0037020258367920366
0.0019410873558930548
0.06415237323724467
0.0802541586861353
0.011198695134410984
0.0033530290568132
0.03952755375979684
0.024922122046161628
0.0660960796076005
0.04350746915505787
0.0027486859950846404
0.005230552358350908
0.004422309491814913
0.022273512995460945
0.02638461132661275
0.026883771051996515
0.014249661383831007
0.008576476096379019
0.022672460508258045
0.008363407832571638
0.1582008518236884
0.20818521447267857
0.1259255013232145
0.034253650472933675
0.27767914558754914
0.07796719226862851
4.4276978212586774e-05
0.00017491431615490174
0.10788968461966467
0.9758441028679
0.03986690891113369
0.06684950392592649
0.01698607684660669
0.037693335813288945
0.016379621387785596
0.030935945716587736
0.0015644747838371087
0.0015950410331216104
0.008500915726705914
0.008281432765006562
0.3389048464918928
0.3994695783221391
0.018242661401648652
0.009366230207588483
0.014978753989103831
0.011425226607857676
0.03731390386039831
0.08090996176003719
0.01858672193450368
0.01858672193450368
0.026808946948739767
0.015822818182015887
0.045150446576783895
0.02700815118175307
0.039050205649968625
0.035261491901053835
0.008889388246878677
0.038916757708231955
0.00014208731620686082
8.361804910709378e-05
0.02814291448615497
0.02814291448615497
0.03460089638175933
0.029855187702935347
0.010415728628144473
0.009864652632138381
0.0064637029557904745
0.007082087633290736
0.00361117558874181
0.01402368827739202
0.9957337488934862
0.9950769229047277
0.011918776463271347
0.011918776463271347
0.009588606099302075
0.011832052996602426
0.031228092800981138
0.037212144213609515
0.008280135567053471
0.0191358682515416
0.013165698328878777
0.007408909813742797
0.0037927432160053424
0.0032108783555730987
0.0021822687828493936
0.0019641073381798184
0.28841268343202653
0.30496311063936815
0.01517079676379077
0.02252203179684227
0.018054502334518007
0.008271785713582504
0.08146329464576371
0.060839574724736986
0.0293800288128115
0.02327058900747613
0.019321948185849713
0.001966073439904409
0.03265498924598278
0.01846026963121626
0.004037035077712545
0.009802256636104824
0.028946797720428526
0.02044984993076746
0.021828685722350624
0.01385622767128041
0.02192532403417412
0.024948542483507228
0.035941312594000935
0.01810889170748604
0.022340064177475326
0.022340064177475326
0.04323108247971031
0.03951618304476772
0.01840223685480333
0.03397516567572671
0.015213329058568186
0.011043296597594569
0.028262785226723153
0.027125723808539243
0.01883551202916946
0.014345685532496145
0.03468446384094505
0.019129320826079103
0.01866986559325183
0.029629774854083146
0.03652767892507831
0.08247345096096532
0.0018735828651409684
0.0013683954612851892
0.010733392032804814
0.01616563092415233
0.016872717057507248
0.059525813436641574
0.03727401401573211
0.02901680337689313
0.06974452801771873
0.07332042275789506
0.017720183625798247
0.0029705256845008934
0.9848197672460355
0.9693076801560658
0.029623215873329764
0.029623215873329764
0.003416329067326552
0.006920718219391702
0.042526739462438755
0.0404269955920353
0.03239882045606658
0.030447256426229734
0.052915515876094096
0.0732559160624794
0.023458948391318908
0.04384955568951497
0.010880729130250028
0.009865274976014984
0.012078392786922635
0.012685972836297889
0.02914485179470914
0.06264287549387373
0.018112899021004235
0.012760890594220189
0.012691434614274176
0.012691434614274176
0.02245332422511121
0.015463398743308572
0.025561379350766262
0.036541113375483526
0.011116854313048615
0.02659099703471406
0.01318748082309008
0.009649633955858352
0.031902772826824376
0.036585989409632716
0.05860436989531592
0.05578830529928288
0.03724087830049096
0.033634232988507984
0.025951472544543396
0.027499737299011458
0.14488483176040196
0.07852127425601413
0.1848483743280716
0.2049330729145772
0.02009281896331224
0.01199251529575298
0.0005074042646487752
0.004639548931564347
0.018277405835636546
0.03594116872643722
0.019598424577287544
0.0031974466661648443
0.02427537810025418
0.03216284212937718
0.002643471258563527
0.004569327964806813
0.0047781304217371715
0.017854218094123738
0.031281110537565195
0.21432269400763837
0.0726452800516699
0.05070763419551672
0.018351981333916106
0.018351981333916106
0.0051938662411431784
0.01725594519003881
0.018478413349454926
0.20643034807489336
0.03426178343531082
0.021387989562556598
0.005753551386185228
0.0071836675811081255
0.06741976009427456
0.03574455411613896
0.03216455096785618
0.015125495317815624
0.035304356378663075
0.0680419708871471
0.02459692751491098
0.15024602542708176
0.010424481553225513
0.02318508422544741
0.02771743118562811
0.012178409316840862
0.014444511575167036
0.014444511575167036
0.027422537440299537
0.014025239444408692
0.16483564214489033
0.11149577113965532
0.002440333667732579
0.005429056815787069
0.01889640380210972
0.01889640380210972
0.016800330802130947
0.037325389737850476
0.024682766071156513
0.024726857249814705
0.0261122387554085
0.029221818423665495
0.014887979351759444
0.22451518900320663
0.006773513628622267
0.006780602183941172
0.008192214078441864
0.0031238730775111664
0.03880525398793254
0.17817411334833275
0.01036968533877336
0.025226410039503468
0.037012726449914234
0.047281329228125814
0.010787451971478769
0.016904331691070876
0.0339194403162238
0.034467554912442855
0.013678433211802397
0.007400907114368885
0.014036584106523368
0.028513051695097026
0.0031609832161508026
0.0010661721926020103
0.022514096068030336
0.009233682755256436
0.030352281904168683
0.04082819594528099
0.21035915719294315
0.10676503121724956
0.013335330836960436
0.0013684029694544086
0.024603712028749815
0.09437929933898749
0.013470596174949905
0.026281323329521135
0.064171753593608
0.06138999023412592
0.02387368770876285
0.023541556391531993
0.003361950625274758
0.004069400260323454
0.01309408203807239
0.008802401525073443
0.01105546911018831
0.027520104668915423
0.004984253931760913
0.0028005693599403724
0.009426811837227201
0.004257379642833284
0.013517886679367366
0.006222659121391961
0.011890773041629082
0.026086843818520382
0.01260714743175215
0.015461959221763797
0.0274295297216566
0.02473151084334042
0.09326437634875696
0.0415959265349673
0.013027886169450106
0.23768939300629102
0.018080409955169633
0.046540227654496856
0.048078282671878116
0.048078282671878116
0.048078282671878116
0.07034009130841527
0.008951609540132337
0.0033696859001647594
0.00047571789446311714
0.00010288058940399788
0.019347463075121748
0.012620728135675276
0.010171580181454785
0.010302659636680242
0.020474378897112455
0.012797274820327588
0.023120862794089543
0.03654463509776742
0.0009653707170473644
0.0008420588383839416
0.010225938408417134
0.013667957377097103
0.020142470938381216
0.008178330098268481
0.012187406680208887
0.02744444779795822
0.0469868890042691
0.015289571658373814
0.006117386351095939
0.008427826190648212
0.009412900094912724
0.007189133241588774
0.03233326318851729
0.02774436498054602
0.010977837020634406
0.01753278613492408
0.01297521116076068
0.008348128312766321
0.010895837815489955
0.0033085349491750243
0.005161260033116578
0.005161260033116578
0.2701871466581141
0.34003019196881573
0.09021306192483619
0.04701481345603152
0.02405548970813643
0.02511951493616339
0.007231836221890822
0.013379748861533746
0.02464114831506164
0.014666126305244146
0.01982436787391692
0.008877311597311546
0.02264739041638035
0.02708251145906572
0.007272872333396637
0.9757989566614167
0.030209118533060922
0.005755185697242379
0.053243395376394484
0.028405174333401225
0.027183656923896835
0.020036765330582698
0.9897959256924281
0.962667730782574
0.0001370679144208536
0.00010296687012686241
0.020678850598948847
0.015163643442666016
0.42612793913289704
0.6139460589068735
0.02000363526617605
0.014859812461783303
0.04389691712396351
0.027872111908018263
0.059178686371498854
0.05085952571509484
0.0076727464652050015
0.007019750635626183
0.009982090095027223
0.007431014640208895
0.012725241491735196
0.012110346786363644
0.02361595963797771
0.03962598687655729
0.007419270208602216
0.007706946520463619
0.025958168601479596
0.025958168601479596
0.0011278456758534755
0.000817017970051316
0.03073320135792377
0.10681367174188257
0.06280705143553691
0.017515383807367575
0.04385336804252296
0.03553939329555802
0.008807772348324491
0.008986499560587002
0.008838817618290598
0.020325099368333103
0.007491682510112947
0.00490689305484231
0.003886839086333175
0.005414286706659875
0.030965046486867
0.018828923949297555
0.043041000258094944
0.029730236813584686
0.36887103890254314
0.21142759414814802
0.003264689931159424
0.0013898630902246327
0.017206451879281444
0.08058217770621152
0.004977182576078124
0.01318016384711225
0.00972799661837491
0.013128935772471206
0.00011957069648129997
0.00018596183523817794
0.013207861905163787
0.0030865317315955853
0.007563471567076558
0.00519880447116219
0.02366203476142772
0.02213167094837267
0.006073836990651509
0.006073836990651509
0.01883640570135127
0.14276022431997581
0.010975360204323067
0.010975360204323067
0.014104763879946903
0.005457615331546854
0.003986224099166659
0.0025964416433074556
0.046639309392011954
0.027960105062442935
0.003870634360807675
0.006331427701990508
0.003177894581762337
0.00521022242023362
0.008446314087608082
0.00858872982593256
0.007180655848115898
0.0075039823005351464
0.013651380831262416
0.006406001702620451
0.014540729113170368
0.011321807903472479
0.049829918826696795
0.023438289202538567
0.004444407944108599
0.021881212111530858
0.003771135508961057
0.004372778582283225
0.01544302928092435
0.01713567931424735
0.004880679336956131
0.009067479457021426
0.0005147077617553429
0.0008423680017430788
0.009931276618075913
0.012133147016978894
0.9105044054613995
0.9082127310484615
0.0002790806008114696
0.000518577528936926
0.022135471308633473
0.014486900845747207
0.002793186513673672
0.0031170552492243418
0.00319663333486885
0.0022884451354345425
0.002683042932718356
0.0022543070241353626
0.015500832048734509
0.954989598814539
0.003316757858689633
0.004955179748882442
0.0024559972798871912
0.012859948371249659
0.017658011330281068
0.02814400595661862
0.004872444823714737
0.00132879466971012
0.01498302971895811
0.017837881322282364
0.010308315909769926
0.010308315909769926
0.00560293182824659
0.008816589036565209
0.03520699765600068
0.02362998734715019
0.004333245037152325
0.0015895346007684197
0.003390933639971222
0.002768114473981942
0.007040601241277068
0.0034508161523486274
0.002127517214644941
0.0024868309577294185
0.02618542261588545
0.03443705496036854
0.018130704285569253
0.3082386605369623
0.006711261392252704
0.003231461142515932
0.00027641381546495846
0.00020357569285070078
0.06509267539837957
0.022682144313987136
0.03104765463320058
0.0111237658254183
0.0005318557219376203
0.000241103028690567
0.008556741422773713
0.0059457344587817386
0.013879150340313647
0.03633796405856582
0.0019618057957603518
0.001522889125037464
0.01575378316964594
0.008472459927788273
0.005218870977714158
0.006702956996991037
0.007910232484660532
0.015000443686758505
0.006321743407560869
0.008038374920974922
0.005547622549940961
0.010570141486976466
0.0030865716848017966
0.006466324217618768
0.08391686017471982
0.0016201023125589995
0.9344559607909625
0.7501517516109062
0.02640596595394691
0.164711479684312
0.024217015125311527
0.005635222672605564
0.005886459331397593
0.02331032010861878
0.20823880149238885
0.1302004263842707
0.019691803535225594
0.02394253455843834
0.007816055556765948
0.04126466066119069
0.09541108648107627
0.05438059661417225
0.01340042477787133
0.01260750213388888
0.0199596988090882
0.006279302260938614
0.0019530365377003333
0.003340973315499023
0.016728004123532793
0.017381262378330663
0.02188113108336546
0.005972248208632985
0.00721807574864471
0.0018143788737440348
0.03788296795465056
0.019874911416436648
0.006897873261567478
0.004782305580274829
0.0018863965933931135
0.004417915721649191
0.11453408071796176
0.039047873566810214
0.004354316142922563
0.004808822584574315
0.005283463547544715
0.007499710193219521
0.005522556083682504
0.00951130794693345
0.022031061190227585
0.011242980731534274
0.03949884681038553
0.014835867241259106
0.036227443744973616
0.031003927113476593
0.008701588001486649
0.015245524052889953
0.008806905602132827
0.006809963578355696
0.0004793349700582955
0.0009783061628618483
0.004998324232143515
0.006020807450666404
0.06024840374473885
0.016447524330329606
0.01296217732337535
0.011426619775643932
0.018721361100502376
0.003791348196424904
0.018019855116492792
0.014265962069696552
0.0036072425522930924
0.006229993673442281
0.02547522217207713
0.026051759221380786
0.051860686602797613
0.033984583288709985
0.06489830550457851
0.03020468830197609
0.04341071525704508
0.00842697381893841
0.9328604333368008
0.8995336950639007
0.17731795989638408
0.9863980508602218
0.016852369426818274
0.019889481551685476
0.0011962797872512013
0.0005734080650293705
0.02045798493117341
0.010401493856400856
0.007975094091592331
0.024652810607679553
0.00898487337455442
0.024712611648738683
0.007686580951295061
0.0029108324055355243
0.010704664491272739
0.007037796475526944
0.03615982727955132
0.022336856286885785
0.011911738411170587
0.0025415532581224962
0.019703503419849652
0.004223346699991741
0.029405511128814923
0.03954361560801138
0.04881626761093698
0.09473631722012288
0.011970082648920568
0.0116771260570266
0.017946584579152353
0.008431372459554838
0.001793059924053564
0.0023067021312041212
0.04089882075496972
0.06856878147713633
0.0010617446071840096
0.0056250046793251685
0.03827665607422091
0.04456560136012154
0.013607158255747112
0.008239393022184615
0.007986608870689114
0.0038632206738692517
0.0021574995463907037
0.004526162194777266
0.045986379657314856
0.020037690426944144
0.037754187824000966
0.0343882597287692
0.020203185639455834
0.01900967050475314
0.015877807674265138
0.03695208886186807
0.020467910355230715
0.034213504479562645
0.01850655003707124
0.012055536316376155
0.007810637110960853
0.008266819290058973
0.0005790854284899052
0.001039899927289601
0.0002770481941623416
0.0007490811860313283
0.00035470243511308584
0.003099991249445015
0.016552364686680945
0.0053742533275233624
0.0012784850104653246
0.002047994990363533
0.11479850732359047
0.2400144973311622
0.0007682800206276469
0.003940456495799259
0.04911150987064576
0.047811249758211806
0.00233399603639062
0.004579970762469317
0.020166822164064884
0.0241809556151086
0.0044376925837805335
0.0051496659868949975
0.023925513705698096
0.01657436636061636
0.008075292554232727
0.012624407923313721
0.03533100697787646
0.053328786911178226
0.0004161527529728031
0.00010194533310749158
0.06386906914372506
0.03427026890847472
0.03433474120236043
0.019655431982226957
0.06061293419029462
0.030437577873843658
0.0034391330598618707
0.0023255107186495277
0.0010182349403867114
0.0020045161127564422
0.020050905740046643
0.011233998620826796
0.01367273479201252
0.020389924303694282
0.004179119248375669
0.005423456417746594
0.01753347129529908
0.02179888744642679
0.017052759543726873
0.014236911064801551
0.0015898862820454079
0.0009806282124788708
0.03464426659728479
0.010493474997883409
0.008372664723827819
0.0069226010793916794
0.00500643875800031
0.0044084385151530545
0.030481044371316265
0.01325774688861283
0.03971207492630324
0.027150342991818423
0.002608207682485166
0.005054853628827713
0.03612822972246213
0.011601946704457572
0.03605818506159525
0.028302369165914193
0.020246668045967434
0.028237066680308853
0.03878458391196482
0.03538778259901437
0.05326996170487694
0.0016027136149980512
0.16791945023689497
0.13302080916926795
0.1141812427139307
0.03073143649378988
0.0037657638889329573
0.0037657638889329573
0.0009708105912502313
0.005231762088766025
0.02105122218828069
0.020818431034534672
0.020100456379684533
0.008207990955097059
0.04464409837514883
0.060293429883878376
0.025878194262477748
0.017174534443614536
0.03363369340873076
0.02217680677684966
0.006110538746818264
0.0058754098874722865
0.0036677383940422
0.0050943622578333275
0.006197106452815996
0.01148668449931501
0.014280880432495298
0.007705053284922888
0.040124113952998225
0.008458226582084475
0.002282361831305496
0.008327081124976267
0.8438007466466185
0.906125087702243
0.0027239655032043693
0.001789347798092917
0.01009332155289901
0.009176115261130368
0.014147183268315128
0.011152511454280442
0.023946153418357118
0.007945610513105312
0.016945964319866474
0.014852666464194175
0.042237469972573535
0.031950547447502566
0.001188409254862985
0.0012104409254862258
0.00920710093093026
0.006664805803922596
0.021831198347047078
0.02111957549895582
0.00653441390840856
0.010148196144022136
0.02313081840700744
0.04166273279954298
0.00032669095790114483
0.00028207380728754067
0.027749756743993367
0.0778112327280368
0.010233909678554625
0.010499381856886666
0.9612023817986579
0.9639744563429452
0.023441169038860118
0.011146779189293842
0.008614753874267743
0.030206129890396005
0.008033900432632114
0.005991496839935059
0.07141410990242769
0.03866815827527606
0.030815177716158333
0.015771148751514804
0.01090642901679401
0.012638520642538056
0.020263374493050084
0.9836979254904057
0.011564195923063412
0.005293142025961442
0.030701667614698957
0.033266251553797574
0.01585939095548221
0.0114447190552323
0.010430181874926647
0.01294853208337395
0.9939636624118109
0.9931103295166441
0.008255504225043689
0.0200734617135687
0.013236669142747043
0.013236669142747043
0.20857628318936547
0.030043300731845222
0.9914997680473737
0.990983394901151
0.0068391109690549776
0.0078764466645697
0.0010033923434740826
0.0019500805417342433
0.002729150579341598
0.004688290674100542
0.026556209576195488
0.015415431801388026
0.0028373753614047174
0.000982489968979649
0.012552853235757569
0.01499914520167721
0.010649721322505086
0.006491151163636486
0.006439012911646721
0.0069305760608269805
0.011921904691396866
0.013381657159112017
0.004415017120025752
0.006394904971556842
0.002282157069924382
0.002004221726994776
0.003897761584159838
0.007299213950572922
0.009884164837181764
0.006111588205789658
0.03682774634358842
0.03450562058501711
0.008344059949857327
0.01837650677403366
0.009913868901634357
0.010701583025913208
0.9682801906651601
0.9724131105177266
0.011521101777076461
0.01131749600503266
0.005349437993065258
0.00969440496327116
0.016103951024288042
0.008537525054118214
0.008483548021384171
0.008483548021384171
0.011658759097461651
0.004569045351840694
0.010842844858184274
0.013585604029406536
0.04116944693216826
0.019104606337739107
0.013629079345536903
0.015017382643877359
0.32957501641585324
0.13434039608122833
0.004110082020009263
0.02492070778320826
0.02995263054127777
0.011141577070530652
0.4567955394336434
0.4652545698191018
0.4498297718180075
0.5599367316097348
0.003464881826541201
0.004704931999496308
0.04822648981730328
0.017952947953328097
0.01270424707739891
0.007949233307346907
0.033531682092318715
0.012991474948042134
0.028380479564875608
0.019887600412923322
0.009163228404849589
0.01166611738861305
0.020300517927756792
0.01955194966244308
0.001598027839306292
0.001024854132655836
0.019516460747820766
0.014511670451134532
0.012813599946993862
0.010467226626010611
0.006471380876799924
0.012482199543816755
0.01963488075403903
0.02515079284988598
0.0031116043296656286
0.010674316562376735
0.034172295631199015
0.0168902379887241
0.01841072146268248
0.00983222464225325
0.023734397366577908
0.03826773283841487
0.26930937906287106
0.11654006843125543
0.05412086708860514
0.03596335973255611
0.0053331703964356195
0.009218732663782946
0.06534954422367302
0.0066508969526255304
0.011637006475316177
0.014598732421081248
0.008308932439389915
0.005566458690674303
0.026958954597061706
0.023398525527411576
0.018186586442372216
0.016090818489050678
0.022228564648948176
0.05028089079793408
0.009899469909091185
0.0022781355815107564
0.00684029217152343
0.003552519937849283
0.01717940370002145
0.005088616003463381
0.0551133797855203
0.046549312778917926
0.026350485465794903
0.007189678152317539
0.007660222182857858
0.005847752232898886
0.015279998633193377
0.02253446776871455
0.01920580824394372
0.030830444767813252
0.034254892711257916
0.027853437752982768
0.012436582655365212
0.04835398893844715
0.005788737251478083
0.005788737251478083
0.030247024500034355
0.02556043994361097
0.0009571320765730835
0.001232558695691273
0.002025168327798893
0.002025168327798893
0.24068656939045943
0.009310684980379362
0.006812780922422517
0.034150462211433016
0.10035652526057703
0.04354776041658084
0.014114384429793132
0.011754543836905515
