0.15342770546783807
0.07754471603717181
0.022947728508795187
0.01954353840499802
0.01453064596645907
0.021897269791695227
0.012536771054995795
0.09353572181598158
0.01873018193462621
0.09413447786629588
0.016870548800629995
0.016526788449668074
0.02791517604383957
0.0402590916507693
0.0792291338196341
0.2056988754175529
0.09224628202753263
0.2237265450772719
0.13590666169887153
0.07141718163502946
0.017495167981689565
0.024225583685907447
0.001360237404679459
0.001271101140236448
0.11437543309690089
0.1118969971395059
0.01678052650467577
0.01746462406246459
0.18409525575755958
0.18764370955727305
0.014352399548081715
0.013285550669130272
0.8328794855848427
0.5205883780941463
0.0232844367377613
0.024747511805283576
0.06603366114762953
0.1040426257033487
0.02861114492724597
0.033134283405435234
0.06544283337285493
0.0528929781377344
0.20903050346375443
0.13924232469050446
0.07822341963092143
0.03483577908214508
0.06043752117344266
0.035980806524554466
0.005658083640710964
0.013581974869151189
0.020995389620515614
0.010516554437670767
0.03238839244769601
0.020526743253663292
0.05175843119575828
0.036011012829500526
0.9734149093658417
0.9734149093658417
0.027871618945104468
0.04124990155352786
0.029891383815481617
0.02476485491890623
0.025039364758745984
0.031812868441227174
0.04478746356213938
0.026061776872855196
0.0494241341829195
0.02791702944018794
0.03414355673916172
0.05754792073135726
0.10742815284418211
0.11349209262043937
0.04397453054949099
0.08365287914318005
0.04239641677959434
0.022831604746207573
0.04369895903294977
0.038274530865114564
0.09629614195178593
0.02879194170318204
0.7011202457797697
0.5730661094422844
0.03174854193047602
0.01680465518874549
0.03439434085176535
0.06331594088122171
0.05525748463132363
0.09993787093142818
0.11631008250716887
0.16028844284677496
0.13845725657196023
0.04290704031466233
0.03665167458213248
0.04810642613922643
0.049965562876679366
0.03687257903936321
0.645810900587287
0.6666005776456181
0.09301694187273231
0.0945086087927443
0.026110023557658936
0.03186660286493083
0.22984422360066595
0.2542776352370703
0.08738308000239779
0.03785955731434702
0.08729225235734486
0.09853808460157132
0.024566933611534447
0.015960308657012246
0.04465242699854653
0.012028904460312259
0.0019134080710620676
0.0016782471992158093
0.044919379647281314
0.12228183808123015
0.03103724354884723
0.002159835218381723
0.05107508619822886
0.06535613599639933
0.0683836132762505
0.046080163660291266
0.2882725879522741
0.4395297072764468
0.9977504340766757
0.9946652532828879
0.06737531656127581
0.05775670608896914
0.96730782555871
0.9688470226799673
0.015045068120415096
0.05373570357884419
0.17073736774126064
0.058799572359805576
0.0011406062641689317
0.0010771908833540034
0.023792100002953905
0.03620262309398487
0.007902155913114713
0.010111124406542068
0.028181955426521885
0.028181955426521885
0.01957344359951692
0.010069805716812512
0.06103988665782298
0.10108190600511043
0.02029186855280615
0.07479061828973449
0.9646769270829205
0.9701481341936042
0.10764484775901086
0.09073907888315767
0.2334661949453396
0.23606709410302615
0.06294161855156188
0.057498153428828226
0.2256017563541764
0.12211643371032262
0.1777421496446309
0.1258174295793807
0.7334418057661339
0.9287527901171648
0.04799470606884431
0.05457652894060495
0.04916406064324772
0.03018921289669605
0.10203948516605336
0.13719383853556064
0.08501155879558898
0.14606256252713437
0.8180772947999202
0.36871518338393927
0.009472126739931135
0.013941260203224155
0.9249696545774237
0.8171507079890864
0.7896868326797003
0.8882546885210015
0.049469082370218104
0.05820842440731016
0.07041468054727983
0.3065616028790372
0.16909860995720052
0.19041224212458144
0.9088730366908193
0.9251792759017332
0.10175923359796923
0.08475220119406854
0.06359478455083321
0.056924127657488124
0.05667925775151647
0.07547645449647063
0.6570679779782139
0.6593631974522222
0.009298114441510135
0.06253712519293778
0.189451731890053
0.19588904686395026
0.9978727703095072
0.9979432572057969
0.9977737683140806
0.9977737683140806
0.9979188872534942
0.9977823898801486
0.008238805231410292
0.011568364011893328
0.04372934700707958
0.06341082327977622
0.0600424554138529
0.06111308169454393
0.029731285366508764
0.028132757302125284
0.21414274083931878
0.26078784424288
0.9976009808626106
0.9976009808626106
0.1225916317718987
0.5024058973048713
0.17769514156106841
0.1619273716358861
0.9808653811189071
0.019320285475129418
0.9978375139022031
0.9962129408516923
0.03371472294895121
0.07327217154915447
0.37573430457899587
0.08941178083641338
0.09180547841167734
0.19774179008603088
0.11786056750978773
0.4057592487245223
0.14390351336627913
0.17117871285476702
0.04798917584367163
0.1516863187470602
0.17176081274512647
0.23079634275305547
0.9975223052539046
0.9973118692417073
0.06013531807856672
0.07895849353629168
0.008664205929475907
0.02120053219824172
0.9499425437136253
0.5211101542151628
0.5026062784905895
0.380786414897452
0.7586534094089832
0.6904813090115571
0.05713279537706094
0.03977784213322955
0.11709122360725699
0.20639598374116563
0.6841345890955689
0.7639188215155208
0.02893201635389454
0.016795341172068576
0.982336218345021
0.9057313150234679
0.06775809472837954
0.03950103549702884
0.028060189119516722
0.07843855342705726
0.9950790644903541
0.9954886062291984
0.44107785930691285
0.4617218209716433
0.6540528746540676
0.07810517533570549
0.3088110943010111
0.1733676351770411
0.9787348858166846
0.6479806819867081
0.9978526572342371
0.996578786400291
0.9859424115199883
0.5464236179491625
0.9778454445128731
0.9836855146843672
0.016459820764175227
0.015563848252777263
0.0397742203446079
0.02210732682729671
0.13623165949790952
0.21404580859038186
0.04094896063648251
0.036210047939923246
0.7145016179811245
0.3076003259317372
0.07418970214056356
0.07004448900267382
0.8875270148790517
0.17951311261961503
0.028770724751952782
0.021490230074113166
0.06154612592200737
0.09425842701611208
0.05275468190865042
0.06528193910054954
0.047888296949830725
0.014900985852848096
0.3420854429110294
0.16534335471246195
0.03028088418282268
0.05845659748609296
0.6113141089160775
0.3205183926980029
0.43328536140892765
0.630111631211776
0.8967006583617954
0.9312756063704491
0.0605410650764166
0.07315451415948795
0.12044265005172478
0.07900221516299222
0.9974225535808826
0.9411418922389155
0.997778474553304
0.9977456971164663
0.7583732062141723
0.5737004354372714
0.10682054921084762
0.01938264080709415
0.1253651623936821
0.1253651623936821
0.07866257839569746
0.0915682353974004
0.0006118025034048646
0.0011980975137071057
0.14998317914515863
0.14998317914515863
0.34086512503583977
0.07413217587449636
0.2354912566604768
0.34281719012151307
0.03524689775723177
0.04061033178962617
0.9977840063177283
0.9977552712943267
0.9689016435503043
0.9781009360224691
0.3155119733692331
0.28617491586499827
0.10940717466016861
0.08690823129611042
0.9976009808626106
0.9813028799688338
0.973449763829292
0.9944756998046588
0.9979584154223734
0.9851631262733164
0.06856369587823712
0.0682583731829194
0.006384175265997458
0.008695314475773307
0.047464297806843254
0.18675652214167462
0.7629649944651793
0.5635105808870164
0.9942924671747909
0.9926834134075295
0.058871089541202265
0.07217204361443094
0.16807193554287708
0.1272357813373108
0.2800177186253388
0.23747490891303322
0.1265276836433661
0.09658345730159587
0.06492324430187955
0.02317848666011666
0.08273086065087348
0.11151725966881658
0.9976405942833471
0.9976009808626106
0.9977871336555705
0.9977454869226727
0.09588902644606288
0.06258575543462669
0.12183147472821526
0.08776139731581578
0.040668658504351016
0.03492948268693128
0.7702346635890398
0.12679226586967451
0.09181548056832943
0.07200874767429849
0.07769005271244632
0.048179480382075694
0.006411853238808738
0.006411853238808738
0.21788835967596953
0.11269629993067727
