0.405234
0.403417
0.355825
0.357998
0.413487
0.412907
0.452708
0.463767
0.302521
0.316691
0.133022
0.118715
0.265489
0.269366
0.436746
0.447326
0.350889
0.3824
0.265196
0.2872
0.355255
0.384345
0.443503
0.429428
0.457156
0.446004
0.333516
0.303467
0.526359
0.530688
0.437996
0.430832
0.327743
0.327071
0.389817
0.430044
0.500478
0.48928
0.382544
0.376056
0.377649
0.370456
0.474657
0.476548
0.452869
0.443522
0.158339
0.147065
0.565164
0.533245
0.313825
0.314122
0.401124
0.421566
0.365757
0.388455
0.66421
0.94913
0.354538
0.33145
0.871073
0.902639
0.493457
0.497437
0.435436
0.427926
0.243434
0.235599
0.34572
0.362148
0.416902
0.407398
0.519782
0.521954
0.42881
0.421047
0.480698
0.494424
0.250269
0.271665
0.383001
0.370617
0.393031
0.409547
0.449186
0.446961
0.698865
0.923482
0.406281
0.427777
0.467267
0.482441
0.411353
0.392936
0.402444
0.41022
0.484424
0.487866
0.369234
0.38705
0.379648
0.38838
0.4485
0.447966
0.450872
0.461197
0.38528
0.431134
0.421537
0.439768
0.345448
0.356247
0.402135
0.404961
