0.0073292897877291225
0.002709916406397969
0.0026776531203833724
0.005432733380479044
0.008817556318861386
0.008817556318861386
0.003924106907051574
0.0013036218098401203
0.010164698808516667
0.007526286282507665
0.0024431715808011043
0.0018481502522597396
0.035696783854129346
0.018531171535830157
0.9485112185466973
0.5988460141482084
0.01738429954951051
0.21627741711216616
0.0018576056921864733
0.0037822526179489492
0.01658480387723378
0.009289212681693845
0.006483757903084257
0.0753653077370779
0.015818636273473102
0.0046037427381426105
0.01603996109766975
0.004312101294116758
0.002073296238416876
0.0065270773997338
0.40569122411052944
0.23611203770152733
0.002866113823741911
0.0017018363683818094
0.7426509652678757
0.38463223657370926
0.0010580652094024077
0.00034802194601344787
0.642954093860243
0.5969992221432967
0.0012471457124632926
0.004182144892578783
0.00811141744332579
0.006370957080754584
0.006802014536887473
0.020680850175152622
0.0037157439017451764
0.004880730710184475
0.0015805714751374726
0.0021500020990737802
0.014644588282301684
0.006087404579656015
0.019565670826241572
0.012313748468864388
0.00023437860114842388
0.00028032674031417673
0.0908723506230909
0.01836040362313181
0.02800446650167302
0.017887807441667986
6.883880513136923e-05
5.303046460578464e-05
0.05872075073452331
0.010142413128504457
0.4272228957527837
0.1800760039734819
0.0034557403745900735
0.00039477883119410273
0.01672049079901477
0.0486138176723651
0.0037144600220698543
0.012930586351108313
0.016783653211903532
0.05412284433446275
0.060453232763292
0.02021489837396397
0.001976597533629111
0.008545970348167927
0.0026861079783642794
0.0020608838683392606
0.21273870350441088
0.35269355145578873
0.006560752122612005
0.003979617600760679
0.0030118648787251564
0.004561114454271549
0.7497846700830533
0.05453603762191772
0.7425432438444426
0.873109292791869
0.024658264069592113
0.09416194130348551
0.014788067459341131
0.0021035379570733983
0.008122683531243782
0.004043513923405523
0.006715675762520749
0.0035407816350663808
0.016291301647935526
0.0027257901140687038
0.0038332118425077983
0.005272102172263383
0.0004236658036110358
0.0007625497890642268
0.013959317024355163
0.021391985206840117
0.00653371438694664
0.0068537421962847865
0.0008477076041758062
0.0020825054732548174
0.00024538790957708706
0.0011621156299373063
0.011448001923124361
0.005157620950676197
0.0024616689913377968
0.0025105165268920733
0.015366388642814434
0.018804003475486615
0.0077688757052788195
0.0033515669783816273
0.008638776390280654
0.0021988568098173155
0.002971409592607819
0.0042927326454152365
0.0037729257289092276
0.002409688038658066
0.0022111107388723093
0.0014541968377450322
0.7678978400076937
0.5129315009140799
0.03003027669819992
0.01651191843221928
0.012712639193435472
0.008501014460416156
0.010912299957579733
0.010912299957579733
0.0260328471327876
0.6897479647752406
0.004135728580781511
0.0037949044828047866
0.0022759634557162497
0.002032462524701339
0.008603542575511368
0.004038885656666343
0.052184085534475885
0.05606632156761076
0.0025823245230502147
0.006213643511436459
0.012843032030531129
0.07069439556678911
0.021766313238395566
0.005199911923265042
0.010391118055659492
0.008238296733023622
0.0063738665694860076
0.01267325154790558
0.002009215099919348
0.03659150761505189
0.011560209501407081
0.0013408879458379143
0.010232518090764083
0.008080117903316027
0.002090154812044629
0.002739056528629553
0.0044950236691245525
0.0044950236691245525
0.005139555098656768
0.0030642715777812806
0.9328279046526157
0.9431329445855254
0.0369114975965456
0.048891456127991326
0.005079386810617968
0.0030157994466012824
0.006585122622416884
0.012585098892112456
0.0031711958201273704
0.0031711958201273704
0.0026305965920195387
0.014260759631553552
0.002516187926659324
0.0024550584196619076
0.0033231106977092274
0.007046026643645748
0.0013606972958511052
0.0032884262271631794
0.012403877457372625
0.012403877457372625
0.25857832312702567
0.3662472974881323
0.0016284475450337019
0.0006431584606334815
0.7834846609171858
0.18726004644267294
0.0001098743157810225
0.0027814559522044684
0.0077141920225382125
0.00044503072352223677
0.0013836817881069715
0.006867967570913674
0.0015899854052143507
0.0035236568399391243
0.0213293875291921
0.013525641925368405
0.002224605944608788
0.002224605944608788
0.00932817869552371
0.006723701235433148
0.005002420763692511
0.008435030679224867
0.003110173046168905
0.003337118351308615
0.2295996097752327
0.4697082240920041
0.26609751219133815
0.0723098743785815
0.0032319934904499604
0.0031320478971726255
0.027854349281176038
0.0026425413744466655
0.0026640542088709365
0.0012050095849895455
0.6586317261198023
0.0032510859554757817
0.000222382893857766
0.00017072769599638864
0.20035702151670876
0.23651592505256258
