0.291014
0.291818
0.266486
0.26404
0.4867
0.483801
0.307305
0.307355
0.256125
0.262603
0.476231
0.491418
0.381329
0.375134
0.26863
0.272956
0.387826
0.393307
0.331097
0.332102
0.400982
0.385263
0.327083
0.266289
0.273956
0.277447
0.543826
0.542994
0.39075
0.390224
0.459639
0.46438
0.306377
0.292894
0.332171
0.33835
0.29489
0.298024
0.345532
0.349386
0.273195
0.257667
0.483532
0.585885
0.296644
0.29595
0.277985
0.333005
0.309374
0.301648
0.272488
0.302745
0.367136
0.394861
0.372271
0.380385
0.260454
0.271336
0.300626
0.308141
0.298166
0.295615
0.262708
0.263169
0.266463
0.255711
0.338549
0.334802
0.26828
0.279573
0.669997
0.632646
0.392023
0.363366
0.278755
0.304247
0.33601
0.30567
0.344411
0.349024
0.474958
0.417831
0.334317
0.328064
0.344452
0.345538
0.548987
0.580894
0.348561
0.372874
0.330008
0.325972
0.350955
0.36428
0.326953
0.334093
0.297676
0.308827
0.275759
0.269262
0.32279
0.31027
0.356919
0.349921
0.554974
0.561546
0.35401
0.365554
0.266535
0.269496
0.352346
0.340962
0.320397
0.348011
0.345077
0.308465
0.432661
0.437161
0.251928
0.250545
0.458894
0.537461
0.362054
0.34447
0.299027
0.28805
0.354629
0.34737
0.287488
0.290728
0.326407
0.328846
0.294477
0.295905
0.272571
0.272205
0.30815
0.302968
0.255643
0.249937
0.276606
0.282341
0.280573
0.273689
0.324159
0.329813
0.230845
0.234485
0.310054
0.310065
0.261206
0.262466
0.518444
0.253335
0.181455
0.182562
0.286894
0.286534
0.273349
0.26395
0.51762
0.512752
0.503606
0.487603
0.337418
0.340941
0.410964
0.373507
0.447034
0.438562
0.274007
0.297027
0.313369
0.302542
0.345744
0.357313
0.26568
0.261623
0.290514
0.298551
0.278728
0.282459
0.294339
0.29736
0.305122
0.309369
0.262205
0.26149
0.271908
0.270137
0.284904
0.285762
0.31464
0.304919
0.260246
0.257107
0.36012
0.352395
0.319119
0.327675
0.209613
0.206269
0.246821
0.251784
0.284763
0.280506
0.219758
0.206525
0.311039
0.311774
0.420864
0.423271
0.350879
0.353026
0.308508
0.308055
0.245197
0.24531
0.321466
0.329624
0.562548
0.568134
0.304334
0.307692
0.575324
0.578525
0.507326
0.510226
0.275963
0.274462
0.292034
0.296342
0.267745
0.273224
0.32541
0.325743
0.264074
0.260127
0.273983
0.258508
0.27213
0.281692
0.247209
0.254027
0.445099
0.466285
0.644375
0.655373
0.265685
0.266456
0.31213
0.308674
0.270729
0.272398
0.352054
0.342086
0.235926
0.233518
0.299157
0.298511
0.299401
0.30014
0.274453
0.268247
0.401052
0.412381
0.282794
0.280189
0.486153
0.483963
0.252717
0.259193
0.242254
0.243603
0.676704
0.675351
0.303848
0.308886
0.254303
0.219968
0.353255
0.367546
0.194132
0.200319
0.272066
0.264776
0.227889
0.225239
0.25666
0.27317
0.326357
0.278121
0.388117
0.401875
0.304202
0.288525
0.285496
0.278485
0.320977
0.299266
0.304743
0.305959
0.273868
0.303925
0.298029
0.293581
0.302317
0.301826
0.270274
0.264092
0.281827
0.282886
0.236675
0.245474
0.417726
0.427332
0.373639
0.36147
0.243363
0.238408
0.288926
0.293024
0.360115
0.353012
0.476723
0.554483
0.273194
0.280596
0.24251
0.246052
0.486724
0.485622
0.286136
0.282955
0.226061
0.239967
0.300525
0.291793
0.707533
0.708985
0.243558
0.246651
0.310307
0.3075
0.241654
0.237152
0.277009
0.272058
0.392562
0.392553
0.481573
0.474033
0.296747
0.300834
0.288288
0.289798
0.41869
0.412584
0.643368
0.638967
0.253793
0.240968
0.252635
0.255822
0.222677
0.227475
0.304338
0.306871
0.435969
0.449954
0.343263
0.339966
0.266158
0.269669
0.322623
0.318965
0.236766
0.229565
0.37448
0.352724
0.33121
0.317663
0.576503
0.572728
0.262139
0.258518
0.518155
0.512118
0.2117
0.211527
0.2279
0.209317
0.658109
0.66495
0.316382
0.318937
0.536649
0.544851
0.471975
0.471898
0.427201
0.425568
0.398489
0.28816
0.296798
0.304568
0.252179
0.249753
0.303576
0.312414
0.36213
0.358933
0.344575
0.335929
0.269275
0.272394
0.307175
0.302361
0.238747
0.231198
0.592414
0.602243
0.293965
0.295358
0.290444
0.291477
0.581538
0.584398
0.295994
0.297688
0.239415
0.238821
0.230002
0.217659
0.278005
0.279412
0.269457
0.272277
0.360157
0.34639
0.291595
0.354553
0.28395
0.321785
0.728299
0.749131
0.232343
0.228278
0.399515
0.386838
0.301444
0.308557
0.283359
0.281315
0.303526
0.301322
0.242848
0.244178
0.244946
0.244729
0.313759
0.310695
0.596757
0.594691
0.26213
0.261132
0.307511
0.313766
0.204687
0.214135
0.777786
0.621653
0.2299
0.232181
0.254169
0.255544
0.278862
0.27803
0.730766
0.730588
0.561192
0.550097
0.272696
0.27136
0.242764
0.259314
0.276136
0.278065
0.540517
0.543777
0.469555
0.46323
0.307131
0.304363
0.256105
0.278351
0.548725
0.555559
0.257169
0.252383
0.291763
0.282685
0.246648
0.244648
0.233176
0.230972
0.238933
0.227154
0.280812
0.284773
0.207923
0.208807
0.260447
0.258636
0.52338
0.491198
0.286404
0.310485
0.265158
0.254035
0.279918
0.277934
0.315958
0.321715
0.182358
0.179867
0.261604
0.258665
0.238054
0.248025
0.301064
0.292304
0.272078
0.275253
0.314274
0.333254
0.251545
0.25307
0.260319
0.257389
0.255847
0.255214
0.259872
0.266449
0.3955
0.415582
0.305417
0.30356
0.302568
0.306291
0.291202
0.300418
0.267787
0.24892
0.267579
0.267234
0.345597
0.339641
0.264905
0.272376
0.264829
0.262464
0.225088
0.220456
0.461913
0.449367
0.248104
0.24745
0.513593
0.476019
0.278937
0.286959
0.25686
0.25725
0.247459
0.244301
0.256273
0.258632
0.257259
0.254053
0.294917
0.28353
0.555435
0.553448
0.238446
0.245229
0.234415
0.237883
0.210209
0.212634
0.292617
0.292421
0.280534
0.27915
0.265587
0.270839
0.249068
0.24759
0.323059
0.321982
0.340561
0.343614
0.285056
0.285648
0.276106
0.272406
0.270777
0.27775
0.278603
0.285812
0.253011
0.249146
0.263866
0.26809
0.237083
0.239192
0.226934
0.22047
0.537934
0.538053
0.29562
0.287064
0.26671
0.265045
0.292288
0.284916
0.269785
0.273222
0.256026
0.257416
0.212838
0.220272
0.652715
0.644186
0.643764
0.649618
0.667402
0.657698
0.279251
0.278618
0.282743
0.251563
0.404572
0.399658
0.527302
0.509223
0.235638
0.238163
0.328685
0.336565
0.625629
0.645138
0.274523
0.279658
0.225663
0.19686
0.268892
0.264029
0.251888
0.266693
0.312283
0.296393
0.299307
0.298269
0.319431
0.319717
0.25822
0.25343
0.241891
0.241442
0.272366
0.274073
0.269291
0.271005
0.299302
0.294776
0.258091
0.260794
0.238804
0.244863
0.24729
0.253851
0.265682
0.267803
0.278864
0.282759
0.311354
0.316747
0.253351
0.251883
0.27506
0.274358
0.31512
0.311774
0.24528
0.245826
0.227417
0.224161
0.262887
0.260907
0.217317
0.215058
0.274985
0.273813
0.311837
0.298701
0.309746
0.306294
0.267868
0.238997
0.24878
0.255379
0.266398
0.266866
0.360001
0.354046
0.253399
0.24259
0.242492
0.244093
0.403654
0.401666
0.260444
0.251621
0.266185
0.262221
0.221411
0.221695
0.250121
0.251126
0.261444
0.242814
0.227679
0.238074
0.260285
0.256682
0.264008
0.266072
0.561879
0.550779
0.288138
0.285937
0.21527
0.225049
0.280745
0.283916
0.255821
0.249947
0.276181
0.270737
0.25419
0.26303
0.301732
0.299665
0.330088
0.330437
0.285665
0.287792
0.284473
0.258414
0.326138
0.325876
0.254088
0.264013
0.26503
0.293946
0.544911
0.539676
0.546079
0.540677
0.221666
0.221597
1.0
0.831276
0.262473
0.26401
0.231625
0.225665
0.261143
0.265957
0.283931
0.287536
0.45293
0.445563
0.340518
0.336479
0.293373
0.299773
0.287739
0.28551
0.250037
0.24891
0.758272
0.838301
0.233918
0.226506
0.273447
0.275566
0.743519
0.770292
0.265006
0.275654
0.235013
0.239427
0.271408
0.271641
0.289871
0.267217
0.287994
0.289214
0.240938
0.235669
0.273663
0.277099
0.256095
0.248689
0.254344
0.254455
0.272397
0.274697
0.225633
0.228708
0.287342
0.285157
0.246394
0.24323
0.292205
0.287517
0.362483
0.379448
0.807228
0.79271
0.450495
0.414998
0.279181
0.273787
0.291305
0.292967
0.282872
0.280555
0.286977
0.286224
0.234515
0.227849
0.285728
0.272504
0.419258
0.413154
0.328978
0.346252
0.235938
0.232909
0.236394
0.234218
0.450854
0.686815
0.256697
0.265517
0.296515
0.304937
0.272121
0.273753
0.225813
0.223062
0.196774
0.19558
0.365191
0.381243
0.61422
0.590889
0.255909
0.270936
0.243985
0.244158
0.249501
0.251369
0.299162
0.297685
0.287885
0.296427
0.332902
0.343727
0.417361
0.409133
0.275443
0.286777
0.19112
0.200125
0.241995
0.238025
0.283358
0.283451
0.19949
0.176728
0.322453
0.332829
0.553724
0.578338
0.523504
0.544749
0.217855
0.212824
0.284804
0.291532
0.301315
0.301674
0.771619
0.775407
0.334248
0.332929
0.626962
0.595665
0.295542
0.298795
0.266207
0.261913
0.275876
0.274025
0.288474
0.302538
0.647583
0.658737
0.207899
0.205085
0.221845
0.22267
0.407927
0.402722
0.263748
0.264594
0.211232
0.212857
0.278315
0.278824
0.226119
0.225723
0.23441
0.231343
0.234408
0.234961
0.676317
0.664601
0.661106
0.719745
0.322701
0.315141
0.254219
0.255429
0.281253
0.28009
0.41495
0.418105
0.403182
0.401658
0.296269
0.294948
0.511943
0.520578
