0.0009616804752435727
0.003288086197322759
0.000653345450049152
0.0006678071109654111
0.0016632018840307384
5.728919723860204e-05
0.0028948815001635184
0.015854105813755
0.0242441460574861
0.013413644892442627
0.815225096346478
0.8596893719253795
0.00884340403499147
0.006215598587932384
0.004338528859819212
0.006170673051962711
0.00779222714258099
0.004142734835464881
0.9168033172554122
0.37632179297918666
0.6904562830351625
0.33457359416450877
0.030857793422664138
0.035912043347670806
0.01129165489877363
0.008350625200221087
0.000207797801567912
0.0005773872313167653
0.002579748752019919
0.00214345522217411
0.007354504730512489
0.0017884985372362827
0.019604252185071534
0.0026284257126719395
0.7498185292265857
0.5436349886844172
0.0024814636670449277
0.0023908111330123226
0.008862213621817112
0.0071525269869594735
0.0022954050813900166
0.004564986019161303
0.0004938910072634341
0.0007811218446391172
0.0007039151999297467
0.000313787650004318
0.0007711823342894271
0.0013660130521410453
0.009435871805116378
0.017411251183201405
0.005509899364084513
0.010942498567716263
0.009640499820492919
0.00670440124710082
0.03551351493354232
0.13200748427266884
0.0009449948407731947
0.005510442695867328
0.0023932430632257152
0.0019200644368811812
0.00019847480137611908
0.0003805191208170126
0.0002840267356580971
0.0005762359978458938
0.002682014582676117
0.0021204322186931038
0.00040357513167911264
0.0005107313023815695
0.002126486201158892
0.0017850963718340947
0.5447636437591971
0.7849987569297135
0.0027277437862305155
0.000576095128923015
0.0025644118977243145
0.0036451703029391977
0.9081548032279311
0.08417577628944088
0.005361333229701393
0.0015311018333680588
0.0003153255690763309
0.0014485781423747598
0.10109579070486345
0.06778291275998928
6.275124836078117e-05
4.3250180840041835e-05
0.0009798175967328125
0.0027995425599682483
0.001103530762608124
0.0007843551648674447
0.0011701004005535895
0.0008812789182967112
0.0010597473031311768
0.002254636529043565
5.20779711923246e-05
5.20779711923246e-05
0.005004128578097402
0.029052954144881526
0.0006691906691269094
0.0005007446501818357
0.001717409121189509
0.0008867184929455637
0.0004670642766344821
0.0008269136034233348
0.00020157170928523666
0.0004325778762203246
0.0010133884135500458
0.0024572203503160322
0.00033539807742872114
0.0025905651614027423
0.00024211697140481188
0.0005387885079399991
0.9865616754327101
0.9704542623475584
0.00017313891063222336
0.000408145643442152
0.005237873777305573
0.0035998403059019565
0.9822746670500895
0.7347693443547151
0.002531179500700935
0.0036649631997612104
0.016665236932440455
0.003339108953848642
0.0019005386203763983
0.0022877087896428644
0.00016948179107758644
0.0006127694564582648
0.9821507457959046
0.9700335145518006
6.137335036757803e-05
9.289996461489006e-06
0.5930966232890569
0.76669668253297
0.6075779912019413
0.5752035188039085
0.0015394506612828015
0.0015435877168745887
0.0021776117075197445
0.0015566931061539646
0.00018498843707962005
0.00013965654357022263
0.00031121511304264626
0.00039791185153494437
0.03413788036071036
0.010777004038824632
0.004453993449344218
0.00266759552685924
0.002513790638878081
0.0018928459648238692
0.0007298092267209013
0.0050243665828024735
0.0005952299207980387
0.0024195853359926175
0.0017000073314018102
0.0008586092617344103
0.7373426706783381
0.9417172692166321
0.000843019329887565
0.005731258919881969
0.0059926263404220925
0.0019162356917117123
0.002886671778657621
0.001184798630100437
0.010171098951234237
0.0013584456837242133
0.0002350075098349789
0.0018239535073619935
0.00039997350664186564
0.001324378908912008
0.0004472888915075771
0.00037003847862083887
0.0036937382456136555
0.0012748015200553743
0.004187237223067328
0.0012868605685312968
0.0001064794423820514
0.00020250208737587617
0.0008489140676705694
0.0002669697364951863
0.0004037892587646212
0.00043583217350033154
0.9798086827705513
0.9798086827705513
0.004255922325299483
0.0032705537031819435
0.00569940882733093
0.014210010498087065
0.0015809236389478407
0.0021334354492562593
0.0018588357024168307
0.004468049380947274
4.6024270788071184e-05
0.0001601614186802182
0.00048681811631710246
0.005350519162231322
0.0009250139300804398
0.00043368440358794046
0.00048228568977597987
0.0006747886852144738
0.0015274283936109
0.00018740048076498333
0.002627683998058777
0.04975036904275066
0.00022117817149326725
0.0004478725186144784
0.000490726807693851
0.002106959666544908
0.0030730446441618307
0.006798088058544674
0.0008543374241339202
0.0008400906608805066
0.0007076195034798261
0.000860756588172702
0.005333661208964955
0.0037356297025760614
0.0058465785939636
0.006870789757169539
0.0013487100078085393
0.0022682214548704503
3.6404206918673267e-06
3.6404206918673267e-06
0.0017038190629242852
0.010914945025031665
0.0004993488134088424
0.0029060396248974355
0.8500568166037485
0.9226894468549653
0.003313747845464021
0.003438036665387849
0.002815556116048865
0.0018804803466392166
