0.371857
0.357725
0.152442
0.180439
0.047107
0.043604
0.070474
0.071193
0.029044
0.028921
0.237723
0.292017
0.040963
0.045519
0.400232
0.415712
0.480275
0.392947
0.146147
0.112814
0.099989
0.490997
0.072114
0.072722
0.546462
0.577891
0.066587
0.067764
0.257236
0.27924
0.796345
0.659332
0.124618
0.128331
0.430668
0.454901
0.386347
0.364007
0.245463
0.126754
0.334467
0.355868
0.448655
0.39992
0.535832
0.721588
0.392679
0.28509
0.328824
0.330858
0.029808
0.095515
0.29832
0.328989
0.045376
0.04985
0.077716
0.065564
0.137794
0.165795
0.405427
0.375404
0.032044
0.037109
0.445404
0.443669
0.418741
0.32471
0.150466
0.205031
0.178609
0.170555
0.176628
0.179152
0.094402
0.086939
0.098631
0.093352
0.158039
0.18555
0.150433
0.155318
0.25437
0.256991
0.45401
0.479722
0.304756
0.300008
0.330687
0.314715
0.275613
0.264641
0.595655
0.549315
0.352147
0.304346
0.244929
0.215433
0.509887
0.521273
0.321324
0.369455
0.427707
0.440341
0.247497
0.221115
0.111757
0.137295
0.485926
0.476971
0.452251
0.432298
0.110075
0.108677
0.581416
0.600084
0.306299
0.32009
0.499949
0.597596
0.47194
0.495485
0.832246
0.783561
0.398349
0.399383
0.279859
0.426503
0.489587
0.562444
0.034913
0.032272
0.241926
0.375518
0.330986
0.309732
0.104399
0.098024
0.425517
0.422144
0.326217
0.297629
0.071954
0.053871
0.698738
0.720765
0.13844
0.13652
0.408032
0.421119
0.138021
0.150996
0.087149
0.094765
0.219423
0.221869
0.413114
0.494488
0.023869
0.021122
0.075683
0.083905
0.121009
0.099448
0.034821
0.040975
0.042936
0.050726
0.471642
0.495483
0.242368
0.228252
0.08404
0.097244
0.515354
0.51964
0.330791
0.30632
0.096935
0.078079
0.592579
0.611527
0.306776
0.309025
0.442549
0.441441
0.308167
0.324909
0.163703
0.168914
0.133138
0.131747
0.483116
0.499086
0.606429
0.576665
0.153239
0.160634
0.309031
0.288538
0.366335
0.364801
0.437298
0.404488
0.733448
0.597364
0.093373
0.03804
0.341241
0.352049
0.791086
0.781791
0.664764
0.704205
0.289742
0.513561
0.194257
0.212244
0.043489
0.040035
0.58121
0.542216
0.184131
0.175807
0.576396
0.576206
0.288342
0.271816
0.656342
0.636752
0.212755
0.234905
0.122705
0.282314
0.072529
0.068122
0.180253
0.179763
0.328481
0.319543
0.678489
0.693785
0.118334
0.120367
0.033106
0.040073
0.537129
0.538942
0.364398
0.385149
0.113849
0.095446
0.19653
0.136075
0.210316
0.234992
0.174605
0.173881
0.071172
0.075884
0.121494
0.142999
0.254513
0.229024
0.263602
0.361676
0.842717
0.280784
0.316176
0.682336
0.61444
0.143559
0.538288
0.522411
0.494669
0.491218
0.472468
0.46482
0.118888
0.119643
0.40368
0.399862
0.203433
0.205194
0.083388
0.145546
0.156179
0.177755
0.391373
0.428638
0.177018
0.12904
0.164906
0.169196
0.127111
0.267559
0.542572
0.5196
0.175762
0.092749
0.238963
0.24511
0.283592
0.275816
0.309561
0.307006
0.079731
0.168941
0.253191
0.334408
0.416373
0.438548
0.261518
0.263684
0.759006
0.750478
0.643914
0.675411
0.240027
0.358748
0.246499
0.240406
0.13229
0.135725
0.264979
0.271659
0.314242
0.296777
0.728589
0.749469
0.530254
0.555208
0.560641
0.676236
0.034824
0.035727
0.413745
0.473824
0.393068
0.39127
0.13417
0.167927
0.133574
0.130544
0.593251
0.602305
0.174494
0.163171
0.126183
0.13951
0.318462
0.322605
0.35958
0.312648
0.65694
0.643639
0.051907
0.049053
0.076002
0.057123
0.216927
0.21642
0.211907
0.17543
0.241338
0.313806
0.39792
0.409911
0.439075
0.469597
0.158379
0.145908
0.37398
0.359483
0.184728
0.187774
0.436208
0.396908
0.606935
0.602014
0.071961
0.053131
0.354922
0.344423
0.22861
0.326777
0.04659
0.054029
0.236069
0.197708
0.166704
0.203406
0.361096
0.325764
0.530144
0.53
0.33681
0.419253
0.5654
0.205626
0.019234
0.022897
0.351899
0.388621
0.692281
0.484978
0.28657
0.284798
0.069693
0.068607
0.094427
0.079682
0.045124
0.043179
0.23891
0.309435
0.079853
0.059664
0.276174
0.292707
0.435497
0.452229
0.170498
0.151107
0.45753
0.456282
0.456621
0.477073
0.250657
0.244747
0.055538
0.054629
0.196825
0.180264
0.060645
0.081509
0.616912
0.581696
0.276017
0.29714
0.337846
0.420715
0.660786
0.510428
0.23223
0.197012
0.145624
0.199242
0.038041
0.037763
0.365199
0.339756
0.532233
0.541838
0.373536
0.332787
0.264033
0.274015
0.530841
0.530703
0.470739
0.457181
0.194566
0.208822
0.679661
0.689819
0.057663
0.056414
0.30423
0.281877
0.481937
0.485642
0.250134
0.2585
0.300868
0.304725
0.192543
0.182447
0.553236
0.562904
0.086032
0.496511
0.702765
0.706619
0.598867
0.573492
0.191673
0.202578
0.617499
0.613106
0.040462
0.132827
0.040243
0.046981
0.058881
0.06616
0.427898
0.412172
0.453988
0.402142
0.621747
0.623078
0.353895
0.359702
0.388349
0.41984
0.241595
0.226229
0.096713
0.199643
0.214437
0.19198
0.311741
0.388954
0.09634
0.08137
0.085161
0.076717
0.784003
0.787937
0.458466
0.478779
0.335988
0.35291
0.240104
0.235039
0.600649
0.139975
0.299276
0.312056
0.481619
0.459651
0.697004
0.705104
0.537499
0.541251
0.742883
0.73946
0.367449
0.396203
0.505298
0.501651
0.314084
0.290074
0.803905
0.771998
0.702687
0.675292
0.132393
0.15424
0.208023
0.202353
0.031158
0.025668
0.381815
0.266754
0.667896
0.662186
0.630869
0.606785
0.199844
0.20889
0.196102
0.186464
0.150452
0.062991
0.149104
0.123027
0.358907
0.395739
0.715279
0.66453
0.650406
0.666088
0.088116
0.099026
0.218559
0.123955
0.429632
0.351652
0.174422
0.167524
0.636989
0.600317
0.488519
0.496699
0.050704
0.056469
0.178082
0.185847
0.725042
0.620929
0.48669
0.508444
0.050367
0.04778
0.07998
0.107145
0.064137
0.074512
0.576205
0.61411
0.497013
0.486011
0.391108
0.580894
0.615594
0.540855
0.078996
0.060559
0.031573
0.038853
0.034276
0.028222
0.350005
0.165335
0.24083
0.407449
0.357836
0.346429
0.180322
0.242876
0.512252
0.571381
0.18268
0.247107
0.220316
0.218959
0.048848
0.190372
0.457168
0.458659
0.304131
0.311334
0.143787
0.124375
0.148387
0.160353
0.191354
0.102254
0.140529
0.089586
0.194532
0.209515
0.11473
0.176428
0.089818
0.108053
0.284059
0.291522
0.02872
0.026543
0.511271
0.524407
0.106477
0.108533
0.02854
0.037636
0.568232
0.524172
0.69214
0.604306
0.329461
0.249306
0.131828
0.120031
0.30429
0.31156
0.348393
0.313504
0.136321
0.157676
0.107228
0.088992
0.261877
0.225571
0.352234
0.344028
0.127214
0.133247
0.136399
0.132483
0.194569
0.15252
0.591354
0.615598
0.728606
0.671751
0.218988
0.214713
0.398799
0.430537
0.68633
0.710892
0.048475
0.048536
0.06576
0.075174
0.184175
0.174908
0.581802
0.547805
0.492751
0.456609
0.462123
0.442247
0.387959
0.391805
0.745955
0.716575
0.191027
0.218987
0.360395
0.357386
0.032442
0.059041
0.382366
0.403304
0.12857
0.108342
0.540511
0.445922
0.555773
0.559414
0.724389
0.721305
0.344737
0.3802
0.527639
0.476263
0.664411
0.62622
0.557985
0.511618
0.186418
0.159489
0.077601
0.082266
0.262982
0.415553
0.606387
0.565968
0.052177
0.117448
0.289607
0.267355
0.481681
0.443477
0.656397
0.65402
0.583428
0.583489
0.422005
0.445446
0.536824
0.511912
0.519973
0.486671
0.398165
0.468497
0.092754
0.062974
0.660611
0.662557
0.529179
0.496654
0.399077
0.424462
0.303693
0.297653
0.456281
0.372755
0.655174
0.630811
0.517303
0.513643
0.541048
0.573897
0.356356
0.325596
0.434435
0.427916
0.636392
0.721292
0.632288
0.662827
0.498524
0.369437
0.111086
0.440878
0.334744
0.294591
0.469532
0.360358
0.090117
0.094829
0.336801
0.361391
0.262146
0.273052
0.376688
0.396887
0.466126
0.481435
0.06066
0.057964
0.468419
0.538212
0.3151
0.309376
0.68959
0.713155
0.640806
0.274362
0.563756
0.528311
0.470283
0.386158
0.598191
0.30734
0.140607
0.151252
0.41402
0.395702
0.78715
0.670743
0.153818
0.18307
0.083852
0.091024
0.087835
0.099549
0.198778
0.16405
0.665001
0.648807
0.439152
0.43637
0.262152
0.673973
0.376007
0.372049
0.666014
0.698604
0.392304
0.33211
0.717613
0.712946
0.106968
0.101332
0.070763
0.079952
0.129122
0.172045
0.039821
0.043399
0.04056
0.057474
0.250698
0.267255
0.307252
0.317482
0.091308
0.104105
0.34602
0.344167
0.109468
0.054474
0.446778
0.466522
0.452686
0.437799
0.185905
0.207138
0.813174
0.808546
0.762594
0.763047
0.736281
0.743456
0.527507
0.520498
0.440921
0.406501
0.476312
0.473474
0.776784
0.762525
0.6078
0.589683
0.543379
0.594386
0.564508
0.562121
0.353955
0.345871
0.530256
0.532344
0.312311
0.379388
0.491833
0.438193
0.273096
0.279143
0.489311
0.462458
0.771167
0.734555
0.639234
0.652014
0.481036
0.496209
0.592974
0.615637
0.265327
0.283316
0.215101
0.201938
0.242227
0.20524
0.49584
0.516331
0.725459
0.715931
0.32168
0.323408
0.482256
0.452141
0.092133
0.064166
0.334109
0.401814
0.574867
0.401073
0.048053
0.055841
0.254698
0.326196
0.825199
0.817083
0.456817
0.451982
0.479541
0.447758
0.728228
0.668021
0.661536
0.645608
0.491227
0.522618
0.453436
0.43242
0.494253
0.480118
0.951952
0.788261
0.231762
0.220862
0.799688
0.698357
0.175297
0.189337
0.297246
0.272579
0.13504
0.202166
0.188339
0.163668
0.036031
0.039685
0.065607
0.074399
0.169327
0.1693
0.479486
0.423349
0.719598
0.713005
0.469271
0.428043
0.563567
0.536373
0.682181
0.663234
0.52055
0.504116
0.153301
0.546319
0.609397
0.688797
0.271569
0.27592
0.07845
0.0792
0.353964
0.343137
0.064777
0.065355
0.050612
0.187372
0.356968
0.44079
0.703117
0.694438
0.479607
0.448855
0.323955
0.332883
0.6568
0.645795
0.803698
0.789452
0.362384
0.389694
0.383193
0.300395
0.075645
0.082433
0.725248
0.703649
0.363216
0.279602
0.519651
0.521714
0.048643
0.037759
0.827081
0.755184
0.684846
0.705137
0.76686
0.812018
0.63986
0.621315
0.227334
0.236634
0.654768
0.6116
0.238478
0.255263
0.385172
0.399726
0.489044
0.637572
0.518395
0.601019
0.804216
0.791189
0.126623
0.086225
0.57056
0.554252
0.528546
0.509435
0.563242
0.550286
0.585671
0.576452
0.134769
0.129166
0.304125
0.205407
0.244129
0.253848
0.027785
0.027186
0.206792
0.116861
0.4376
0.436463
0.391333
0.362881
0.507337
0.481611
0.290588
0.264404
0.054904
0.056692
0.289659
0.280665
0.456282
0.446194
0.210112
0.214361
0.23001
0.237066
0.376255
0.366236
0.063538
0.080004
0.585763
0.56268
0.416875
0.401925
0.588796
0.612955
0.346455
0.293266
0.035976
0.034318
0.059887
0.049702
0.164057
0.242445
0.125372
0.142159
0.236849
0.245783
0.089306
0.083973
0.297743
0.314814
0.303524
0.326413
0.177355
0.150983
0.182045
0.108092
0.09406
0.108517
0.438439
0.47817
0.551018
0.55567
0.864968
0.770998
0.085322
0.047963
0.28306
0.292601
0.094012
0.105634
0.189301
0.169048
0.051424
0.055957
0.663464
0.670884
0.217472
0.222913
0.249577
0.210902
0.442277
0.455868
0.120071
0.101733
0.545519
0.547531
0.064061
0.066699
0.136389
0.087895
0.396992
0.328778
0.158828
0.180032
0.13728
0.128886
0.622298
0.658171
0.21983
0.216702
0.325969
0.340995
0.288152
0.298732
0.21668
0.240099
0.36601
0.347114
0.080186
0.08329
0.257808
0.22413
0.607003
0.467842
0.339463
0.3451
0.327299
0.314147
0.155142
0.146331
0.079253
0.072433
0.045072
0.042407
0.351616
0.422531
0.621075
0.60076
0.403798
0.412317
0.373344
0.374992
0.469282
0.438522
0.295072
0.297732
0.383769
0.326831
0.421629
0.335519
0.509972
0.477032
0.789427
0.784274
0.609953
0.606187
0.09631
0.091067
0.079513
0.078657
0.707213
0.702304
0.450292
0.061323
0.412977
0.395841
0.226489
0.210695
0.323826
0.331237
0.042859
0.04331
0.389522
0.377989
0.204774
0.168353
0.212633
0.240579
0.275128
0.28805
0.224533
0.199149
0.092251
0.072983
0.496632
0.491654
0.520144
0.49841
0.110833
0.105351
0.106516
0.087405
0.302353
0.30525
0.229583
0.13009
0.380708
0.265237
0.067883
0.068084
0.030604
0.029956
0.522953
0.533193
0.086275
0.066494
0.120986
0.182623
0.153957
0.140211
0.119262
0.092314
0.158172
0.187752
0.799375
0.750594
0.630261
0.640863
0.093398
0.096358
0.710042
0.665955
0.244326
0.259708
0.042323
0.048857
0.169989
0.162503
0.247115
0.211715
0.442278
0.427039
0.834974
0.868942
0.404911
0.395975
0.643818
0.607779
0.248537
0.618672
0.595688
0.556828
0.573036
0.570313
0.142868
0.134484
0.159368
0.157451
0.401243
0.410568
0.638931
0.644272
0.717043
0.74197
0.242795
0.230942
0.135869
0.162183
0.105771
0.107681
0.406403
0.349477
0.034494
0.035919
0.171119
0.140463
0.563166
0.5662
0.61809
0.597771
0.772084
0.785958
0.189106
0.252299
0.217976
0.215646
0.069281
0.084534
0.177909
0.429769
0.311343
0.272822
0.060619
0.052518
0.053356
0.054377
0.403204
0.416116
0.638996
0.643506
0.192397
0.195306
0.245477
0.234341
0.466573
0.415042
0.447958
0.450416
0.689842
0.567209
0.130629
0.162242
0.363202
0.347686
0.334623
0.350091
0.782704
0.761895
0.032693
0.031333
0.142385
0.163083
0.162844
0.14462
0.034287
0.032579
0.545979
0.584689
0.060446
0.071058
0.270651
0.294312
0.253146
0.270002
0.223108
0.234124
0.572385
0.582345
0.074546
0.061954
0.121071
0.133702
0.152193
0.157162
0.815877
0.735538
0.239865
0.304804
0.078085
0.07758
0.432996
0.476265
0.150434
0.146791
0.084847
0.332492
0.727621
0.747768
0.550633
0.521626
0.030997
0.064701
0.147707
0.136109
0.098058
0.084511
0.464819
0.496012
0.046557
0.087891
0.061211
0.031919
0.087611
0.063721
0.094527
0.100564
0.092804
0.095248
0.662958
0.67547
0.147627
0.141969
0.167407
0.074819
0.388567
0.337922
0.609808
0.580501
0.220651
0.208834
0.096449
0.101188
0.78623
0.76125
0.503929
0.485156
0.365161
0.3751
0.12472
0.123488
0.06196
0.067457
0.621559
0.609264
0.31995
0.314285
0.039829
0.035169
0.064538
0.06584
0.726213
0.744892
0.645945
0.634966
0.620345
0.640169
0.047594
0.04434
0.649348
0.440972
0.114828
0.133121
0.389448
0.396755
0.093483
0.087884
0.359761
0.351469
0.407875
0.459883
0.776808
0.590419
0.720472
0.732509
0.26128
0.290098
0.264746
0.272953
0.142605
0.169745
0.513986
0.509842
0.179582
0.187696
0.257698
0.241439
0.069196
0.067515
0.407165
0.405961
0.288114
0.38647
0.029199
0.032006
0.460556
0.467702
0.359969
0.384945
0.065111
0.081489
0.746404
0.85978
0.039235
0.045623
0.220983
0.220462
0.039589
0.037451
0.275853
0.288474
0.153582
0.125766
0.526681
0.479463
0.211864
0.211069
0.245975
0.229815
0.102685
0.344097
0.648348
0.749538
0.055056
0.060861
0.0649
0.06199
0.747574
0.754145
0.296232
0.25687
0.438781
0.400619
0.09743
0.04204
0.18806
0.206103
0.211666
0.194061
0.239747
0.258907
0.293563
0.424379
0.508524
0.449816
0.042868
0.042746
0.033099
0.033029
0.054733
0.145433
0.159949
0.153214
0.1234
0.114488
0.334405
0.186713
0.020095
0.017288
0.25645
0.248819
0.15616
0.235456
0.30168
0.242644
0.174839
0.167809
0.439846
0.459636
0.083045
0.105087
0.539835
0.573488
0.075068
0.248977
0.143471
0.196741
0.562805
0.553146
0.082162
0.093657
0.219303
0.194512
0.179
0.131585
0.712982
0.692245
0.348884
0.337006
0.059196
0.068022
0.129538
0.734184
0.270826
0.262716
0.444736
0.429494
0.446851
0.403423
0.055428
0.052411
0.017836
0.016002
0.021821
0.022145
0.060871
0.055976
0.104374
0.110224
0.070949
0.077801
0.690884
0.675353
0.127634
0.128266
0.255078
0.288259
0.057747
0.053189
0.616621
0.635561
0.023849
0.022675
0.29385
0.295962
0.217082
0.199515
0.08999
0.113573
0.176961
0.169201
0.299581
0.288542
0.086647
0.083828
0.63288
0.720196
0.835548
0.731893
0.037162
0.04455
0.270582
0.299642
0.031287
0.032347
0.155659
0.166855
0.495748
0.491391
0.028936
0.027157
0.028314
0.02964
0.253492
0.271029
0.472419
0.486055
0.276832
0.291788
0.657107
0.599301
0.053654
0.038466
0.82626
0.838741
0.04729
0.079795
0.03356
0.033315
0.257341
0.279681
0.301709
0.278364
0.694911
0.830432
0.668732
0.509693
0.187582
0.203813
0.671933
0.678172
0.352841
0.351008
0.02507
0.023577
1.0
0.875165
0.264532
0.258767
0.060054
0.063756
0.494641
0.510445
0.230665
0.268336
0.459329
0.393883
0.294039
0.401773
0.63115
0.700316
0.641437
0.822115
0.407315
0.426524
0.182157
0.207497
0.063164
0.044494
0.435827
0.423838
0.024753
0.026266
0.0916
0.093181
0.064018
0.068064
0.149781
0.13043
0.498982
0.474303
0.524871
0.369674
0.166931
0.17309
0.469253
0.408549
0.510986
0.449979
0.219135
0.224565
0.173732
0.21164
0.520864
0.474552
0.340425
0.343497
0.169541
0.176166
0.158017
0.454057
0.105788
0.091197
0.181155
0.185572
0.259431
0.11772
0.501018
0.531022
0.783044
0.759733
0.134862
0.136438
0.040593
0.026833
0.015658
0.015464
0.0904
0.104729
0.055571
0.043133
0.042215
0.040609
0.101626
0.101997
0.032354
0.037601
0.149315
0.134773
0.42013
0.407052
0.303447
0.299348
0.327828
0.365507
0.187286
0.179023
0.362541
0.37104
0.37357
0.377454
0.219315
0.24897
0.625554
0.606928
0.384034
0.34764
0.261497
0.272808
0.032233
0.027355
0.41446
0.458799
0.038732
0.049021
0.216449
0.197247
0.554454
0.549925
0.065828
0.075943
0.030375
0.029599
0.184689
0.160005
0.227322
0.324758
0.023991
0.025048
0.068756
0.064807
0.504623
0.495824
0.228855
0.21576
0.278668
0.313495
0.166973
0.183792
0.039117
0.04342
0.044842
0.042024
0.083835
0.225649
0.36715
0.377498
0.492074
0.609415
0.081543
0.081276
0.143447
0.1509
0.22702
0.258922
0.115191
0.0863
0.513333
0.468324
0.464647
0.353745
0.046259
0.054312
0.035317
0.039974
0.048654
0.04766
0.15458
0.17551
0.343812
0.367609
0.041786
0.040344
0.09674
0.090897
0.086758
0.094098
0.056732
0.069102
0.079448
0.066028
0.148916
0.156119
0.02157
0.0226
0.172672
0.173596
0.307768
0.373255
0.130111
0.140277
0.074672
0.136316
0.383336
0.374716
0.092741
0.088965
0.505544
0.509586
0.217055
0.211023
0.029108
0.030409
0.088765
0.161674
0.176166
0.161056
0.264997
0.304137
0.189399
0.298989
0.602373
0.661315
0.03384
0.035856
0.633885
0.633418
0.46614
0.55962
0.526058
0.527037
0.597908
0.619639
0.524358
0.45175
0.282182
0.312185
0.054774
0.050231
0.329985
0.330872
0.695325
0.713421
0.381869
0.410652
0.236502
0.233531
0.691166
0.686902
0.337476
0.298292
0.609722
0.621281
0.872252
0.816552
0.133453
0.126352
0.480687
0.392426
0.407331
0.301773
0.073856
0.103758
0.044562
0.040511
0.710599
0.726542
0.343546
0.319967
0.354341
0.377711
0.572578
0.542758
0.502779
0.509889
0.31538
0.345747
0.116495
0.104917
0.104137
0.142103
0.309463
0.28336
0.583975
0.631464
0.265006
0.268025
0.271765
0.243749
0.48466
0.479511
0.536281
0.539065
0.376876
0.198722
0.130821
0.133176
0.450329
0.429263
0.181514
0.190106
0.04264
0.040736
0.235433
0.235657
0.336161
0.33256
0.192103
0.201904
0.373872
0.367538
0.249785
0.248096
0.349103
0.189016
0.407392
0.409036
0.497836
0.584374
0.404482
0.415888
0.652354
0.665403
0.138021
0.134822
0.191479
0.244412
0.361776
0.349483
0.241652
0.314186
0.146811
0.083484
0.084501
0.086131
0.742184
0.783171
0.117564
0.107981
0.0826
0.070377
0.180543
0.181858
0.294122
0.33115
0.338652
0.361898
0.518539
0.04646
0.364871
0.394842
0.352495
0.343441
0.258643
0.231201
0.424639
0.41788
0.424449
0.445907
0.612363
0.626211
0.394484
0.347423
0.151022
0.088562
0.067048
0.068035
0.170757
0.140082
0.288327
0.268953
0.145748
0.153217
0.292064
0.306817
0.061771
0.08928
0.532213
0.549542
0.703195
0.700798
0.031416
0.040987
0.061563
0.057459
0.474018
0.480366
0.236698
0.096512
0.414919
0.412786
0.031328
0.033855
0.380088
0.537952
0.066836
0.074777
0.055835
0.137949
0.311613
0.325945
0.218167
0.381457
0.490987
0.5278
0.367708
0.411805
0.250477
0.288976
0.134565
0.12128
0.071025
0.064175
0.414372
0.47282
0.215917
0.2185
0.219506
0.295461
0.426578
0.413832
0.517355
0.524353
0.032745
0.034201
0.133231
0.181122
0.050749
0.049209
0.528394
0.501354
0.391232
0.339662
0.077555
0.089369
0.260624
0.274828
0.330946
0.335747
0.358249
0.19105
0.038409
0.038521
0.126662
0.112928
0.179216
0.104063
0.190609
0.196771
0.413731
0.639395
0.45221
0.444567
0.153614
0.153006
0.610113
0.565916
0.141554
0.144106
0.177231
0.44473
0.159471
0.159038
0.096855
0.12604
0.211104
0.189913
0.267346
0.270602
0.105716
0.243219
0.183763
0.270802
0.156752
0.197422
0.464127
0.549116
0.061329
0.059106
0.325634
0.318152
0.381139
0.382069
0.682317
0.616228
0.345981
0.360783
0.235143
0.247241
0.293595
0.330881
0.017332
0.019639
0.557914
0.516696
0.615931
0.791037
0.132046
0.168832
0.075027
0.088864
0.383331
0.391382
0.162086
0.157537
0.490804
0.488328
0.197872
0.197107
0.278432
0.236737
0.267905
0.214648
0.071722
0.047485
0.516098
0.468177
0.500967
0.467177
0.399761
0.366466
0.196951
0.176373
0.079045
0.043527
0.117441
0.102873
0.153646
0.166062
0.186022
0.222809
0.314069
0.35131
0.543716
0.557642
0.226548
0.216176
0.262343
0.276236
0.032968
0.033762
0.39344
0.431589
0.26841
0.274741
0.054962
0.056976
0.14002
0.1304
0.201803
0.248494
0.246915
0.257488
0.781891
0.785153
0.400264
0.422088
0.173573
0.192456
0.095032
0.095946
0.609725
0.625867
0.416838
0.40519
0.187402
0.145309
0.031919
0.028916
0.054262
0.055796
0.596711
0.535907
0.315212
0.285263
0.047488
0.037295
0.332332
0.353686
0.206201
0.208089
0.037348
0.036172
0.135948
0.13352
0.241591
0.143607
0.050341
0.048075
0.378803
0.340998
0.141584
0.140999
0.058406
0.47584
0.029885
0.0359
0.154973
0.159453
0.048083
0.048934
0.375473
0.396362
0.282441
0.296046
0.326919
0.257501
0.029508
0.026725
0.122965
0.128828
0.69356
0.710624
0.612172
0.515414
0.103687
0.101817
0.684931
0.615203
0.383513
0.163238
0.112663
0.070307
0.041147
0.032208
0.360945
0.366223
0.092866
0.084964
0.375553
0.378794
0.019588
0.01761
0.695331
0.71363
0.058519
0.076401
0.050653
0.054049
0.18599
0.174038
0.126993
0.150256
0.03609
0.033449
0.555414
0.530366
0.643468
0.644386
0.598005
0.649968
0.421223
0.464918
0.537727
0.574528
0.34102
0.352427
0.025982
0.025633
0.033003
0.034654
0.053645
0.053271
0.02628
0.026136
0.085302
0.080909
0.214034
0.231286
0.348172
0.337771
0.219991
0.680602
0.178573
0.205915
0.374421
0.347632
0.3709
0.369315
0.390309
0.429606
0.061417
0.039426
0.253227
0.267671
0.042161
0.042508
0.744543
0.748758
0.208259
0.14365
0.422457
0.393749
0.148597
0.147016
0.066432
0.045362
0.575232
0.550408
0.447996
0.480786
0.505853
0.508339
0.143842
0.117425
0.648741
0.600449
0.371026
0.228891
0.271465
0.308356
0.280344
0.2842
0.368394
0.237464
0.182204
0.482324
0.04827
0.041082
0.349875
0.317585
0.206759
0.186255
0.242436
0.090038
0.262661
0.25731
0.817668
0.726008
0.244128
0.286459
0.533911
0.411253
0.488379
0.38676
0.13235
0.091833
0.172126
0.197525
0.472914
0.490134
0.041706
0.040579
0.589792
0.478756
0.531484
0.49905
0.082716
0.093899
0.086017
0.125497
0.174372
0.161354
0.213688
0.210772
0.551624
0.547784
0.033903
0.035214
0.564161
0.574076
0.126565
0.133572
0.433528
0.428351
0.658664
0.640834
0.580063
0.583481
0.146077
0.131389
0.749595
0.758618
0.763046
0.772577
0.130549
0.104826
0.225499
0.213927
0.15511
0.106524
0.605744
0.60632
0.815842
0.731169
0.480126
0.385007
0.051071
0.049234
0.713466
0.78292
0.190792
0.135071
0.087265
0.090597
0.480384
0.180482
0.174112
0.206897
0.717107
0.570029
0.036206
0.045187
0.059655
0.05254
0.330109
0.35242
0.303817
0.293638
0.408903
0.396701
0.025968
0.029034
0.525421
0.499583
0.371784
0.383247
0.320568
0.35688
0.398984
0.405847
0.426922
0.407383
0.163863
0.174278
0.067414
0.068725
0.157667
0.123072
0.766581
0.752212
0.008161
0.021599
0.211898
0.173417
0.120213
0.146098
0.53404
0.356223
0.461996
0.469348
0.259667
0.245271
0.384977
0.256297
0.088597
0.089495
0.456422
0.339113
0.083472
0.09
0.019838
0.022238
0.081029
0.054387
0.171806
0.172653
0.055296
0.05194
0.039898
0.045296
0.616217
0.622561
0.101022
0.092167
0.330938
0.28311
0.236665
0.242982
0.141804
0.13732
0.030817
0.030564
0.171958
0.228009
0.028391
0.032539
0.798006
0.725844
0.327079
0.332995
0.553693
0.543394
0.138212
0.133828
0.241647
0.211387
0.096465
0.099048
0.051857
0.193225
0.381112
0.3898
0.09156
0.088905
0.517629
0.478266
0.016573
0.020671
0.068243
0.061357
0.085087
0.093995
0.603968
0.653347
0.03499
0.031875
0.084213
0.075845
0.648823
0.645332
0.37163
0.360667
0.573595
0.615748
0.371348
0.465561
0.634956
0.739346
0.355911
0.276026
0.224243
0.234633
0.058169
0.071524
0.05492
0.057851
0.792806
0.767808
0.167803
0.1465
0.224382
0.229143
0.051601
0.052394
0.107777
0.111354
0.087361
0.08815
0.017293
0.020088
0.537511
0.777443
0.393065
0.41822
0.43552
0.42292
0.477678
0.575615
0.052751
0.051562
0.034066
0.036065
0.092438
0.113341
0.104488
0.094548
0.549773
0.544031
0.047862
0.057436
0.381994
0.042899
0.112206
0.106606
0.14184
0.112416
0.029252
0.030448
0.25956
0.090189
0.056789
0.053651
0.462554
0.456559
0.012334
0.011103
0.517599
0.526522
0.43868
0.419363
0.696892
0.686489
0.092534
0.109414
0.857745
0.804326
0.443725
0.470545
0.438145
0.426284
0.555371
0.536887
0.440407
0.477021
0.090161
0.077198
0.19768
0.195213
0.041415
0.050664
0.23266
0.242615
0.820596
0.465844
0.036585
0.039166
0.058281
0.042217
0.042748
0.04229
0.061926
0.0559
0.03983
0.038479
0.610875
0.631385
0.797997
0.781805
0.464496
0.473415
0.074753
0.074036
