0.09754888934453616
0.1504910151264887
0.8765459298650845
0.21077632222094125
0.9677890315103103
0.7169668875736955
0.018524045420813033
0.9042898569245532
0.9892443426820886
0.9915141470070554
0.9837901554869742
0.9919578694036454
0.1353119302991887
0.04849267765454766
0.995649056893867
0.9954054085912771
0.009517796352494143
0.2223682039654035
0.20987484318977806
0.06997023858175813
0.04036737840695896
0.07587517546018892
0.9953125395168724
0.995400707248064
0.009150305739323157
0.042174720585935736
0.18420495552856014
0.24384738129355896
0.9778747364443715
0.9709691721781948
0.013608265362202538
0.007485255541084693
0.049988135326414725
0.030747725115996112
0.025714238542497964
0.05794487858964513
0.0048492883601508685
0.005240944092900355
0.9605416606156889
0.1713543388549422
0.041897293322040466
0.02401574562377539
0.9942082020081232
0.9929437294008663
0.9957073453010654
0.9888912804151587
0.9907933062340906
0.9839146192815658
0.13815497195697868
0.21754101226348466
0.25242927087229394
0.6652901893102652
0.9954492294956581
0.9955767617472802
0.9870843340587533
0.9742041441896139
0.9267365139835009
0.006297453755931264
0.9954642646878722
0.9954867448182938
0.01379666621873479
0.016642642259443098
0.9934776800628984
0.9904889184463419
0.6368013637042866
0.902868765882329
0.6533243497715328
0.5920004055641622
0.010087428941698581
0.008375990055537975
0.0002334430810588604
0.000168650573458397
0.04399442590819288
0.01246776579282583
0.9951022967629476
0.9951707848493483
0.04543243121026182
0.06224476468345521
0.9344559607909625
0.7501517516109062
0.9842488720563606
0.9862533424791927
0.9914997680473737
0.990983394901151
0.9939636624118109
0.9931103295166441
0.0011915764534230122
0.0038551027341690424
0.9881957935634266
0.9837021664020696
0.9168428882017755
0.7247168160166261
0.9558227216597609
0.9750776805860133
0.9921224706345197
0.9922049117434429
0.023067640127311804
0.0034100390439643583
0.8920007784153827
0.7975066846584835
0.014144337932800238
0.006697075479778868
0.013020377622955912
0.019470532925084348
0.004075145445692863
0.017368521329811024
0.41466663006493887
0.1660744682349039
0.0209135207246123
0.02845057212892294
0.014272537153750766
0.01947080126499451
0.9954797054321898
0.9953617233762845
0.005411111602807687
0.0032349370633491387
0.9665832122977747
0.9632527408518099
0.010617903288037838
0.003242438402794967
0.11459622968143737
0.2911932899109801
0.9431553475263772
0.9739939986972058
0.9932063157327383
0.9869240752391978
0.9836070447886872
0.9940953216057372
0.06642834568030262
0.04252560725490953
0.983222933288875
0.9835153751707162
0.9951474635207663
0.9943814249625641
0.9809699719441287
0.9605202383296361
0.9842804770018476
0.9800342279958038
0.02271677722853671
0.019711242707098352
0.0274295297216566
0.02473151084334042
0.9920663701432801
0.9939628279597862
0.24919602096333382
0.15941485174246414
0.9864677253765173
0.9871897937745924
0.9799400807757053
0.9818262056958312
0.9936452776483942
0.9901683364480635
0.9930180127310201
0.9846065651565438
0.008150229019105486
0.018085192286055683
0.9947543577722423
0.9931665795760493
0.9957337488934862
0.9950769229047277
0.9889397939821888
0.9861433985513802
0.3437206887687553
0.8544415932556895
0.9937357917053716
0.9932271228092991
0.8947098399195939
0.8123121239437191
0.9928090273422843
0.9946831942015154
0.9956112872166142
0.9955641006137778
0.06594654565683704
0.03271418904255493
0.025654048482580922
0.024721596866171973
0.05035836900103586
0.026227494231917257
0.9871888119089137
0.9949668647813841
0.005669200122706465
0.007213385443021012
0.9890528203548502
0.9877291361011449
0.9953457106664171
0.993346017808949
0.9958856496728452
0.9958856496728452
0.011824504310378197
0.011186221561100145
0.5239048267619715
0.5121804933716535
0.9907274531481749
0.9945955848421201
0.029115980550027166
0.015215704473288988
0.23136314260540833
0.15476306695970393
0.27688230925996776
0.27475428092721466
0.8615662913920417
0.804602864098705
0.9794457626033178
0.9851151763837042
0.9954799019093906
0.9958107442375973
0.20142902882642885
0.040730469450412185
0.010219408381778018
0.01073766430880597
0.011697819485847173
0.015882805261892025
0.0025063282810356934
0.004816648362772484
0.47334312668002887
0.7728739067882425
0.004996850152010053
0.006504192088077698
0.00916993200947838
0.013046315331337738
0.98759550578221
0.9892177153543065
0.989313354388484
0.968088970658537
0.9954797054321898
0.9954797054321898
0.01870330545268017
0.03480151577569907
0.007234273472395482
0.028283838974327933
0.9943136116198596
0.9923827378847495
0.001970371014801687
0.0014218499990943016
0.9914239440703397
0.9860587674259875
0.0018491415372706155
0.0046703518983860935
0.993642524764326
0.9936851973807783
0.885869737794937
0.8533058339790502
0.7022084435745753
0.14316110176977623
0.9951085382102682
0.9951138125885053
0.9879743104450391
0.9862180744718995
0.9899135590346413
0.9894642865348722
0.0034561390324661604
0.004012610324281375
0.5560762250080002
0.5543930949286462
0.9952439850030423
0.9956841823891694
0.9917898005232312
0.9859671793183331
0.01020791207199886
0.018140742713709475
0.992474519669179
0.9916886592859563
0.03251651302842405
0.04759931814716864
0.017770657908299813
0.01329553949102837
0.9907705822194472
0.9902765977093078
0.0014233418966890213
0.004135276125342473
0.9905290037405562
0.9866102051043834
0.9889674147790319
0.9750932604235616
0.020878160759413678
0.0263666859568479
0.9936401336748635
0.9910734361153536
0.9944147781557303
0.9907096918300173
0.9931182930267809
0.9913068407436453
0.9873211991651771
0.9786093246201426
0.007440952000036257
0.005331315455581083
0.010627903723624817
0.0051065235008968994
0.9938891258429471
0.9945019135732928
0.0447782595494896
0.031778629218719955
0.9954797054321898
0.9959523901676007
0.9950690939828837
0.995291334127656
0.5574408062054387
0.7290376100492443
0.9849733011749221
0.9866606504096188
0.009896166836041616
0.014747401298141463
0.01280197585990261
0.031016438147648966
0.03066481214077888
0.02939450884389172
0.006414908738413123
0.016941273647578425
0.004412871980832628
0.001523619001913726
0.9952123943776038
0.9952558965025842
0.1605081665421608
0.03542202395224318
0.024740538545286128
0.9406711373212947
0.017242674706994976
0.01205209004988268
0.8971560868515763
0.920652746235158
0.9917852356679921
0.9909294104968615
0.982349657282803
0.9786928116423737
0.032367301581841215
0.03192014339275847
0.9658884020071227
0.9778790930366147
0.2971838891256799
0.97659850269122
0.013025041748988955
0.05319242265675859
0.9957543884243828
0.9954006167727258
0.004866015314383886
0.012929956380536888
0.9497351996925356
0.9220674913124318
0.9878909803853544
0.9875417678502035
0.9484839087286964
0.701754222260466
0.9957001144073565
0.9959535886589239
0.9935460936642339
0.9796473664617251
0.33402814465728076
0.02155462854859951
0.01805795116921953
0.014761238306727762
0.9910579757470765
0.9948492061785305
0.5331053748578833
0.01881780728814071
0.031516133072942924
0.043250606973104976
0.9913015205613591
0.9912196973364916
0.01661438479364761
0.016727318950464396
0.05406032664319027
0.04908519179652172
0.020296039394096976
0.021570911576730807
0.9892287494538287
0.9917026792586622
0.026759668577020626
0.014023500227807887
0.9763129907810575
0.9852936726506138
0.9939920736692337
0.9883730387315847
0.009567641134681925
0.022398374445074684
0.035800135418429906
0.5541077300948722
0.945720839672711
0.9601928708107013
0.25195895872681856
0.21943691819730682
0.9912766070353304
0.989773109282717
0.9703701998130593
0.9817519973092369
0.7750093627199377
0.8628682428654157
0.02516667535940174
0.010452777385612781
0.9901468157622524
0.9948744656210418
0.017530902724401012
0.9742707880286298
0.032987829338589056
0.022262948200236183
0.994670447286622
0.9865477234741462
0.16791945023689497
0.13302080916926795
0.1141812427139307
0.03073143649378988
0.01683105934018384
0.019277559713850183
0.41215821271141295
0.011741125189612265
0.9958463642256009
0.9953901278642738
0.004403755782268214
0.001624145262215646
0.9948225718026594
0.9920489089850412
0.9933176873469108
0.9927900708997407
0.9917056870172559
0.9834298026257068
0.9956841823891694
0.9957337488934862
0.9940445000435029
0.9935173471434259
0.962541269670737
0.868776687689191
0.03298673897803202
0.03061432294249813
0.017496699458755104
0.013354988588254372
0.0020097395554386404
0.001815142939060104
0.9927885771190829
0.9905604831076272
0.010355329119644005
0.0047470297064439735
0.27767914558754914
0.07796719226862851
0.009859299914533628
0.013381195778899681
0.03986690891113369
0.06684950392592649
0.9954006167727258
0.9958856496728452
0.8576437861774932
0.7071261210982998
0.021895087666583133
0.045053474406703924
0.013731522699848737
0.0058190446068065145
0.9959554167538514
0.9956062752801469
0.010509175842590675
0.006826685531358058
0.9867275347215176
0.9794903794274981
0.9774336664580806
0.9797139032378159
0.01656121251448987
0.011888606116296208
0.978390190510742
0.9726697383033971
0.9891321157212459
0.9926238248743962
0.05822619367731546
0.015082658422079138
0.017277620205694955
0.04241933475330987
0.10294906428816625
0.2549849616879694
0.00910708609262669
0.006169254751140122
0.9845579903943077
0.9901904619198051
0.03038899546775586
0.018365413197656447
0.0031326005006132498
0.012104106561748509
0.00043484409104589244
0.0014726518673206911
0.0001301094252843288
0.001308321063335962
0.0029279834869011625
0.011145911976882828
0.31762855383582095
0.537340521116537
0.3333875162359883
0.2904070461136025
0.03060640140057266
0.032100554561948144
0.013686261937334208
0.02204447591007687
0.011519194128142432
0.0030971375510786487
0.9904356178529605
0.9859002248367136
0.005114403374100107
0.008554813915816398
0.9880701829359246
0.9947106281890941
0.008591081592958589
0.014950262715776383
0.9917322569233149
0.9889327053631567
0.020166822164064884
0.0241809556151086
0.9884984365524496
0.9909611014300721
0.995579434905235
0.9893253153214325
0.989541483824909
0.9895757598055885
0.03850466568149867
0.009439246401942996
0.03132804042461459
0.10736594526759789
0.004988803888031968
0.004568286831857974
0.013879150340313647
0.03633796405856582
0.0726452800516699
0.05070763419551672
0.011700953728210431
0.008843615805862891
0.9942557686172114
0.9930299133956483
0.9802114475587456
0.9748358342219532
0.9897868818228538
0.9851606455487558
0.0029268745816147914
0.0046279448505799105
0.03710696544027752
0.05137226458383454
0.5868084154907894
0.7009492144565432
0.03045549427760878
0.020219243016042714
0.32339540354844876
0.10910899716286106
0.08018941252472214
0.04976316436229612
