0.06353978641145992
0.20815639172686623
0.9699937576344474
0.993498511335279
0.16477181630836163
0.21202885558568593
0.996831532475502
0.996831532475502
0.686793436579339
0.04855824414962387
0.9893007813564533
0.9947640208431564
0.008775182481265808
0.005960797964106345
0.01931696647384049
0.5043460565464661
0.13439218237808775
0.29086028620926135
0.08935086763746014
0.3511327262200723
0.5928071052744979
0.5261618958895519
0.38589894965797356
0.5413255976562802
0.0075552323360383224
0.0040228712099979
0.740277784773917
0.5744815815397666
0.9959671529485983
0.9956045409468816
0.7655276000877391
0.03486510484263956
0.1363273231044269
0.04681570000525134
0.0029606589559624764
0.0038748787757600443
0.026452953329723694
0.010319755956840105
0.023599997477467806
0.002588758272125339
0.06568226009538307
0.06568226009538307
0.9969440046561736
0.9969330784045081
0.860680915181683
0.974102500392137
0.0020966623202988764
0.0013415860051614497
0.013126385908702484
0.010588385655772362
0.032576410753794825
0.03960620259852986
0.01091315937476992
0.0018111789035126708
0.6585434047654696
0.16647553158955278
0.7136817184457223
0.8497430269695414
