0.449877
0.542006
0.15823
0.160735
0.207726
0.255609
0.324157
0.341225
0.108337
0.078939
0.13327
0.149354
0.06033
0.057361
0.149135
0.106676
0.199398
0.196788
0.119568
0.131671
0.090548
0.070913
0.108116
0.124631
0.200002
0.181343
0.095994
0.145175
0.104215
0.115738
0.193608
0.140814
0.090543
0.075795
0.319726
0.240378
0.049224
0.235994
0.252061
0.236013
0.100467
0.101694
0.128337
0.127376
0.061147
0.111964
0.305683
0.303788
0.338112
0.339012
0.474314
0.452032
0.57324
0.566821
0.414303
0.395076
0.400998
0.446697
0.48915
0.497987
0.256573
0.604137
0.421587
0.413722
0.688871
0.634757
0.284502
0.210141
0.643554
0.632639
0.401579
0.312135
0.60844
0.633922
0.486629
0.480534
0.161834
0.176406
0.216097
0.091146
0.141114
0.188093
0.233422
0.224232
0.972436
1.0
0.112818
0.25
0.228439
0.369792
0.647912
0.620855
0.588579
0.599995
0.561051
0.555487
0.330912
0.322803
0.355095
0.350931
0.45276
0.739888
0.838267
0.848737
0.197251
0.278821
0.051936
0.052722
0.5579
0.528141
0.579274
0.552717
0.024032
0.023387
0.649832
0.63026
0.458429
0.48901
0.573754
0.57632
0.208074
0.216357
0.28321
0.289133
0.460776
0.480039
