0.678939
0.628738
0.041021
0.039136
0.063587
0.060732
0.066251
0.066953
0.386053
0.368182
0.891653
0.889367
0.780333
0.776167
0.265398
0.274245
0.05907
0.059777
0.697436
0.477476
0.564213
0.564244
0.714485
0.721765
0.4009
0.412728
0.754075
0.751651
0.862581
0.862664
0.100965
0.096734
0.060139
0.058526
0.8366
0.854536
0.816487
0.80863
0.638054
0.756608
0.082998
0.098029
0.65928
0.64716
0.822206
0.874081
0.032022
0.035406
0.044434
0.043821
0.320687
0.331419
0.853398
0.508293
0.164307
0.171463
0.685885
0.69306
0.040478
0.04106
0.817273
0.855646
0.486867
0.46918
0.042903
0.043368
0.068045
0.057952
0.050306
0.051432
0.105159
0.10202
0.042375
0.044064
0.036225
0.036157
0.399083
0.387698
0.786195
0.769011
0.865852
0.860187
0.225433
0.216651
0.643657
0.439432
0.372023
0.379984
0.567492
0.552154
0.725812
0.723825
0.067544
0.072173
0.75788
0.748161
0.048294
0.049642
0.32846
0.32774
0.24515
0.235946
0.056141
0.056099
0.22307
0.267915
0.893421
0.875075
0.899791
0.892417
0.083324
0.085499
0.322988
0.280175
0.051396
0.050731
0.489076
0.489992
0.652014
0.622595
0.579697
0.586951
0.775336
0.772858
0.376646
0.381128
0.735112
0.743226
0.184367
0.17683
0.500584
0.487704
0.670826
0.681639
0.335058
0.514296
0.648255
0.659132
0.869939
0.882752
0.73372
0.781261
