0.2960875984832603
0.2315428864932336
0.9226528895873148
0.9426204029773476
0.7784123027470805
0.9528586980287115
0.07056002347269585
0.0750516427025226
0.07014742474110916
0.03276257863232233
0.972262978209184
0.9729608667734363
0.11222599959219777
0.11222599959219777
0.9973947788424875
0.9962019228746068
0.9279644595164438
0.9194258617953919
0.05436468722038064
0.21188356988903165
0.9935298354733575
0.9963968229092535
0.13494789219862893
0.10757018222171204
0.06030052450858588
0.08877825086114463
0.9860662168751356
0.9959425501484246
0.9905416878301404
0.9893130288901522
0.9431273239663809
0.8090150932316147
0.9471929070603569
0.9909792657350726
0.8793444719077589
0.754908648727568
0.9986298621665826
0.9972663730082154
0.8825102958515141
0.8699822214154854
0.5979326280303089
0.5979326280303089
0.9942846409836583
0.9951755795485714
0.7924121750958563
0.7862165453378871
0.9537635171895171
0.9064975615345359
0.9969110114420882
0.9930449348559186
0.4525806310261662
0.5714623135978383
0.4468345847897509
0.5601942129355064
0.9097576407946079
0.9718974617096816
0.9567915211454862
0.9260377587613645
0.9037993503403751
0.9078660040527675
0.9372589139511113
0.9372589139511113
0.9975629031976376
0.9963222620208692
0.9896125894147274
0.9851599175711792
0.9963545618196954
0.9953701114851027
0.9342719760065579
0.9035927372511581
0.5189039037038904
0.5796893005975597
0.9907121643650605
0.9927505758684302
0.9864408953624653
0.9818855546542476
0.9895755430926855
0.9658481253518877
0.996783716051593
0.9969682645935023
0.9769195989259856
0.9722765922698516
0.9934243055716248
0.9944444958828896
0.9416285315471756
0.9343155497771939
0.9664276180943615
0.9983362269163533
0.9879572586727259
0.9918236247137574
0.9531782907236763
0.9654830694615558
0.971593734300953
0.9525861392661762
0.9568973143744074
0.9434063069126859
0.9651429437705273
0.9142993024782776
0.9546111949683084
0.9447197031087344
0.955620216027517
0.8700370521424212
0.9916316535524151
0.9917921779559722
0.188484368182882
0.1775700757824994
0.9974977274686161
0.996927444266342
0.9977364929968224
0.99790146640525
0.9399362322420823
0.9179328658172857
0.9599090449128811
0.9661189660359681
0.9628262158213943
0.9712992721253338
0.974300361969181
0.9685525958175344
0.9864351891000666
0.9411267299367722
0.9361348653834459
0.936396651850698
0.10600778029580749
0.4495403582737017
0.967600412327413
0.9623948472091367
0.9973682755152713
0.9968615210611829
0.9900681053382795
0.9942273518158334
0.03072172627747042
0.01819874624337987
0.9938769739968152
0.9949208078482497
0.986844072211529
0.9944755043685307
0.18416596081893144
0.2850501332365642
0.9457296160658724
0.9496478792660306
0.9548455210995178
0.9017418763128052
0.9177942853480469
0.8699527238422178
0.8303905196946755
0.6859793249683726
0.2983874037200473
0.34442656976795627
0.6551182560015897
0.18353039036848867
0.9935005615929628
0.9911131761737227
0.9658025998587108
0.9899148491505049
0.9921985559581886
0.9887959395976526
0.9880751401445528
0.9880751401445528
0.9519126401888888
0.9802788601120106
0.9794676323350001
0.9793864175826863
0.9536766901847855
0.9444604677465562
0.41737427575576014
0.3403137861537933
0.990021090616494
0.9866321588600055
0.9338354278069251
0.9634529576037655
0.9724344803888685
0.964596288262907
0.9715619288499026
0.9712692002776444
0.9714220874901135
0.9746882819977947
0.9926317068530084
0.978419765919938
0.6834473184116092
0.7465731118823357
0.13357191731539736
0.10749266141384191
0.9163776982201971
0.8705776835200524
0.026871597512872325
0.025531304641042273
0.24489928254095014
0.29078807187125494
0.6524081166229778
0.6272277202523124
0.0956369103256542
0.0456142574543507
0.9964032758090685
0.9961632006311338
0.01470415745654148
0.09357879259967936
0.7007799730364722
0.7379857258412578
0.84138728620973
0.9103684049505817
0.5384941201660071
0.44037789397863925
0.03300958519058843
0.1053062021116164
0.5260266588667599
0.41891896859850364
0.9961093894839
0.9964141303515599
0.9895827949572766
0.9291961698214206
0.2999977963633474
0.3504558852644051
0.9937638346339873
0.9701550053091094
0.9856253544269755
0.9789518993023794
0.7210068707985144
0.5686323964004841
0.9754308698555221
0.9735147925173918
0.9950828327042824
0.9958666981438764
0.9922376943821639
0.9962811383342239
0.9915231191052157
0.9897440375500095
0.9952961872976976
0.9958768120264585
0.981423523398416
0.9894887296440257
0.9827474463660534
0.9656423728620629
0.43721229071195444
0.3651553171257073
0.20131986339459584
0.26419140556804155
0.9355289452024469
0.9239110611320797
0.9976222112190829
0.9983350443194443
0.9331274829904923
0.9367665212396769
0.9128366933208222
0.8878045411848343
0.969561365280531
0.9794599577261381
0.9972390562547941
0.9976153089318797
0.8809104732901112
0.8492271799853214
0.9976730985889546
0.995593103136867
0.954688133785141
0.967725089316004
0.9875504992443911
0.947202698060549
0.899138939220586
0.9276686622542858
0.9447464377082131
0.9485230748456726
0.46356902265925237
0.3420546741637585
0.9653363514471186
0.9835906247162314
0.025115824745151418
0.01746212991547292
0.9964798878819103
0.9969682645935023
0.161025082399002
0.3272674469682937
0.9959819175267252
0.9967824094617515
0.42685694396559903
0.37625968797385595
0.9739055952066754
0.9715408353196748
0.7038215208386287
0.3720875480720329
0.25277881648864353
0.12374591469919162
0.9951174852000969
0.9961999915952783
0.29777679738853163
0.13857720953064623
0.424812412856536
0.29326477542094836
0.5542422100971384
0.3182154708228032
0.41339762516035405
0.4441085490758885
0.9973288802769009
0.9965194409215418
0.846681033613452
0.7707904235942153
0.9180315820488697
0.9809065087869254
0.9951598521691822
0.9933421985627536
0.920574666489696
0.8833731207166159
0.9891894450515942
0.9921694834234226
0.9919131417888485
0.9924711247151382
0.6306012325746162
0.5801013395268951
0.7782737673013714
0.7967344741317173
0.31323762867860844
0.3904607603883703
0.9473176680302786
0.9457084746556901
0.9969768233997922
0.9971341360647509
0.9150749869298892
0.8849964460327953
0.9774424665067234
0.9838253935445505
0.41777276665502333
0.4619832209035671
0.5834339657579422
0.7732054018342148
0.9491993708278974
0.9458983322163649
0.5141009261861199
0.4790023425288778
0.976989424492833
0.9917254979466793
0.8768894226611255
0.9020767184511195
0.9969240104974897
0.9951543005993421
0.11114638565163168
0.12283511150226313
0.9980491276142127
0.9902087743810077
0.9959800845749183
0.997088194914382
0.9963936349129519
0.9962489915633027
0.04607078514408832
0.07463660780937217
0.9955559698872152
0.9953669599876747
0.05405912816735629
0.0572584390505538
0.9892413258028343
0.9962508649223282
0.1633049759068535
0.32233756324075485
0.9957239495445527
0.9961862089770711
0.9972939111510639
0.9757150834413127
0.9932304858025386
0.9938669504650941
0.8569264143378782
0.8982522109155487
0.41779289642217315
0.6767811409648358
0.9513800807994037
0.9829889230960982
0.8995376518725029
0.9313433229448235
0.8154708524109361
0.8695391255679609
0.6632123567616794
0.5932342215478071
0.9828536735696144
0.9914785456839704
0.9969405452620463
0.9976517525008216
0.9907025217107336
0.9958576458276337
0.9348957627607348
0.884564733841374
0.9789981526653649
0.9782648940063777
0.9984775498252056
0.9987008081510074
0.9782968318779769
0.9942836839488878
0.9518371428701569
0.9574027725565845
0.04821144183755186
0.046263068783494274
0.9964446584140135
0.9951668897100734
0.9924319970854554
0.9938219847162884
0.9698886503285267
0.9780641581770646
0.7193454560058541
0.3691204930383876
0.0313356962063399
0.01110466362499316
0.5317070959668769
0.41479679235510675
0.9972932674397644
0.9976222612080367
0.9260135890330363
0.9207046046136679
0.4715050030551805
0.17127463707650425
0.9913578578772249
0.9937555817871448
0.8536370597371618
0.8110422607845117
0.9897774218341439
0.9926530427710644
0.5028583406729333
0.6630637345498033
0.918390309715173
0.9971027640506409
0.9196847232413329
0.9422879926685004
0.49824002237055065
0.45175709492720445
0.9922470661706435
0.9892582166870246
0.9782773594965882
0.9781124187439362
0.9680593404302155
0.9570936628372813
0.9950909811971653
0.9955952596143577
0.984036493997748
0.9799075381877057
0.998303901686593
0.9973412711364802
0.9912163734438819
0.9912121544301392
0.9724101860957647
0.9785675980388515
0.09068882310761815
0.1298251681697987
0.974738849611437
0.9875672621370081
0.8289689946019235
0.8045564625085929
0.9963639397219857
0.996441852407602
0.9658523582297408
0.9464475677322698
0.9962303263350675
0.9967228295597542
0.9902048253799665
0.9806419795764817
0.9808106645341661
0.9364146874789747
0.9693921474111329
0.9808920233279891
0.6358707404652744
0.5156871437381058
0.988974032378174
0.985732745661479
0.9717442373466278
0.9788851181751208
0.9514875679453515
0.9514875679453515
0.9691487800669705
0.997828947986126
0.9915418716848983
0.9933440837168517
0.9976112096520242
0.9972341282252646
0.9859896426646433
0.9843614809422948
0.9294306780428285
0.9378114880955133
0.9558866935760376
0.9665455210231179
0.9580470605348612
0.9720103350548537
0.998371636161609
0.9976922140030658
0.9924308051106309
0.9905811292334779
0.9962692376356646
0.9935730228610821
0.9791853524319167
0.9760196335678799
0.9888490627628607
0.9873063024713129
0.2620676055611883
0.6001922837106365
0.3263173875520729
0.2699977487324469
0.9937000806102042
0.9954890413555573
0.787342130322332
0.787342130322332
0.9917030622999764
0.9934115367922345
0.8163834702052776
0.8064594733428222
0.9055533213441127
0.9187572623350188
0.7739933955636221
0.8932785726174003
0.9968304878612454
0.997070273654918
0.4338379193985321
0.24574922870194219
0.9933462673068776
0.9935292912728344
0.9961771785619394
0.9953219391959781
0.40864203021156176
0.29590304682894186
0.9904669288606812
0.9655963157747183
0.9903596798795372
0.9517813515744907
0.9958181479583158
0.9950762471570639
0.878860969727999
0.8924567058182712
0.7788841501137688
0.7162224333484878
0.12637852419096587
0.05234913135032523
0.14726608531680918
0.11093950946037164
0.9966256540729683
0.9979843606860841
0.901107538660552
0.8610818817119066
0.9954118815655024
0.994588797469026
0.9953948339775618
0.9916081642750023
0.9430938615882308
0.9886306847900915
0.8556079662222054
0.9134527656927373
0.969731230749069
0.9683549433687989
0.988004122821884
0.9941955372898755
0.9119878909361709
0.9713048971395069
0.9950537589245001
0.9896246971791312
0.2239982110790386
0.22985504704821988
0.9947358393673214
0.9938782702850928
0.10364458898311729
0.05426862510155343
0.4645905389724847
0.45341888974507
0.9207879889260692
0.7224697701984799
0.8828169372652223
0.8775825076652649
0.5043347580990466
0.4641887159140018
0.3202330925731205
0.3257485766102254
0.9762405932807129
0.9750460214542465
0.9437349982459968
0.9870773812723428
0.9755657704193863
0.9821738707099472
0.9977891958979198
0.9968664331118161
0.987773809110967
0.9715507702357615
0.02398486285512161
0.06726464256660529
0.7700984843304584
0.7445431576962799
0.10760729698050334
0.04371357540009466
0.9980203945401915
0.9978564233010387
0.4384086324564655
0.43897285895030796
0.1840603632891857
0.22890276661997735
0.09031061407150953
0.04455778070484561
0.04899571642169299
0.05861024755679047
0.9511839537246403
0.9438493203124265
0.8368511957429183
0.8903384268274509
0.998215438309733
0.9973575242565925
0.6082412516191145
0.4897253579521712
0.8869392242881151
0.6921845124434389
0.9206862028212203
0.808822965444557
0.9972690838582593
0.9970128553663055
0.9567444379617465
0.9133049098539081
0.8125627919192244
0.8884459002075917
0.8486099587571541
0.7678859644546484
0.9861328184068704
0.993956008254259
0.8037940821031677
0.7899062949943204
0.9893260333482751
0.99437918819107
0.9471875845499796
0.988096958264269
0.9967962860783274
0.9961021025040623
0.30083261757823193
0.22970330768878836
0.4690164664446533
0.4663378246538894
0.9523587114961946
0.9670424909040878
0.794613666299134
0.9342912025566195
0.9956255403026262
0.9959707009545132
0.920631685630087
0.9455630211302909
0.9192852959711085
0.88418850286015
0.8086109695612994
0.7032775982282099
0.9955075074737294
0.9940779355394795
0.9836277721557002
0.9835477111175129
0.7455414955275229
0.7179282327632192
0.00493950181512496
0.00884399408555859
0.9902673594743583
0.9970140535874548
0.008971866814973127
0.08830063279482876
0.9969339072922951
0.9967601214216835
0.7031566802491773
0.6962801330342141
0.913312055885327
0.8827410558404531
0.9929953407563664
0.993815364769551
0.979472150869234
0.9875090487853428
0.9944037973560901
0.9925821438409593
0.997242510438455
0.9919000094339303
0.4723184614922867
0.9784941928896994
0.9810784369967642
0.9874478540659413
0.8362783743485063
0.7808812792848988
0.9690301233460522
0.9881827701617734
0.986316787718393
0.9915479745463811
0.6038847290280095
0.6449163254926823
0.9980592482268515
0.997033099801041
0.990123377099602
0.985737616432377
0.9871028658941121
0.9911373992044867
0.9738814745308554
0.9864751800254552
0.9857266361040431
0.9874926921868032
0.4600757073651019
0.562829300480338
0.9951978212652088
0.9833025931605793
0.997162208614288
0.9972878933019609
0.9949744712875551
0.9963766901884605
0.8029942858598701
0.8063789504764064
0.9980044420637925
0.9968274180157426
0.8677851229793753
0.9327341169912982
0.874814765509378
0.9948778207992977
0.9315326431836706
0.972768529760218
0.9955951551852769
0.9969312607345548
0.9963306472331945
0.9946449306271846
0.07509964486768696
0.04064984967773893
0.9873250876019496
0.9714627546611303
0.0722127257284385
0.07816187069923632
0.9864544226009915
0.9968098854680957
0.9937696987384794
0.9653982145055316
0.9876797952441354
0.9856065090559929
0.9386317190112745
0.9763866342329032
0.12147386259570547
0.2869099468372332
0.7672496364270789
0.9234530597047329
0.8457302808553522
0.8599769467451822
0.9681754598508036
0.9630118048968191
0.9862853282179934
0.9706652077517397
0.4269190206704447
0.5344375633411182
0.9873821269672941
0.9766118447243072
0.9910685001923387
0.9958472445497903
0.9436955507088991
0.9507541951655838
0.9822869079847414
0.938334900856358
0.9950900342654802
0.9716629173712515
0.9331533331073425
0.8116492498327259
0.9652732438341013
0.9726563055317068
0.9981047420741123
0.9967889103497908
0.42600742242048467
0.9616848357453659
0.9952191408883313
0.9903490267037668
0.6651532948754525
0.30920158284554883
0.299368190969362
0.2964060284357267
0.4233126697898158
0.1651612654068388
