0.35606
0.36384
0.425841
0.437044
0.359154
0.404936
0.190996
0.175843
0.409139
0.418434
0.379343
0.383065
0.220953
0.239284
0.245804
0.225618
0.20807
0.207079
0.461507
0.494542
0.159419
0.156824
0.129383
0.121092
0.376836
0.378667
0.23245
0.21098
0.171006
0.160071
0.252783
0.257234
0.332997
0.334986
0.202312
0.216715
0.212001
0.200698
0.175909
0.20512
0.304077
0.304698
0.652408
0.64593
0.203852
0.207124
0.289121
0.272766
0.300174
0.295561
0.130693
0.13873
0.247176
0.261242
0.188793
0.187243
0.128866
0.122932
0.19694
0.197729
0.340464
0.339878
0.35576
0.34758
0.723478
0.70848
0.213935
0.225096
0.362972
0.376561
0.128491
0.142584
0.465836
0.444996
0.267473
0.280309
0.161763
0.16799
0.1318
0.134807
0.280622
0.229399
0.479669
0.469747
0.166904
0.204296
0.495032
0.499256
0.243078
0.241994
0.19742
0.216124
0.163815
0.163192
0.290692
0.287236
0.320346
0.32259
0.467133
0.47602
0.536556
0.524478
0.143925
0.151615
0.221174
0.217054
0.547428
0.393409
0.418125
0.413033
0.346272
0.345346
0.127686
0.194951
0.681532
0.684872
0.163137
0.181616
0.874023
0.878955
0.761138
0.775975
0.306548
0.307125
0.22467
0.295048
0.313276
0.31308
0.259778
0.260361
0.911667
0.934809
0.550135
0.604415
0.706372
0.845141
0.401526
0.434467
0.821524
0.806099
0.76069
0.747453
0.413661
0.453648
0.918239
0.920197
0.340417
0.255054
0.404407
0.409144
0.767543
0.748916
0.753376
0.748622
0.533856
0.582459
0.88232
0.883374
0.195216
0.204206
0.882377
0.883719
0.894361
0.898399
0.832543
0.848529
0.886789
0.897299
0.896547
0.891369
0.967808
0.96815
0.88159
0.878208
0.686918
0.59311
0.88166
0.881778
0.280026
0.287882
0.179794
0.191823
0.728311
0.749009
0.726623
0.716856
0.878526
0.884037
0.275012
0.27856
0.667921
0.657313
0.414661
0.410917
0.645672
0.643923
0.778973
0.813838
0.862985
0.861079
0.278577
0.265807
0.486586
0.469166
0.841157
0.846769
0.362591
0.393302
0.546606
0.54375
