0.518395
0.601019
0.655593
0.663892
0.799674
0.801633
0.756726
0.767234
0.706167
0.717438
0.526752
0.524531
0.517316
0.514414
0.630121
0.604779
0.574921
0.532226
0.776808
0.590419
0.737202
0.742014
0.578686
0.58867
0.770642
0.758648
0.7056
0.77003
0.756562
0.730812
0.846457
0.818181
0.474121
0.475419
0.463007
0.497808
0.828266
0.744696
0.66222
0.667211
0.512976
0.48759
0.541465
0.540969
0.521433
0.53724
0.581766
0.585606
0.6491
0.645532
0.65239
0.656821
0.506855
0.485916
0.047045
0.039001
0.644976
0.656478
0.775699
0.771792
0.722974
0.705957
0.500953
0.507787
0.444931
0.44057
0.742883
0.73946
0.736724
0.730423
0.543648
0.482531
0.249416
0.268159
0.844248
0.845583
0.287952
0.261156
0.72415
0.750864
0.08027
0.072677
0.042668
0.034099
0.46581
0.470341
0.736591
0.728634
0.734978
0.768239
0.207241
0.214547
0.551624
0.547784
0.84282
0.841414
0.68354
0.7095
0.677839
0.668576
0.681903
0.68012
0.444383
0.452258
0.496632
0.491654
0.035544
0.029522
0.787284
0.7958
0.475229
0.486423
0.019857
0.02864
0.63103
0.601119
0.031145
0.028471
0.679695
0.69174
0.71077
0.703198
0.500779
0.488637
0.59198
0.629197
0.327034
0.297502
0.599025
0.586354
