0.3092314638451641
0.3429252899852524
0.21800662881688837
0.2010290483896001
0.1639095210183258
0.05295252975680961
0.42700313260953654
0.23966282315716586
0.15700157118728414
0.24752695113669843
0.3886987131930451
0.37690788279622134
0.37550608821296017
0.24484630157533405
0.3088612332621415
0.3329996729697586
0.5151056900547376
0.24433337886112919
0.133374974815335
0.14236637121599452
0.11242861468598946
0.28751358464165905
0.33680201348687205
0.46681371605903244
0.0637197363533565
0.37729696711095345
0.5636914398444375
0.13723371944614243
0.0466951462868098
0.22946610878338322
0.21399631807881586
0.14031514394437064
0.14137075129654023
0.3737458216339573
0.7985585151263572
0.5942745769225832
0.32393972492995865
0.5556930531195176
0.08664485167524025
0.21233820460446648
0.09783216196969868
0.1821575844533704
0.3363104796114112
0.3069850662931099
0.5784648340546146
0.17301690674195377
0.09539546197134602
0.1981475411331675
0.11531253333777662
0.13217731129069102
0.9976009808626106
0.9976009808626106
0.10226842026494194
0.07563450178708549
0.9975881154187467
0.9977737683140806
0.997560146403445
0.9977122518411227
0.1225916317718987
0.5024058973048713
0.6841345890955689
0.7639188215155208
0.9977298201478697
0.9977737683140806
0.1290917050194192
0.060559572132367276
0.9854147776098688
0.6799187210932351
0.997734549570837
0.9979386219802111
0.9931331470828387
0.9917745735467375
0.9970845486374867
0.9971657209826726
0.1094329331287878
0.2618100188953334
0.9976009808626106
0.9975881154187467
0.9978752167609714
0.9957939767376767
0.9975670944310967
0.9977339239280553
0.8029514021703371
0.9018626565758012
0.997734549570837
0.9977896852197831
0.6720254874075006
0.9245498350438575
0.6666480379211962
0.6258772589008145
0.9976009808626106
0.9813028799688338
0.995729244735917
0.9957321595329971
0.0048946238251436685
0.005395254866351248
0.9975223052539046
0.9973118692417073
0.9977741452977411
0.997804898570819
0.9750649429239638
0.9536063492327095
0.9789580336178523
0.6660891040745849
0.9977046212699617
0.9828044830213533
0.9976729027296268
0.9978429736444028
0.5327080417242682
0.7977633620540905
0.10203948516605336
0.13719383853556064
0.8894506058570409
0.10182257690172129
0.9977896029943017
0.997734549570837
0.02717748756381073
0.10072432724027318
0.9977229773041961
0.997734549570837
0.0680144662647066
0.07652136809226445
0.9962806779269789
0.9977704756024275
0.09693684597932395
0.0929569919268619
0.16713073028544034
0.10940869217652793
0.824367050466363
0.6076362910335926
0.9035507425220165
0.8752454233050931
0.5838078714809487
0.8405453693870982
0.9761311401745454
0.9761311401745454
0.9960522143524864
0.9966355178438789
0.4340459222047097
0.44540679478876727
0.06561193227937981
0.059831979768335306
0.9796316881965136
0.9821099760069145
0.9976405942833471
0.9976009808626106
0.9977896029943017
0.9977811755444869
0.5443877464710287
0.9708115837443648
0.17988215090610513
0.5799115377967873
0.1772084414415352
0.23394007312060355
0.9977497768451717
0.9977894791499446
