0.09047529990002388
0.12875729827551277
0.9312763624887905
0.6209024731075291
0.8783099505967997
0.8993890805343596
0.8343444802140288
0.01385495877581119
0.06743991241516596
0.15968911310786663
0.7082279455703552
0.5946675166059491
0.04394683570723133
0.05988918138749608
0.03464581446005814
0.011306516266644953
0.047794581334326305
0.04062439636833744
0.04049169648950098
0.060601484979157974
0.8946712511613809
0.9186864816700977
0.44228845353691737
0.1805068807599267
0.7840039305334054
0.9143113461154012
0.7161244281257015
0.7659342638925202
0.9335056743939797
0.8761592229849452
0.7091053089357702
0.29802955852546387
0.917738391976596
0.9135852926241947
0.6869021899288011
0.4657376107035602
0.09193657181119298
0.09890229240165616
0.07853477308198333
0.0498146678107442
0.31056437471705717
0.20810884540632651
0.600069013114837
0.565575445376583
0.9661082322352802
0.9499170631414211
0.16433765017644045
0.22783867126137242
0.7382957716999885
0.8131431165674632
0.7874410022700844
0.8269772101983481
0.6795062413013562
0.8734114595330362
0.5020447548286778
0.1584566149105168
0.8718579966446689
0.550093876334098
0.7433057275912353
0.6280487120923517
0.7446812460436782
0.7635051186513955
0.7952853599201718
0.6235874093506273
0.783995200872273
0.8597932949859927
0.8338733286765441
0.913996841616994
0.8997119163509674
0.915956626591614
0.8800191320237553
0.8800191320237553
0.5959853864834718
0.7403000193045535
0.17384958414549478
0.30730593442637927
0.04669597645232323
0.09455075152374552
0.7508888942227622
0.8463908007522768
0.8711047351902734
0.8106080050632786
0.7725478316681177
0.8537988835845579
0.33698576456771995
0.21643263112968428
0.7935388667117134
0.85001800138191
0.7815156928099061
0.7773653302139523
0.7360413082610485
0.3524507489404765
0.46928033675369235
0.28864336735916096
0.7050122661342952
0.5551191445481176
0.7994688910776999
0.9163653278338874
0.9686046144299127
0.8955622854276473
0.06649497453033644
0.05332086575171951
0.5330237802663684
0.17790784529715997
0.7718193737729089
0.7725112886296107
0.7609723814775303
0.8865138305471402
0.050590204644944195
0.06238538613373088
0.4151917188386177
0.4945714874305751
0.7834124135224185
0.6347399061250899
0.19466522110329498
0.1537325089287797
0.16133294742673457
0.5764925020308459
0.9184181042453626
0.8369629355039637
0.323139511555559
0.3630985648645835
0.47606946327863214
0.2513659412381058
0.4952637853243597
0.6529890869199785
0.16596313457079434
0.08969225879133379
0.1413485761157183
0.1510783834035825
0.9610755966488433
0.9690842268040721
0.6756839849518272
0.2534479875798958
0.4642595270814587
0.40489612058748264
0.9593826971718485
0.9520718880667222
0.8070216821237417
0.6358930098023874
0.10325945050994399
0.16048801034334062
0.9078065221407846
0.9349821469693799
0.44427652823229374
0.7810528601944943
0.09834198723670884
0.131921819242659
0.9593622403642685
0.9749384330568914
0.9395663842700299
0.9699450948082593
0.30595229840550325
0.2655015865634941
0.6820550793514355
0.5005095998964268
0.9294229095836337
0.9124080457351883
0.295019538676493
0.2508811242102236
0.06746654310888306
0.06944433682211916
0.31765693451377514
0.15761505639277076
0.14571265760705426
0.16896902217361898
0.649753938263728
0.7293667286789843
0.6612754444058291
0.6700657648147995
0.6999069083557274
0.6929600408035486
0.9232753146671782
0.9170583142473633
0.26119293919668046
0.6216493361670378
0.1977761755669072
0.4755512168233884
0.2668995175855488
0.6329593871006041
0.7025925673765983
0.2392365065797665
0.12541946948562288
0.0769625814249059
0.7461270069033853
0.7509409825833759
0.1366810773599107
0.11695949717135197
0.4076718422374483
0.4267626581108464
0.4565573641727505
0.5702182772564702
0.12631547709042323
0.0748521873133469
0.038451764348495274
0.05139226515751143
0.8135620788321504
0.817047721701133
0.3723981264801185
0.29875982215647673
0.5305054281083005
0.6045308174831326
0.5497971853045998
0.5340667037450347
0.6501274084817629
0.598225697270212
0.9201024045602127
0.8545256266354712
0.7578142493364528
0.7177967088155783
0.05681547652623327
0.07408355763045596
0.8217548626368969
0.946898794493248
0.5589588583594028
0.562819288808917
0.06844094192896936
0.061470070618838954
0.6279885463283529
0.6868151745243123
0.06447537735044413
0.11035343856390203
0.1391934907412369
0.04374641920909134
0.09440948462575607
0.5527355309666192
0.36890372801995863
0.537788835315978
0.4372463894733058
0.46469727484820245
0.24630503340314858
0.05451738746380398
0.8065299781706986
0.6665282197404978
0.5399633111374509
0.5880989302126728
0.6968071810009737
0.3878734374420217
0.1671538044788722
0.08445753490532215
0.9808209862246123
0.9814800090370932
0.9793068000276202
0.9796700186757435
0.5300297404420242
0.5138009122595225
0.5929629071505793
0.6885576776891535
0.894350581304907
0.8440920617109053
0.8414374498456921
0.9170622904516083
0.7779111842402375
0.6624442685508044
0.48069580783789073
0.4418599380161991
0.8036210920487242
0.7428569661761371
0.9593929831417102
0.9591205002827526
0.4418976743379518
0.2982957124957564
0.7795210320522391
0.8620101686236135
0.7284215400086509
0.7457704856955076
0.7534073650696735
0.3968903984527993
0.1376022172509128
0.09150976286077322
0.19915076609943028
0.22197207963460974
0.003751588790327929
0.09346440995783188
0.038977608148525376
0.01363350258645224
