0.455525
0.382652
0.569513
0.572507
0.445012
0.516662
0.411747
0.426886
0.548441
0.461861
0.439493
0.431334
0.689579
0.68669
0.4477
0.437329
0.337107
0.370665
0.448349
0.444576
0.742991
0.719369
0.361747
0.342159
0.566182
0.521718
0.248354
0.269277
0.88111
0.584441
0.297092
0.28703
0.716798
0.718885
0.630963
0.52974
0.440132
0.491555
0.450648
0.441339
0.556341
0.528908
0.514387
0.485236
0.557058
0.556439
0.526081
0.546558
0.498851
0.550297
0.551356
0.482946
0.732468
0.727796
0.743532
0.775769
0.861465
0.86409
0.908138
0.905186
0.864198
0.821044
0.790922
0.761767
0.718108
0.703688
0.644192
0.701214
0.510949
0.508037
0.773563
0.78118
0.589862
0.590778
0.527608
0.610454
0.670476
0.672844
0.656716
0.633294
0.417815
0.437721
0.429699
0.430377
0.446639
0.426173
0.681284
0.687699
0.432979
0.461486
0.831775
0.836862
0.401914
0.449483
0.591058
0.536895
0.484756
0.466611
0.869591
0.872209
0.400247
0.433328
0.698318
0.706168
0.604813
0.646084
0.444956
0.469625
0.453947
0.448324
0.556881
0.57002
0.577127
0.36715
0.531758
0.533269
0.572094
0.555612
0.938098
0.837228
0.464298
0.462281
0.371977
0.400279
0.366364
0.381966
0.473898
0.479242
0.973315
0.993041
0.380811
0.317409
0.464888
0.461574
0.884914
0.865968
0.491731
0.492822
0.485646
0.473875
0.520792
0.531165
0.485911
0.466777
0.506516
0.503834
1.0
0.99902
0.747841
0.694555
0.658828
0.781153
0.44011
0.44174
0.518647
0.532327
0.565499
0.584799
0.469952
0.378713
0.756875
0.735273
0.855602
0.865991
0.482785
0.481649
0.670491
0.660552
0.674158
0.705782
0.577739
0.544107
0.767976
0.81603
0.642917
0.650272
0.740753
0.743013
0.490079
0.383058
0.76282
0.729871
0.386196
0.376108
0.586591
0.584824
0.613164
0.606974
0.405467
0.415674
0.555424
0.528704
0.437746
0.484325
0.400286
0.357759
0.529296
0.527432
0.52778
0.48205
0.505061
0.539891
0.634149
0.653249
0.52442
0.427577
0.849776
0.858789
0.530943
0.531501
0.589893
0.587683
0.53572
0.367018
0.635861
0.550183
0.520823
0.511001
0.811925
0.825892
0.81214
0.813146
0.494129
0.517279
0.647081
0.647448
0.937995
0.938265
0.782577
0.80575
0.57552
0.571809
0.557586
0.517042
0.836594
0.930313
0.662692
0.639807
0.479371
0.446892
0.934785
0.9286
0.718079
0.776473
0.471961
0.453352
0.851312
0.847434
