0.004222927535526508
0.005263281606306642
0.10521092477990189
0.08483080021991435
0.017593607462799345
0.021358984813611353
0.015940151499410506
0.011144087948256108
0.0853938206888219
0.1065030424541466
0.9746695838018852
0.5334746837503673
0.9502188489077311
0.829748429884305
0.006191984153474485
0.11800693883517281
0.8682405622301408
0.6257494663354989
0.9796744301561421
0.9780382180751246
0.9903009465767199
0.9833043325583004
0.9383444354891097
0.9525345466209125
0.986190056294097
0.9752073743191924
0.1905106465194334
0.04329878625598853
0.6141458923315795
0.8475120404721646
0.9667530938487637
0.9533678190624187
0.9644805114455526
0.9471012954937722
0.0005514874496908283
0.002359125995238122
0.01419030511858528
0.02828541352410738
0.024851274502572396
0.007784426922050985
0.6773736231755142
0.4674896122219605
0.9797893708689034
0.9780356021653391
0.9499353125236024
0.9020151611874551
0.007800414475051205
0.017476330609229512
0.9093424080994243
0.9268049590576817
0.9879283697141579
0.9879020348975891
0.002883929467272308
0.0026713283264324086
0.8365237783397553
0.768558820732172
0.18367851519824718
0.11889807880087322
0.11731741691570081
0.14870711930655875
0.9768413634568268
0.9704187424678861
0.1617705031266409
0.2658053831365484
0.8911461256443912
0.9254540095340357
0.5717094970091092
0.6885692655717751
0.10674679969628331
0.3009320034125576
0.5096607381434558
0.5322062227969302
0.9248987463769105
0.8448086482144824
0.9128763939103441
0.9416368785481984
0.17162930080837696
0.6359183397096531
0.3477434661126159
0.2704105774122131
0.005246884988189678
0.01805818182850916
0.9719918994823654
0.9825903840557841
0.9631942820726269
0.9397540185373079
0.9337948684649133
0.9439496988058215
0.9755171135030137
0.9752316465356983
0.01971249346345344
0.0065948743729793615
0.9588780545410311
0.959060651301324
0.406821414304544
0.5956346057985702
0.4135718417476644
0.5091178047867252
0.06825293762969216
0.0684291985947218
0.8581412381980407
0.9302131209633543
0.15915420556706913
0.06707752136012426
0.2271816294458259
0.09308328299446585
0.5426509851647426
0.11916347294414543
0.13320677794152247
0.09940857453537293
